0.000000000000000000e+00,6.954116821289062500e-01,3.211760520935058594e-01,1.609151661396026611e-01,2.031815648078918457e-01,1.070385947823524475e-01,-4.371804371476173401e-02,-3.685249388217926025e-01,-1.941091753542423248e-02,-1.693615764379501343e-01,2.606885135173797607e-01,3.043871559202671051e-02,1.719858199357986450e-01,-3.567284643650054932e-01,3.950085490942001343e-02,6.135265901684761047e-02,2.546842694282531738e-01,1.189431454986333847e-02,2.868434488773345947e-01,3.143905103206634521e-01,5.701383575797080994e-02,1.175752431154251099e-01,-1.884873360395431519e-01,-4.436152055859565735e-02,2.062369436025619507e-01,1.604222357273101807e-01,3.018541932106018066e-01,1.062867417931556702e-01,7.320445775985717773e-02,-1.969816684722900391e-01,1.956808120012283325e-01,1.268741339445114136e-01,7.651612907648086548e-02,1.456449031829833984e-01,-2.942480845376849174e-03,-1.735981255769729614e-01,2.910697087645530701e-02,-6.775429844856262207e-02,1.761613599956035614e-02,3.123957291245460510e-02,1.975590139627456665e-01,1.350644379854202271e-01,-2.628111839294433594e-01,-1.950386464595794678e-01,-3.774224221706390381e-01,-3.882243931293487549e-01,-4.134679734706878662e-01,-3.761068880558013916e-01,-4.390343725681304932e-01,-4.251263141632080078e-01,-3.929952085018157959e-01,-4.419552981853485107e-01,-3.325466215610504150e-01,-3.689700663089752197e-01,-2.991842329502105713e-01,2.846061019226908684e-03,5.928797125816345215e-01,5.801777839660644531e-01,2.371722310781478882e-01,2.007110416889190674e-01,-9.246225655078887939e-02,-3.749261796474456787e-01,-7.268135249614715576e-02,-3.038202226161956787e-01,3.141426714137196541e-03,-5.547608137130737305e-01,1.781958639621734619e-01,6.433820724487304688e-02,4.865690469741821289e-01,3.641870319843292236e-01,-1.724078506231307983e-02,2.386394441127777100e-01,1.395027935504913330e-01,1.273778080940246582e-02,-1.226739883422851562e-01,-8.707334101200103760e-02,-2.412245795130729675e-02,-3.990094363689422607e-02,-1.787214279174804688e-01,6.896075606346130371e-02,-9.846349060535430908e-02,2.209524363279342651e-01,-1.068261563777923584e-01,2.738451659679412842e-01,-1.528390049934387207e-01,-2.103015035390853882e-01,1.671909838914871216e-01,3.400583267211914062e-01,-2.862268686294555664e-01,6.909951567649841309e-02,-4.643704593181610107e-01,-3.407139778137207031e-01,-5.166000127792358398e-01,-3.060702681541442871e-01,2.456116229295730591e-01,6.069979816675186157e-02,7.466128468513488770e-02,1.003003790974617004e-01,9.824095293879508972e-03,8.752495795488357544e-02,1.436710655689239502e-01,2.926785051822662354e-01,2.409555464982986450e-01,3.317713439464569092e-01,5.932262539863586426e-02,3.085656762123107910e-01,1.198475062847137451e-01,2.768033742904663086e-01,6.702846288681030273e-02,1.350661814212799072e-01,1.037733443081378937e-02,-6.080099847167730331e-03,-6.621098611503839493e-03,-2.751560211181640625e-01,-3.410868942737579346e-01,-1.506076473742723465e-02
6.954116821289062500e-01,0.000000000000000000e+00,1.126218736171722412e-01,4.447783529758453369e-02,8.045998215675354004e-02,3.632960096001625061e-02,-2.677913606166839600e-01,-2.894884645938873291e-01,-1.776215136051177979e-01,-3.165399432182312012e-01,5.867636948823928833e-02,1.129704862833023071e-01,-3.757265210151672363e-02,-2.508912682533264160e-01,-1.022266969084739685e-01,-7.877702265977859497e-02,2.331067174673080444e-01,2.432346045970916748e-01,2.353349179029464722e-01,4.032608270645141602e-01,-4.928269889205694199e-03,6.601772736757993698e-03,-3.516855537891387939e-01,-1.707622259855270386e-01,1.258998662233352661e-01,2.597047016024589539e-02,1.711500585079193115e-01,1.061535924673080444e-01,1.482623368501663208e-01,2.444989979267120361e-02,9.050828218460083008e-02,-3.666357696056365967e-02,2.907080948352813721e-02,1.149675697088241577e-01,-2.230882644653320312e-01,-2.660281360149383545e-01,1.402880996465682983e-01,7.514442317187786102e-03,2.235386334359645844e-02,-9.945504367351531982e-02,1.687507629394531250e-01,1.182131022214889526e-01,-1.766772866249084473e-01,-1.247552633285522461e-01,-2.866626977920532227e-01,-2.532690167427062988e-01,-2.370823174715042114e-01,-1.957764476537704468e-01,-3.016700148582458496e-01,-3.146127164363861084e-01,-2.912924289703369141e-01,-3.969834148883819580e-01,-1.000883430242538452e-01,-3.149944543838500977e-01,-3.189442679286003113e-02,1.534959375858306885e-01,7.119525074958801270e-01,7.442991137504577637e-01,3.151960968971252441e-01,2.950532436370849609e-01,-9.750825166702270508e-02,-2.646637558937072754e-01,8.441584557294845581e-02,-1.458358615636825562e-01,-2.366368323564529419e-01,-6.029518842697143555e-01,1.065569650381803513e-02,1.182258874177932739e-02,5.504045486450195312e-01,4.973178207874298096e-01,2.060861792415380478e-03,1.281745284795761108e-01,1.403362154960632324e-01,2.471744827926158905e-02,-7.733920961618423462e-02,-6.906181573867797852e-02,-5.346710234880447388e-02,-1.493242848664522171e-02,6.358213722705841064e-02,9.620977193117141724e-02,1.474018245935440063e-01,2.855471372604370117e-01,-2.491506747901439667e-02,1.110562384128570557e-01,-1.760846972465515137e-01,-3.532340228557586670e-01,8.102131634950637817e-02,1.649411767721176147e-01,-1.406174600124359131e-01,-9.878051280975341797e-02,-2.596752345561981201e-01,-3.919382691383361816e-01,-3.517425656318664551e-01,-3.505190908908843994e-01,2.142822146415710449e-01,4.367465153336524963e-02,2.522295117378234863e-01,1.807821840047836304e-01,1.745066046714782715e-01,1.491247862577438354e-01,2.859711945056915283e-01,2.138196974992752075e-01,2.995225787162780762e-01,2.759012877941131592e-01,1.524154096841812134e-01,2.035435885190963745e-01,8.106219023466110229e-02,2.668962478637695312e-01,5.308027565479278564e-02,1.831847429275512695e-01,1.211289837956428528e-01,1.519169509410858154e-01,1.140151917934417725e-01,-1.881871372461318970e-01,-2.754650413990020752e-01,3.844380006194114685e-02
3.211760520935058594e-01,1.126218736171722412e-01,0.000000000000000000e+00,5.941158533096313477e-01,6.127754449844360352e-01,6.181976795196533203e-01,2.325551658868789673e-01,-1.079403162002563477e-01,5.177994370460510254e-01,2.706549167633056641e-01,1.335241943597793579e-01,-2.222454398870468140e-01,4.276854693889617920e-01,-3.137962818145751953e-01,4.882988333702087402e-01,4.808925986289978027e-01,2.477587759494781494e-01,-1.377428323030471802e-01,2.023853361606597900e-01,3.501517698168754578e-02,1.267198175191879272e-01,2.054171413183212280e-01,2.828336656093597412e-01,5.677084922790527344e-01,3.907913267612457275e-01,6.532447934150695801e-01,3.853042423725128174e-01,9.805281460285186768e-02,1.571572124958038330e-01,-2.030729651451110840e-01,6.562126278877258301e-01,5.405368804931640625e-01,6.615027785301208496e-02,1.541201621294021606e-01,2.563470304012298584e-01,-1.526806652545928955e-01,1.518609076738357544e-01,-5.037139728665351868e-02,1.788899675011634827e-02,-7.866261154413223267e-02,1.961366832256317139e-01,2.339727990329265594e-02,-5.207307934761047363e-01,-5.159525275230407715e-01,-5.234763622283935547e-01,-6.359822750091552734e-01,-5.604704618453979492e-01,-5.662992000579833984e-01,-6.140642166137695312e-01,-6.446206569671630859e-01,-5.978702902793884277e-01,-6.011740565299987793e-01,-5.685938000679016113e-01,-6.087921261787414551e-01,-5.252026319503784180e-01,-2.721592485904693604e-01,4.876948520541191101e-02,-8.307389914989471436e-03,-2.146417647600173950e-01,-2.942698597908020020e-01,-5.067626833915710449e-01,-2.713583409786224365e-01,-2.387144118547439575e-01,-2.843506336212158203e-01,2.410360127687454224e-01,-3.864751458168029785e-01,1.907365918159484863e-01,-1.399411261081695557e-01,3.537157475948333740e-01,2.857683300971984863e-01,2.590901851654052734e-01,5.094023346900939941e-01,4.911708831787109375e-02,-2.547385171055793762e-02,-2.331139892339706421e-01,-2.073974460363388062e-01,1.071618869900703430e-01,8.750796318054199219e-02,-4.082335233688354492e-01,-3.096280097961425781e-01,-4.398767650127410889e-01,-1.378863304853439331e-01,-1.725859045982360840e-01,3.495211005210876465e-01,-2.735628783702850342e-01,-2.327127456665039062e-01,9.383117407560348511e-02,2.769963145256042480e-01,-4.740817844867706299e-01,-9.270618855953216553e-02,-2.762024998664855957e-01,-2.698770761489868164e-01,-5.066760182380676270e-01,-1.034759730100631714e-01,3.526063561439514160e-01,2.963751554489135742e-01,-5.841731652617454529e-02,1.217762604355812073e-01,1.916022300720214844e-01,3.913996815681457520e-01,3.616125583648681641e-01,5.082778930664062500e-01,5.370976924896240234e-01,5.719122886657714844e-01,2.856715917587280273e-01,4.966921210289001465e-01,2.948714196681976318e-01,5.198220014572143555e-01,2.454078942537307739e-01,-4.566738847643136978e-03,-3.531914353370666504e-01,-1.900250315666198730e-01,-4.398775845766067505e-02,-3.312083780765533447e-01,-4.745155274868011475e-01,1.997658163309097290e-01
1.609151661396026611e-01,4.447783529758453369e-02,5.941158533096313477e-01,0.000000000000000000e+00,4.290684163570404053e-01,5.899959802627563477e-01,3.999752700328826904e-01,2.687571942806243896e-01,3.782621622085571289e-01,3.845624029636383057e-01,5.926124006509780884e-02,-7.987304031848907471e-02,4.145715534687042236e-01,-1.329004913568496704e-01,2.926549613475799561e-01,5.585480928421020508e-01,1.942457705736160278e-01,-2.153859585523605347e-01,2.941723167896270752e-01,2.854270040988922119e-01,-7.288390398025512695e-02,2.433884888887405396e-01,1.658968031406402588e-01,6.473925709724426270e-01,1.874604225158691406e-01,4.815742671489715576e-01,2.144221961498260498e-01,1.412104368209838867e-01,1.823010295629501343e-01,-1.028285101056098938e-01,6.593139171600341797e-01,5.708377957344055176e-01,2.803643643856048584e-01,3.066515624523162842e-01,-2.776538953185081482e-02,-1.286395639181137085e-01,1.669004932045936584e-02,-1.047157794237136841e-01,9.191639721393585205e-03,-7.495978381484746933e-03,-5.293865106068551540e-04,-5.107417702674865723e-02,-6.075258851051330566e-01,-6.503002047538757324e-01,-6.180043816566467285e-01,-6.040112376213073730e-01,-6.077314615249633789e-01,-6.080946326255798340e-01,-5.972569584846496582e-01,-5.541908144950866699e-01,-6.202973723411560059e-01,-5.780276060104370117e-01,-5.430743694305419922e-01,-5.067602992057800293e-01,-4.996522665023803711e-01,-2.946085929870605469e-01,-1.159481853246688843e-01,-1.442908793687820435e-01,-3.239232897758483887e-01,-2.459870278835296631e-01,-5.198010802268981934e-01,1.383014619350433350e-01,3.493905812501907349e-02,1.047573387622833252e-01,-1.315611302852630615e-01,-2.376471161842346191e-01,-3.852351382374763489e-02,-1.246701776981353760e-01,3.046978712081909180e-01,2.759172022342681885e-01,2.885898649692535400e-01,4.627587199211120605e-01,-3.390057757496833801e-02,-8.322539925575256348e-02,-5.977930128574371338e-02,-3.186564445495605469e-01,4.612888395786285400e-02,1.263083964586257935e-01,-3.995942473411560059e-01,-3.409425616264343262e-01,-4.736358821392059326e-01,-1.966337859630584717e-01,-2.270167469978332520e-01,3.533740937709808350e-01,-5.681782364845275879e-01,-1.217429786920547485e-01,2.265197597444057465e-02,1.998087763786315918e-01,-4.587653577327728271e-01,8.173543959856033325e-02,-2.294681370258331299e-01,-2.486387342214584351e-01,-4.303207695484161377e-01,-2.082660496234893799e-01,2.398175448179244995e-01,1.865312606096267700e-01,-2.380549609661102295e-01,3.436547005549073219e-03,1.281873881816864014e-01,1.770517230033874512e-01,3.064443767070770264e-01,5.301109552383422852e-01,4.188790619373321533e-01,5.397164225578308105e-01,2.199550271034240723e-01,4.206587374210357666e-01,2.771761119365692139e-01,4.349129199981689453e-01,2.340539097785949707e-01,-1.041344776749610901e-01,-3.634160459041595459e-01,-3.514088094234466553e-01,-8.640478551387786865e-02,-4.950771629810333252e-01,-3.745944797992706299e-01,1.347522884607315063e-01
2.031815648078918457e-01,8.045998215675354004e-02,6.127754449844360352e-01,4.290684163570404053e-01,0.000000000000000000e+00,5.537700057029724121e-01,2.603132724761962891e-01,-2.553909718990325928e-01,5.143043994903564453e-01,4.094665348529815674e-01,-5.492855608463287354e-02,-1.299124956130981445e-01,1.149949580430984497e-01,-2.659928798675537109e-01,5.085949897766113281e-01,4.858604669570922852e-01,1.585111618041992188e-01,5.156165454536676407e-03,2.561459839344024658e-01,1.124495640397071838e-01,2.682245969772338867e-01,3.943392634391784668e-01,1.776624470949172974e-01,4.460642933845520020e-01,5.976822972297668457e-01,7.471752762794494629e-01,4.489027261734008789e-01,2.356046736240386963e-01,2.597093284130096436e-01,1.157572027295827866e-02,5.961642861366271973e-01,4.959146976470947266e-01,1.673330217599868774e-01,2.090246081352233887e-01,3.021664023399353027e-01,4.281534347683191299e-03,2.537414133548736572e-01,5.730492621660232544e-02,8.802999556064605713e-02,-9.911198914051055908e-02,1.010193750262260437e-01,-2.489496581256389618e-02,-4.650028347969055176e-01,-4.665388464927673340e-01,-5.130560398101806641e-01,-6.389404535293579102e-01,-5.628032088279724121e-01,-5.560213327407836914e-01,-5.826550722122192383e-01,-6.197500824928283691e-01,-5.775417685508728027e-01,-5.635861754417419434e-01,-5.764702558517456055e-01,-5.543913245201110840e-01,-5.135099887847900391e-01,-3.869243860244750977e-01,2.218387089669704437e-02,3.764044493436813354e-02,-2.959222793579101562e-01,-3.184152245521545410e-01,-4.419562816619873047e-01,-1.973872333765029907e-01,-3.437652289867401123e-01,-1.795290857553482056e-01,1.365722715854644775e-01,-3.742597997188568115e-01,1.486685276031494141e-01,-7.420107722282409668e-02,3.189231753349304199e-01,3.741290867328643799e-01,3.878868818283081055e-01,5.484753847122192383e-01,2.798970416188240051e-02,3.699713200330734253e-02,-3.682255744934082031e-01,-9.384761005640029907e-02,1.795695275068283081e-01,2.489540129899978638e-01,-4.475771784782409668e-01,-1.430844217538833618e-01,-3.307953178882598877e-01,-8.077999949455261230e-02,-2.127742171287536621e-01,3.429045081138610840e-01,-2.968517839908599854e-01,-1.972339302301406860e-01,-1.077257171273231506e-01,2.844503223896026611e-01,-4.683938026428222656e-01,-8.931756019592285156e-02,-3.173561692237854004e-01,-2.549085021018981934e-01,-5.107295513153076172e-01,-1.001594960689544678e-01,4.181883037090301514e-01,3.139756917953491211e-01,-4.191868007183074951e-02,2.083125263452529907e-01,9.808623790740966797e-02,3.434740304946899414e-01,3.094586133956909180e-01,5.394824743270874023e-01,4.876548051834106445e-01,5.742801427841186523e-01,2.313868701457977295e-01,4.836020767688751221e-01,2.881709337234497070e-01,5.426211953163146973e-01,2.391047775745391846e-01,1.247339174151420593e-01,-3.068317770957946777e-01,-2.194918692111968994e-01,-2.598776947706937790e-03,-4.032726883888244629e-01,-4.576645493507385254e-01,3.007977306842803955e-01
1.070385947823524475e-01,3.632960096001625061e-02,6.181976795196533203e-01,5.899959802627563477e-01,5.537700057029724121e-01,0.000000000000000000e+00,1.217110380530357361e-01,-1.511300541460514069e-02,6.576701402664184570e-01,4.957500398159027100e-01,-3.196075931191444397e-02,-3.367016911506652832e-01,3.504621982574462891e-01,-3.434372246265411377e-01,5.126703381538391113e-01,6.151883602142333984e-01,2.477222234010696411e-01,-2.278925925493240356e-01,1.224761232733726501e-01,7.703055441379547119e-02,1.304088532924652100e-01,2.896141409873962402e-01,2.101240754127502441e-01,5.330806970596313477e-01,9.815476089715957642e-02,7.239339947700500488e-01,3.147239685058593750e-01,4.392799437046051025e-01,2.285391837358474731e-01,-2.377025336027145386e-01,6.890552043914794922e-01,4.670249819755554199e-01,7.139897346496582031e-02,3.306087106466293335e-02,5.409434065222740173e-02,-2.090164572000503540e-01,-3.236536309123039246e-02,-1.566591262817382812e-01,1.727460473775863647e-01,1.932932138442993164e-01,-8.123965561389923096e-02,-1.024644300341606140e-01,-5.037024617195129395e-01,-5.042205452919006348e-01,-4.319085776805877686e-01,-5.540586113929748535e-01,-4.933282434940338135e-01,-5.159953832626342773e-01,-5.289242267608642578e-01,-5.685531497001647949e-01,-5.590400099754333496e-01,-5.613742470741271973e-01,-5.133744478225708008e-01,-4.991405308246612549e-01,-4.062092304229736328e-01,-1.856006532907485962e-01,3.812463209033012390e-02,-6.951043754816055298e-02,-2.219107002019882202e-01,-2.558960318565368652e-01,-6.076120138168334961e-01,-1.381586939096450806e-01,-5.158421397209167480e-02,-1.564088463783264160e-01,7.985712587833404541e-02,-3.067920207977294922e-01,8.422115445137023926e-02,-1.686622798442840576e-01,3.689427375793457031e-01,3.769291043281555176e-01,4.328494668006896973e-01,5.484654307365417480e-01,-6.540288031101226807e-02,-1.840554177761077881e-01,-9.023194760084152222e-02,-2.395141273736953735e-01,-1.033131405711174011e-02,6.718093901872634888e-02,-2.379788011312484741e-01,-3.169502615928649902e-01,-3.427002429962158203e-01,-1.704112589359283447e-01,-1.738709211349487305e-01,4.930026829242706299e-01,-3.682985305786132812e-01,-8.089581131935119629e-02,1.848269402980804443e-01,3.142600357532501221e-01,-3.104032278060913086e-01,1.208860725164413452e-01,-2.161780595779418945e-01,-2.190912812948226929e-01,-4.550960063934326172e-01,-1.373631805181503296e-01,3.212477564811706543e-01,3.208415508270263672e-01,-1.074287369847297668e-01,1.496962904930114746e-01,6.392350792884826660e-02,3.355995714664459229e-01,2.700079977512359619e-01,4.217482507228851318e-01,4.565200507640838623e-01,5.398976206779479980e-01,1.226116791367530823e-01,3.126091957092285156e-01,3.056076765060424805e-01,4.394464194774627686e-01,2.560139000415802002e-01,-2.640582248568534851e-02,-4.537980854511260986e-01,-2.662704288959503174e-01,-8.141569793224334717e-02,-4.584614932537078857e-01,-3.925991058349609375e-01,2.186111956834793091e-01
-4.371804371476173401e-02,-2.677913606166839600e-01,2.325551658868789673e-01,3.999752700328826904e-01,2.603132724761962891e-01,1.217110380530357361e-01,0.000000000000000000e+00,3.666905164718627930e-01,9.740816801786422729e-02,3.897551894187927246e-01,3.306549191474914551e-01,1.879176199436187744e-01,3.214862048625946045e-01,2.240905165672302246e-01,1.484924703836441040e-01,2.341113984584808350e-01,-1.198189705610275269e-01,-1.841757744550704956e-01,2.915398180484771729e-01,1.953909099102020264e-01,-3.746313229203224182e-02,1.107230782508850098e-01,2.519304752349853516e-01,3.256632387638092041e-01,2.985142767429351807e-01,1.185663640499114990e-01,5.752747505903244019e-02,-5.275838449597358704e-02,6.474097073078155518e-02,3.173539415001869202e-02,2.591984868049621582e-01,2.960813343524932861e-01,2.527171075344085693e-01,2.864138782024383545e-01,8.899753540754318237e-02,1.223223134875297546e-01,-3.922998160123825073e-02,-1.223558783531188965e-01,-7.668362557888031006e-02,-1.329933106899261475e-01,-3.178302943706512451e-02,-1.947820372879505157e-02,-3.143825531005859375e-01,-3.571482896804809570e-01,-2.728987038135528564e-01,-2.269738167524337769e-01,-3.042608499526977539e-01,-2.734651267528533936e-01,-2.359034270048141479e-01,-1.060866862535476685e-01,-1.645146608352661133e-01,-7.599143683910369873e-02,-2.115415334701538086e-01,-3.906837850809097290e-02,-2.898124158382415771e-01,-3.625671565532684326e-01,-3.621597588062286377e-01,-3.702793121337890625e-01,-3.538599014282226562e-01,-2.462253570556640625e-01,9.644111990928649902e-02,3.135376572608947754e-01,-3.747196123003959656e-02,2.403094619512557983e-01,-8.244493603706359863e-02,1.217852383852005005e-01,-1.531915217638015747e-01,-1.307650208473205566e-01,-1.554720252752304077e-01,-1.418043076992034912e-01,1.308931112289428711e-01,1.129001751542091370e-01,4.247460141777992249e-02,6.790574640035629272e-02,5.789994727820158005e-03,-9.819610044360160828e-03,1.979590952396392822e-01,2.158106565475463867e-01,-3.752256333827972412e-01,-9.563550353050231934e-03,-2.784655392169952393e-01,-1.109003499150276184e-01,-2.976273000240325928e-02,6.110553070902824402e-02,-1.738970428705215454e-01,7.464604824781417847e-02,-2.148255258798599243e-01,-7.245461642742156982e-02,-2.217395454645156860e-01,2.832768298685550690e-02,-7.302538305521011353e-02,5.450978502631187439e-02,-7.509088516235351562e-02,1.065929159522056580e-01,-1.957787433639168739e-03,3.734992071986198425e-02,-2.799064218997955322e-01,-1.507335007190704346e-01,-5.575574934482574463e-02,-3.181516751646995544e-02,-3.913159668445587158e-02,2.173205912113189697e-01,-5.055538937449455261e-02,6.441073119640350342e-02,-6.450717896223068237e-02,1.115650162100791931e-01,-8.558054454624652863e-03,-1.711995154619216919e-02,3.049887716770172119e-02,-5.684209242463111877e-02,-1.265610605478286743e-01,-2.015516310930252075e-01,7.313293218612670898e-02,-2.052380144596099854e-02,-8.835247159004211426e-02,-1.077358126640319824e-01
-3.685249388217926025e-01,-2.894884645938873291e-01,-1.079403162002563477e-01,2.687571942806243896e-01,-2.553909718990325928e-01,-1.511300541460514069e-02,3.666905164718627930e-01,0.000000000000000000e+00,-2.519693411886692047e-02,1.388132125139236450e-01,1.916270703077316284e-01,2.477189898490905762e-01,2.970216572284698486e-01,4.927150905132293701e-01,-1.669538617134094238e-01,-1.170615330338478088e-01,-2.705444991588592529e-01,-2.148918211460113525e-01,-7.388031482696533203e-02,1.262729894369840622e-02,-4.349938333034515381e-01,-2.462326884269714355e-01,2.625016570091247559e-01,2.100196033716201782e-01,-2.283274233341217041e-01,-1.833946555852890015e-01,-3.402658700942993164e-01,-1.349885314702987671e-01,-1.557510495185852051e-01,-1.962522603571414948e-02,9.417673572897911072e-03,1.223705559968948364e-01,9.336356073617935181e-02,6.978265196084976196e-02,-2.473864704370498657e-01,1.213987451046705246e-02,-3.999787867069244385e-01,-3.778236806392669678e-01,-9.848123043775558472e-02,-1.397843956947326660e-01,-2.695621550083160400e-01,-1.167265325784683228e-01,5.943426117300987244e-02,-6.451153196394443512e-03,1.815526187419891357e-01,2.867653965950012207e-01,1.677907109260559082e-01,1.537386626005172729e-01,2.909384965896606445e-01,3.656967282295227051e-01,3.059822916984558105e-01,3.040637969970703125e-01,3.546175956726074219e-01,3.359705507755279541e-01,2.752769589424133301e-01,-1.297958493232727051e-01,-3.794826269149780273e-01,-4.315445423126220703e-01,-1.107329428195953369e-01,-1.750165014527738094e-03,1.652762591838836670e-01,4.358730018138885498e-01,3.272967636585235596e-01,2.966515123844146729e-01,-2.989320158958435059e-01,3.529056608676910400e-01,-3.532473444938659668e-01,-2.125051766633987427e-01,-2.884559929370880127e-01,-3.379948139190673828e-01,-1.504125818610191345e-02,-2.426262795925140381e-01,-1.977247931063175201e-02,2.281568571925163269e-02,2.690821886062622070e-01,-6.663731485605239868e-02,-3.232215344905853271e-02,-1.702882945537567139e-01,1.974757313728332520e-01,-2.405730783939361572e-01,-9.473284706473350525e-03,-2.985544502735137939e-01,-8.893989957869052887e-03,-3.236007988452911377e-01,3.021535836160182953e-02,3.283511102199554443e-02,-7.623181492090225220e-02,-4.700575470924377441e-01,3.321154415607452393e-01,-7.872039079666137695e-02,3.451554775238037109e-01,8.368992060422897339e-02,4.344413578510284424e-01,2.370378188788890839e-02,-4.128001630306243896e-01,-2.454700320959091187e-01,-2.272137999534606934e-01,-3.966905474662780762e-01,-1.386366337537765503e-01,-2.720678448677062988e-01,-1.445826739072799683e-01,-2.665313780307769775e-01,-2.542390227317810059e-01,-3.262268900871276855e-01,-1.114359796047210693e-01,-2.718755900859832764e-01,-2.855523824691772461e-01,-3.567790389060974121e-01,-1.501627266407012939e-01,-1.998614519834518433e-01,7.827625609934329987e-03,-1.119054853916168213e-01,-1.827354915440082550e-02,2.092688530683517456e-01,2.763443589210510254e-01,-2.991863191127777100e-01
-1.941091753542423248e-02,-1.776215136051177979e-01,5.177994370460510254e-01,3.782621622085571289e-01,5.143043994903564453e-01,6.576701402664184570e-01,9.740816801786422729e-02,-2.519693411886692047e-02,0.000000000000000000e+00,4.417664706707000732e-01,4.884731397032737732e-02,-3.513543903827667236e-01,3.263048529624938965e-01,-2.418602257966995239e-01,4.989876449108123779e-01,4.774197041988372803e-01,1.235869824886322021e-01,-2.202435284852981567e-01,-7.085520774126052856e-02,-2.073945999145507812e-01,1.575649976730346680e-01,2.154844403266906738e-01,3.927530348300933838e-01,4.379830956459045410e-01,-3.951200842857360840e-02,6.980813145637512207e-01,2.374522238969802856e-01,3.465060293674468994e-01,6.857636570930480957e-02,-2.844560146331787109e-01,5.000374913215637207e-01,3.235045373439788818e-01,-9.643965214490890503e-02,-1.935461908578872681e-01,1.336500197649002075e-01,-2.111418694257736206e-01,-2.770423330366611481e-02,-8.271702378988265991e-02,2.686791121959686279e-01,2.659518122673034668e-01,2.976122312247753143e-02,-9.537705779075622559e-02,-3.290978670120239258e-01,-3.415165841579437256e-01,-2.066461145877838135e-01,-3.539849817752838135e-01,-3.408562839031219482e-01,-3.501181006431579590e-01,-3.319336473941802979e-01,-3.428311944007873535e-01,-3.042984306812286377e-01,-2.711599767208099365e-01,-3.350289165973663330e-01,-2.100501805543899536e-01,-2.973700165748596191e-01,-1.648769974708557129e-01,-7.331363111734390259e-02,-2.014129757881164551e-01,-2.942934930324554443e-01,-3.526022136211395264e-01,-4.386714994907379150e-01,-2.420189529657363892e-01,-2.203126400709152222e-01,-2.962770760059356689e-01,2.858988642692565918e-01,-8.057357370853424072e-02,3.841314837336540222e-02,-2.720179557800292969e-01,1.297817230224609375e-01,1.533455252647399902e-01,3.470056951045989990e-01,4.205743968486785889e-01,-7.764913886785507202e-02,-1.143301650881767273e-01,-2.002620548009872437e-01,-1.473875641822814941e-01,-1.028175726532936096e-01,-1.051648557186126709e-01,-1.571253538131713867e-01,-2.986357510089874268e-01,-3.130431175231933594e-01,-1.844508945941925049e-01,-2.522196173667907715e-01,3.779490888118743896e-01,-7.192580401897430420e-02,1.221416890621185303e-01,1.359663009643554688e-01,2.348194420337677002e-01,-1.360785514116287231e-01,2.108219712972640991e-01,-8.589097112417221069e-02,2.610808983445167542e-02,-2.637112736701965332e-01,6.380283087491989136e-02,2.430291622877120972e-01,3.065750598907470703e-01,1.189403701573610306e-02,1.406035572290420532e-01,-1.111084222793579102e-01,2.200600206851959229e-01,1.384881697595119476e-02,2.714126110076904297e-01,2.446488440036773682e-01,3.091835677623748779e-01,4.308605566620826721e-02,2.118891775608062744e-01,2.524002194404602051e-01,2.892196774482727051e-01,2.206370681524276733e-01,3.765614330768585205e-02,-3.332054615020751953e-01,-2.074399739503860474e-01,-1.606611758470535278e-01,-3.348329067230224609e-01,-1.834468692541122437e-01,1.550945937633514404e-01
-1.693615764379501343e-01,-3.165399432182312012e-01,2.706549167633056641e-01,3.845624029636383057e-01,4.094665348529815674e-01,4.957500398159027100e-01,3.897551894187927246e-01,1.388132125139236450e-01,4.417664706707000732e-01,0.000000000000000000e+00,5.948276445269584656e-02,-1.171848177909851074e-01,1.917392611503601074e-01,6.794366985559463501e-02,4.367071986198425293e-01,5.348495244979858398e-01,-1.155478656291961670e-01,-3.039303123950958252e-01,5.405383184552192688e-02,-6.290754675865173340e-02,1.850260235369205475e-02,2.718960940837860107e-01,3.820657134056091309e-01,3.549404740333557129e-01,1.328469514846801758e-01,4.602667391300201416e-01,2.146718800067901611e-01,1.981512755155563354e-01,-7.876311987638473511e-02,-1.779238283634185791e-01,3.323794901371002197e-01,2.390825152397155762e-01,3.490560501813888550e-02,-6.546620279550552368e-02,1.037722378969192505e-01,-1.654196903109550476e-02,-1.413346976041793823e-01,7.589389104396104813e-03,1.095543056726455688e-01,2.145856320858001709e-01,-2.217202335596084595e-01,4.088709130883216858e-02,-2.952668666839599609e-01,-3.593088090419769287e-01,-1.469881385564804077e-01,-2.486784607172012329e-01,-3.631918728351593018e-01,-3.558171391487121582e-01,-2.193419486284255981e-01,-1.804565340280532837e-01,-1.934279650449752808e-01,-1.410979181528091431e-01,-3.044088482856750488e-01,-1.050486862659454346e-01,-2.943383455276489258e-01,-2.961423993110656738e-01,-2.376106232404708862e-01,-3.307112455368041992e-01,-4.005768895149230957e-01,-3.359559476375579834e-01,-1.876879781484603882e-01,1.027863547205924988e-01,-1.186377853155136108e-01,-3.413019585423171520e-04,1.821233481168746948e-01,1.583247929811477661e-01,-1.156553179025650024e-01,-2.573899626731872559e-01,-3.634707257151603699e-02,-1.004443597048521042e-02,2.702817618846893311e-01,3.291662335395812988e-01,-2.383206784725189209e-01,-2.599073946475982666e-01,-1.262574344873428345e-01,-2.398947924375534058e-01,-7.973609864711761475e-02,1.723756454885005951e-02,-2.725906968116760254e-01,-1.105137765407562256e-01,-2.628819942474365234e-01,-7.716628909111022949e-02,-4.608550295233726501e-02,4.340520501136779785e-01,-9.505108743906021118e-02,1.844577044248580933e-01,1.027804687619209290e-01,2.343985885381698608e-01,-1.055415421724319458e-01,1.727415025234222412e-01,8.205134421586990356e-03,1.207270994782447815e-01,-8.119639754295349121e-02,1.204836368560791016e-01,-1.329889148473739624e-02,8.218855410814285278e-02,-2.979576885700225830e-01,-7.647917419672012329e-02,-9.747370332479476929e-02,9.264647215604782104e-02,-8.795204758644104004e-02,1.009587273001670837e-01,-7.395657012239098549e-04,1.114231497049331665e-01,-4.544150829315185547e-02,5.400311201810836792e-02,7.664967328310012817e-02,4.376810044050216675e-02,8.872193843126296997e-02,-2.158699780702590942e-01,-3.091304004192352295e-01,-2.766838669776916504e-01,-1.270889192819595337e-01,-2.443803697824478149e-01,-6.097465753555297852e-02,-5.940781906247138977e-03
2.606885135173797607e-01,5.867636948823928833e-02,1.335241943597793579e-01,5.926124006509780884e-02,-5.492855608463287354e-02,-3.196075931191444397e-02,3.306549191474914551e-01,1.916270703077316284e-01,4.884731397032737732e-02,5.948276445269584656e-02,0.000000000000000000e+00,2.952842712402343750e-01,6.150583624839782715e-01,1.862527728080749512e-01,2.118503116071224213e-02,-4.807233437895774841e-02,2.912464551627635956e-02,-2.488896399736404419e-01,-7.536447793245315552e-02,-8.495668321847915649e-02,-3.581370413303375244e-02,-1.041765809059143066e-01,1.224951669573783875e-01,-7.195784244686365128e-03,-6.560362130403518677e-02,-2.103750826790928841e-03,-8.096539974212646484e-02,-1.319567859172821045e-01,-4.439513012766838074e-02,-2.615881264209747314e-01,1.034330427646636963e-01,1.213080957531929016e-01,-1.092566177248954773e-02,2.953241951763629913e-02,-7.462146133184432983e-02,-5.449030548334121704e-02,-2.274955809116363525e-01,-1.920272111892700195e-01,-6.339342147111892700e-02,1.059880573302507401e-02,1.915543153882026672e-02,9.025068581104278564e-02,-4.011397063732147217e-02,9.577608667314052582e-03,2.902433276176452637e-02,1.610582321882247925e-02,-1.338443160057067871e-01,-5.870170518755912781e-02,-1.990717090666294098e-02,7.516662031412124634e-02,4.705142229795455933e-02,7.445830851793289185e-02,1.023703068494796753e-02,1.403313428163528442e-01,-7.964234799146652222e-02,-5.566598102450370789e-02,5.067660659551620483e-02,-3.781719505786895752e-02,-1.722146943211555481e-02,5.371842160820960999e-02,3.144783675670623779e-01,8.180577307939529419e-02,8.012131601572036743e-02,-7.063893228769302368e-02,4.015559703111648560e-02,-1.528647728264331818e-03,-1.403448432683944702e-01,-1.542904675006866455e-01,-1.152843460440635681e-01,-1.851478070020675659e-01,-8.636178821325302124e-02,1.034779567271471024e-02,2.231480926275253296e-02,-1.157356947660446167e-01,-1.194219812750816345e-01,-7.291737198829650879e-02,-2.005979865789413452e-01,-2.342809587717056274e-01,-3.840694203972816467e-02,-5.934191495180130005e-02,-6.186887249350547791e-02,1.740451343357563019e-02,-2.215790376067161560e-02,3.786532953381538391e-02,1.061436980962753296e-01,7.963085174560546875e-02,9.054418653249740601e-02,-2.067525684833526611e-02,2.183916606009006500e-02,2.041497230529785156e-01,-1.193905845284461975e-01,5.886167287826538086e-02,-4.558562114834785461e-02,3.687477111816406250e-02,-1.851977258920669556e-01,-3.404934331774711609e-02,-7.812067866325378418e-02,-1.656032353639602661e-01,-1.230656206607818604e-01,-1.353719085454940796e-01,-1.614364683628082275e-01,-9.538622573018074036e-03,-1.598943471908569336e-01,-1.335792988538742065e-01,-2.204080522060394287e-01,-1.566480100154876709e-02,-8.555322885513305664e-02,-1.811035871505737305e-01,-4.071325063705444336e-02,-1.139303520321846008e-01,1.583568006753921509e-02,-5.464914441108703613e-02,1.746233366429805756e-02,1.012498438358306885e-01,2.995095774531364441e-02,-2.822024226188659668e-01
3.043871559202671051e-02,1.129704862833023071e-01,-2.222454398870468140e-01,-7.987304031848907471e-02,-1.299124956130981445e-01,-3.367016911506652832e-01,1.879176199436187744e-01,2.477189898490905762e-01,-3.513543903827667236e-01,-1.171848177909851074e-01,2.952842712402343750e-01,0.000000000000000000e+00,1.490304321050643921e-01,6.482598781585693359e-01,-2.724528014659881592e-01,-7.397357374429702759e-02,-4.140529036521911621e-02,1.696822345256805420e-01,-2.354588359594345093e-02,8.297727257013320923e-02,-3.567765653133392334e-02,-2.757397666573524475e-02,-9.473504871129989624e-02,-7.365982164628803730e-04,9.554804861545562744e-02,-3.034740388393402100e-01,-2.962993681430816650e-01,-2.821559011936187744e-01,8.033807575702667236e-02,4.128630161285400391e-01,-2.138039767742156982e-01,1.108270604163408279e-02,-2.002547495067119598e-02,1.395102739334106445e-01,-3.011996150016784668e-01,8.654169738292694092e-03,1.104661747813224792e-01,1.023309826850891113e-01,-2.293737381696701050e-01,-2.303363680839538574e-01,5.896627902984619141e-02,-4.345815628767013550e-02,3.686104342341423035e-02,6.411045789718627930e-02,3.584126755595207214e-02,1.809427738189697266e-01,1.029604151844978333e-01,1.582652479410171509e-01,1.288214623928070068e-01,2.792599797248840332e-01,1.704831868410110474e-01,1.933480799198150635e-01,1.756041944026947021e-01,1.756634116172790527e-01,1.033817082643508911e-01,1.841379329562187195e-02,-9.352363646030426025e-02,1.030224040150642395e-01,3.965608775615692139e-03,3.048513829708099365e-01,3.250216245651245117e-01,4.081670641899108887e-01,1.328513324260711670e-01,4.142184257507324219e-01,-3.921664655208587646e-01,9.272041916847229004e-02,-3.617116510868072510e-01,-7.825606316328048706e-02,-1.887123733758926392e-01,-2.348019033670425415e-01,-1.318251639604568481e-01,-1.146579384803771973e-01,4.381135106086730957e-02,1.007765978574752808e-01,1.489252201281487942e-03,8.587174117565155029e-02,-4.061676189303398132e-02,4.740979522466659546e-02,-9.789357893168926239e-03,2.096582651138305664e-01,1.705462336540222168e-01,2.139575481414794922e-01,2.161073833703994751e-01,-1.699990332126617432e-01,-1.858342252671718597e-02,-5.796073470264673233e-03,-2.512671947479248047e-01,-2.150715887546539307e-01,-4.121158272027969360e-02,-6.987959891557693481e-02,1.938837394118309021e-02,-3.523312509059906006e-02,1.183715015649795532e-01,-6.172417849302291870e-02,-2.170827537775039673e-01,-1.865891367197036743e-01,-3.907936066389083862e-02,-8.282410353422164917e-02,1.442360132932662964e-01,-1.497679799795150757e-01,1.455300021916627884e-02,-1.077824011445045471e-01,-1.962802708148956299e-01,-2.121113985776901245e-01,-7.321164757013320923e-02,-1.252373903989791870e-01,-1.000725403428077698e-01,-1.210988387465476990e-01,-8.361313492059707642e-02,-7.662254385650157928e-03,2.656814754009246826e-01,1.318771094083786011e-01,2.410483658313751221e-01,1.555901914834976196e-01,-9.458753280341625214e-03,-1.966762095689773560e-01
1.719858199357986450e-01,-3.757265210151672363e-02,4.276854693889617920e-01,4.145715534687042236e-01,1.149949580430984497e-01,3.504621982574462891e-01,3.214862048625946045e-01,2.970216572284698486e-01,3.263048529624938965e-01,1.917392611503601074e-01,6.150583624839782715e-01,1.490304321050643921e-01,0.000000000000000000e+00,1.070656925439834595e-01,1.778457760810852051e-01,2.567643225193023682e-01,1.315161883831024170e-01,-4.100963771343231201e-01,-4.934478178620338440e-02,-8.882818371057510376e-02,-3.365277498960494995e-02,3.406184166669845581e-02,3.168690204620361328e-01,4.043664336204528809e-01,-1.106771379709243774e-01,2.686547636985778809e-01,-1.012412384152412415e-01,2.032587677240371704e-02,3.227905929088592529e-02,-3.360238671302795410e-01,4.327557384967803955e-01,4.470135867595672607e-01,3.979120030999183655e-02,7.752238214015960693e-02,-9.231368452310562134e-02,-1.744998395442962646e-01,-2.285850942134857178e-01,-2.780917882919311523e-01,-7.572852075099945068e-02,8.509172499179840088e-02,2.339395508170127869e-02,-3.944495320320129395e-02,-2.347842752933502197e-01,-2.407860755920410156e-01,-1.620786041021347046e-01,-1.976931989192962646e-01,-3.175601363182067871e-01,-2.488958239555358887e-01,-2.124221920967102051e-01,-1.472526490688323975e-01,-1.853351294994354248e-01,-1.414930969476699829e-01,-1.744745671749114990e-01,-5.016659200191497803e-02,-2.054141908884048462e-01,-1.115357056260108948e-01,-7.710447162389755249e-02,-1.750357896089553833e-01,-1.805212050676345825e-01,-8.960998803377151489e-02,-9.715189784765243530e-02,4.932941868901252747e-02,6.274964660406112671e-02,-9.428530931472778320e-02,3.664375469088554382e-02,-7.057008892297744751e-02,-1.594611406326293945e-01,-2.707015275955200195e-01,-2.116140211001038551e-03,-1.104628890752792358e-01,8.030502498149871826e-02,2.893868982791900635e-01,-2.764026634395122528e-02,-2.554361820220947266e-01,-4.859434068202972412e-02,-1.991655379533767700e-01,-1.987043321132659912e-01,-1.889767348766326904e-01,-1.318272203207015991e-01,-2.791179418563842773e-01,-2.771149277687072754e-01,-1.358468532562255859e-01,-5.135742202401161194e-02,2.360759824514389038e-01,-1.308035403490066528e-01,9.873284399509429932e-02,1.752006560564041138e-01,6.116573885083198547e-02,-1.273664236068725586e-01,2.767044007778167725e-01,-1.045365482568740845e-01,2.560396119952201843e-02,-1.399735808372497559e-01,6.760862469673156738e-02,-1.058323606848716736e-01,8.137271739542484283e-03,-2.136543542146682739e-01,-1.621641814708709717e-01,-3.868945315480232239e-02,-9.581759572029113770e-03,4.419230856001377106e-03,2.146595269441604614e-01,3.821412101387977600e-02,9.020145237445831299e-02,-1.161834895610809326e-01,1.208598241209983826e-01,-4.427656065672636032e-03,-6.639215163886547089e-03,4.400861635804176331e-02,-1.227792724967002869e-01,-1.885480582714080811e-01,-2.095397710800170898e-01,-6.867079436779022217e-02,-1.215087249875068665e-01,-1.474504172801971436e-01,-1.922834962606430054e-01
