0.000000000000000000e+00,5.204234123229980469e-01,4.552477598190307617e-02,1.340930610895156860e-01,1.187798455357551575e-01,8.560106903314590454e-02,1.096173152327537537e-01,1.451585739850997925e-01,-1.406709551811218262e-01,-1.403720234520733356e-03,2.633661627769470215e-01,2.500218451023101807e-01,1.023147031664848328e-01,1.643301993608474731e-01,-1.925183683633804321e-01,2.092845737934112549e-02,1.795237958431243896e-01,1.777271926403045654e-01,3.161698877811431885e-01,3.946153223514556885e-01,-1.191328912973403931e-01,-1.585599333047866821e-01,-1.228853389620780945e-01,-2.762501128017902374e-02,-1.447759717702865601e-01,1.369923166930675507e-02,8.809928596019744873e-02,9.022329002618789673e-02,2.119215428829193115e-01,1.635136604309082031e-01,2.030928432941436768e-02,-2.671863697469234467e-02,1.793153882026672363e-01,6.813991069793701172e-02,-7.014698535203933716e-02,-1.102927997708320618e-01,-6.725388020277023315e-02,2.906804904341697693e-02,-1.066437214612960815e-01,7.214179635047912598e-02,-5.379439517855644226e-02,8.303149789571762085e-02,2.077892422676086426e-02,4.000876471400260925e-02,-1.230888143181800842e-01,-2.388944616541266441e-03,6.049193069338798523e-02,1.307138502597808838e-01,-6.214138865470886230e-02,8.836088329553604126e-02,-5.161730572581291199e-02,6.960708647966384888e-02,-5.698981508612632751e-02,1.869639009237289429e-01,-1.146206930279731750e-01,1.510196775197982788e-01,5.054022073745727539e-01,4.326345622539520264e-01,2.244580835103988647e-01,1.452623903751373291e-01,3.132474124431610107e-01,7.588713616132736206e-02,2.726340591907501221e-01,1.794220954179763794e-01,5.465489253401756287e-02,-1.185431405901908875e-01,5.099433660507202148e-02,2.355741336941719055e-03,3.591122925281524658e-01,3.126300573348999023e-01,-3.406204655766487122e-02,2.466884627938270569e-02,-2.763582579791545868e-02,-4.170522838830947876e-02,-1.423799842596054077e-01,9.127264469861984253e-02,-2.100309431552886963e-01,-1.988653391599655151e-01,5.823352560400962830e-02,9.070667624473571777e-02,6.060368195176124573e-02,3.066284954547882080e-01,-8.988042920827865601e-02,6.318282335996627808e-02,-1.734258532524108887e-01,2.532774209976196289e-01,-1.254385858774185181e-01,-3.292198991402983665e-03,-2.009640485048294067e-01,1.499175876379013062e-01,2.099500782787799835e-02,1.842106506228446960e-02,-8.021900057792663574e-02,1.531655341386795044e-02,-6.398897618055343628e-02,2.075791126117110252e-03,-1.736719161272048950e-01,-3.653572872281074524e-02,-9.808412194252014160e-02,8.372616022825241089e-02,-1.769140921533107758e-02,2.952769398689270020e-02,-1.661090105772018433e-01,-4.977687820792198181e-02,-5.538552254438400269e-02,4.646596685051918030e-02,-2.325324863195419312e-01,-1.485974192619323730e-01,-3.556187823414802551e-02,5.568267032504081726e-02,-5.710439756512641907e-02,-1.367558389902114868e-01,9.183132648468017578e-02,5.974361672997474670e-02,6.728386878967285156e-02,-1.990174353122711182e-01
5.204234123229980469e-01,0.000000000000000000e+00,2.230359613895416260e-01,1.717191934585571289e-01,-1.977668702602386475e-01,-1.780244261026382446e-01,1.249999254941940308e-01,2.119186669588088989e-01,-2.132256776094436646e-01,-1.167123988270759583e-01,1.598246693611145020e-01,3.065962493419647217e-01,2.397290468215942383e-01,2.770841419696807861e-01,8.448076248168945312e-02,1.796007156372070312e-02,1.845529973506927490e-01,3.066928088665008545e-01,3.342887759208679199e-01,4.996077120304107666e-01,-2.828069217503070831e-02,5.815767496824264526e-02,-1.714043021202087402e-01,2.934677759185433388e-03,-3.271418511867523193e-01,-2.681114673614501953e-01,-7.701536267995834351e-02,-1.941867023706436157e-01,6.643812358379364014e-02,2.066466212272644043e-01,-1.897319704294204712e-01,-1.898105293512344360e-01,8.996812254190444946e-02,7.514775730669498444e-03,-1.307277232408523560e-01,3.049119375646114349e-02,4.761033132672309875e-02,2.881958149373531342e-02,-4.523583129048347473e-02,-2.731139399111270905e-02,2.571948990225791931e-02,1.166651025414466858e-01,-7.412318140268325806e-02,8.261897601187229156e-03,-2.834539711475372314e-01,-5.197016894817352295e-02,1.570105105638504028e-01,7.598693668842315674e-02,-2.282287776470184326e-01,-1.112813651561737061e-01,-1.484162509441375732e-01,-2.345378100872039795e-01,-1.980744451284408569e-01,-1.685444116592407227e-01,-6.210366263985633850e-02,-8.904471993446350098e-02,5.307446718215942383e-01,6.842731237411499023e-01,2.173058837652206421e-01,3.075780272483825684e-01,2.495768219232559204e-01,1.123210694640874863e-02,3.954615592956542969e-01,3.997720181941986084e-01,-1.011610180139541626e-01,-3.008785843849182129e-01,8.379990234971046448e-03,-2.657636627554893494e-02,2.975114583969116211e-01,2.726260125637054443e-01,-4.830554500222206116e-02,-1.875989735126495361e-01,-2.255836427211761475e-01,-2.820741198956966400e-02,4.162943363189697266e-02,8.836460858583450317e-02,-5.217305943369865417e-02,-8.188445866107940674e-02,9.905832260847091675e-02,-7.892090827226638794e-02,2.648159563541412354e-01,3.509245514869689941e-01,2.812152504920959473e-01,2.332350462675094604e-01,1.645028740167617798e-01,-1.098022460937500000e-01,5.258725956082344055e-02,-5.196653306484222412e-02,-9.246373176574707031e-02,-1.711864024400711060e-01,-7.268861681222915649e-02,-2.104234248399734497e-01,-2.458551526069641113e-01,-1.705492287874221802e-01,1.040480285882949829e-01,1.546986550092697144e-01,1.777832955121994019e-01,1.322480142116546631e-01,-1.813874393701553345e-01,-2.036291211843490601e-01,-2.285785228013992310e-01,1.804708316922187805e-02,-7.538898382335901260e-03,-1.280856430530548096e-01,1.842003464698791504e-01,1.864124983549118042e-01,7.607722282409667969e-02,-3.675596788525581360e-02,1.220654845237731934e-01,-3.214611858129501343e-02,-1.307804435491561890e-01,-4.412363171577453613e-01,-2.432880252599716187e-01,-1.951867640018463135e-01,1.149311736226081848e-01,-6.865761429071426392e-02
4.552477598190307617e-02,2.230359613895416260e-01,0.000000000000000000e+00,6.074771881103515625e-01,-2.190933376550674438e-01,-1.282251719385385513e-02,6.558722257614135742e-01,4.939110875129699707e-01,1.203819885849952698e-01,-1.068606879562139511e-02,3.923952877521514893e-01,3.429570496082305908e-01,4.024255275726318359e-01,1.988272219896316528e-01,3.771032094955444336e-01,3.164725899696350098e-01,5.827257409691810608e-02,1.213011741638183594e-01,4.011185765266418457e-01,4.754831194877624512e-01,1.779794096946716309e-01,3.295854330062866211e-01,3.614236116409301758e-01,4.936215281486511230e-01,-4.603269696235656738e-02,-2.404596954584121704e-01,-8.015497028827667236e-02,-1.656080782413482666e-01,1.859576851129531860e-01,2.966486811637878418e-01,2.187217175960540771e-01,2.874831259250640869e-01,5.605754628777503967e-02,1.238938197493553162e-01,-3.102995688095688820e-03,1.312614232301712036e-02,3.406605720520019531e-01,2.580175399780273438e-01,1.531781107187271118e-01,-1.479623466730117798e-01,2.937673926353454590e-01,-1.655728556215763092e-02,-3.231337070465087891e-01,-4.065123796463012695e-01,-2.363903373479843140e-01,-3.222112953662872314e-01,-2.953522801399230957e-01,-4.151191413402557373e-01,-5.306894779205322266e-01,-5.679894685745239258e-01,-5.322733521461486816e-01,-6.488607525825500488e-01,-5.581910610198974609e-01,-6.494047045707702637e-01,-4.828332960605621338e-01,-4.644249677658081055e-01,-4.672538861632347107e-02,-2.953522652387619019e-02,-8.383695036172866821e-02,-9.169427677989006042e-03,-9.603515267372131348e-03,4.895420372486114502e-02,2.414640635251998901e-01,2.221076339483261108e-01,1.738322526216506958e-01,-1.328133232891559601e-02,-2.136497572064399719e-02,4.135900363326072693e-02,-1.694672740995883942e-02,-1.044766008853912354e-01,5.203891992568969727e-01,3.836979269981384277e-01,1.295739859342575073e-01,3.859176933765411377e-01,1.105550006031990051e-01,2.064565420150756836e-01,4.467944502830505371e-01,3.464115858078002930e-01,1.013408228754997253e-01,-1.013408601284027100e-02,1.358959078788757324e-01,-5.826015397906303406e-02,2.990988790988922119e-01,1.296963244676589966e-01,1.515823155641555786e-01,-4.012274444103240967e-01,3.215790390968322754e-01,1.970554888248443604e-01,-2.126334607601165771e-01,-4.698981046676635742e-01,-1.516092568635940552e-01,-2.694192230701446533e-01,-2.094290107488632202e-01,-2.993367314338684082e-01,3.913928568363189697e-01,2.962710559368133545e-01,2.846198379993438721e-01,3.062543272972106934e-01,-5.782143473625183105e-01,-6.170083284378051758e-01,-1.804430186748504639e-01,-3.506976412609219551e-03,8.536502718925476074e-02,-1.170641183853149414e-01,1.661137938499450684e-01,3.400253131985664368e-02,3.062946796417236328e-01,1.505306363105773926e-01,1.952248513698577881e-01,1.450902372598648071e-01,-1.049400791525840759e-01,-5.168409943580627441e-01,-3.472364842891693115e-01,-3.839428424835205078e-01,1.371086090803146362e-01,2.306962385773658752e-02
1.340930610895156860e-01,1.717191934585571289e-01,6.074771881103515625e-01,0.000000000000000000e+00,3.534132242202758789e-02,8.603331446647644043e-02,5.513659119606018066e-01,6.874059438705444336e-01,-2.958848513662815094e-02,2.443005591630935669e-01,2.940789461135864258e-01,4.001444876194000244e-01,2.041593343019485474e-01,3.575768470764160156e-01,1.672463268041610718e-01,3.554471135139465332e-01,1.465909928083419800e-02,3.916338831186294556e-02,4.155658185482025146e-01,5.659881830215454102e-01,9.697291254997253418e-02,1.663083285093307495e-01,4.645306169986724854e-01,6.106511950492858887e-01,1.621614843606948853e-01,6.203371286392211914e-02,-8.533620834350585938e-02,-1.756225079298019409e-01,1.892578005790710449e-01,2.608044147491455078e-01,3.201445639133453369e-01,3.854367434978485107e-01,1.596729755401611328e-01,2.071249037981033325e-01,9.933258593082427979e-02,-3.317935392260551453e-02,1.906988173723220825e-01,3.121708333492279053e-01,2.190775051712989807e-02,-5.118846520781517029e-02,2.404983043670654297e-01,3.958927094936370850e-02,-2.599894106388092041e-01,-3.630096316337585449e-01,-1.464855819940567017e-01,-2.725320458412170410e-01,-3.215213119983673096e-01,-3.105241656303405762e-01,-4.612240791320800781e-01,-4.442992210388183594e-01,-5.699923038482666016e-01,-4.106879532337188721e-01,-5.855439305305480957e-01,-3.939177989959716797e-01,-5.421775579452514648e-01,-2.897869944572448730e-01,-4.321942478418350220e-02,-9.188161790370941162e-02,-1.584675759077072144e-01,2.418083837255835533e-03,-6.626980751752853394e-02,2.658937573432922363e-01,1.876340806484222412e-01,8.471074700355529785e-02,9.146320819854736328e-02,1.545570641756057739e-01,-4.357783868908882141e-02,4.244969412684440613e-02,2.832066453993320465e-02,-5.548886023461818695e-03,3.581812679767608643e-01,4.392298460006713867e-01,1.689783483743667603e-01,2.691282927989959717e-01,2.872276119887828827e-02,4.204214084893465042e-03,3.507470190525054932e-01,3.497348725795745850e-01,1.135352328419685364e-01,-9.813170880079269409e-03,-5.041761323809623718e-02,-2.809918299317359924e-02,1.287461668252944946e-01,1.922646313905715942e-01,-1.182345449924468994e-01,-4.377420991659164429e-02,1.569693237543106079e-01,3.183490931987762451e-01,-4.837530851364135742e-01,-1.861970573663711548e-01,-1.000777259469032288e-01,-9.461660683155059814e-02,-1.284501105546951294e-01,-4.612897709012031555e-02,1.584407240152359009e-01,2.376777976751327515e-01,-6.920553743839263916e-02,1.231847256422042847e-01,-6.020837426185607910e-01,-4.003012776374816895e-01,-2.634762823581695557e-01,1.297861337661743164e-01,1.880370080471038818e-02,-2.724968828260898590e-02,1.257200390100479126e-01,1.675616800785064697e-01,3.777005895972251892e-02,2.003887295722961426e-02,2.448273077607154846e-02,-1.172537636011838913e-02,-2.554962933063507080e-01,-4.344673156738281250e-01,-1.094147786498069763e-01,-2.154254615306854248e-01,1.481672376394271851e-01,3.734924644231796265e-02
1.187798455357551575e-01,-1.977668702602386475e-01,-2.190933376550674438e-01,3.534132242202758789e-02,0.000000000000000000e+00,5.341104865074157715e-01,-4.196669161319732666e-02,-2.838794514536857605e-02,1.429940909147262573e-01,3.129017651081085205e-01,-1.927201151847839355e-01,-1.349198818206787109e-01,-2.098679542541503906e-01,9.439785964787006378e-03,-9.482145309448242188e-02,1.014068201184272766e-01,-2.021222002804279327e-02,-1.576400734484195709e-02,-1.728284358978271484e-01,-9.393840283155441284e-02,3.512461856007575989e-02,-1.633090227842330933e-01,4.494078084826469421e-02,6.019646674394607544e-02,3.901521563529968262e-01,6.095908880233764648e-01,4.184198081493377686e-01,3.568679094314575195e-01,7.083629816770553589e-02,8.040444925427436829e-03,2.755845189094543457e-01,1.468828320503234863e-01,2.309885621070861816e-01,1.326881647109985352e-01,2.629730999469757080e-01,6.476476788520812988e-02,-9.187062829732894897e-02,2.068718895316123962e-02,-3.069593803957104683e-03,1.716903299093246460e-01,-1.777203679084777832e-01,9.997465461492538452e-02,1.103874295949935913e-01,-1.270087342709302902e-02,-2.457330992911010981e-04,1.447923630475997925e-01,-1.552643068134784698e-02,1.157455816864967346e-01,1.573382169008255005e-01,2.507930397987365723e-01,9.932246059179306030e-02,3.024979233741760254e-01,1.643553376197814941e-01,3.504780232906341553e-01,7.549450546503067017e-02,2.552560269832611084e-01,1.067994982004165649e-01,-4.558834806084632874e-02,-1.993901655077934265e-02,-4.034512117505073547e-02,4.069077968597412109e-02,9.530784934759140015e-02,-1.092501431703567505e-01,-1.089179143309593201e-01,4.804476723074913025e-02,2.231377065181732178e-01,2.206673473119735718e-01,2.489629387855529785e-01,2.058519273996353149e-01,1.621368676424026489e-01,-7.811200618743896484e-02,8.920435607433319092e-02,5.937756970524787903e-03,-1.365818828344345093e-01,-2.145371586084365845e-01,-2.540620267391204834e-01,-3.231253325939178467e-01,-2.649481296539306641e-01,-2.352949231863021851e-02,-6.311546545475721359e-03,-6.965317577123641968e-02,1.217222288250923157e-01,-3.321838080883026123e-01,-1.118430774658918381e-02,-2.218241244554519653e-01,3.897532224655151367e-01,-3.681501001119613647e-02,1.004295572638511658e-01,6.257750838994979858e-02,3.622277677059173584e-01,1.104918941855430603e-01,9.031295031309127808e-02,2.269477844238281250e-01,2.343283295631408691e-01,-9.687004983425140381e-02,-1.243108212947845459e-01,-5.024306774139404297e-01,-3.298307955265045166e-01,-1.853887690231204033e-03,2.272919118404388428e-01,3.848902508616447449e-02,1.138030961155891418e-01,-1.798975840210914612e-02,-8.079339563846588135e-02,-2.040773630142211914e-01,3.820990771055221558e-02,-3.367950916290283203e-01,-9.274295717477798462e-02,-9.909952431917190552e-02,6.560002267360687256e-02,-1.968998312950134277e-01,9.499384462833404541e-02,2.989887297153472900e-01,1.765369325876235962e-01,7.216944545507431030e-02,-1.958990097045898438e-01
8.560106903314590454e-02,-1.780244261026382446e-01,-1.282251719385385513e-02,8.603331446647644043e-02,5.341104865074157715e-01,0.000000000000000000e+00,2.434192225337028503e-02,4.254777915775775909e-03,2.426051050424575806e-01,2.566315829753875732e-01,-1.006130576133728027e-01,-7.068238407373428345e-02,-1.762613803148269653e-01,-2.976189926266670227e-02,2.417209930717945099e-02,3.121837675571441650e-01,4.871042817831039429e-02,-9.066239744424819946e-02,-4.360125586390495300e-02,-1.522893924266099930e-02,6.462329626083374023e-02,-2.054034732282161713e-02,-4.857676103711128235e-02,2.571496414020657539e-03,1.411914378404617310e-01,3.208437263965606689e-01,4.386109113693237305e-01,5.113621950149536133e-01,5.099743232131004333e-02,9.763719141483306885e-02,1.751863658428192139e-01,9.975580871105194092e-02,7.573071867227554321e-02,7.903712242841720581e-02,4.703631252050399780e-02,-1.076094359159469604e-01,7.514699548482894897e-02,8.724159002304077148e-02,1.532743722200393677e-01,2.478314936161041260e-01,4.421354457736015320e-02,6.343284994363784790e-02,4.591224342584609985e-02,-1.066403985023498535e-01,3.833290189504623413e-02,-4.637034982442855835e-02,-5.413503572344779968e-02,3.070415556430816650e-02,5.480505153536796570e-02,7.035594433546066284e-02,-1.753144524991512299e-02,6.921179592609405518e-02,8.810029178857803345e-02,1.675411313772201538e-01,1.681453734636306763e-02,2.063678056001663208e-01,5.910902842879295349e-02,-1.056008860468864441e-01,-4.562612250447273254e-02,-9.736190736293792725e-02,-8.857984840869903564e-02,-5.547681823372840881e-02,-9.862007945775985718e-02,-9.632051736116409302e-02,-3.545977175235748291e-03,7.406033575534820557e-02,-3.096097707748413086e-02,1.074341014027595520e-01,2.017160207033157349e-01,2.010800689458847046e-01,3.367395699024200439e-02,1.574655771255493164e-01,-1.412231102585792542e-02,-1.018614973872900009e-02,-2.263876348733901978e-01,-1.767178475856781006e-01,-1.869490891695022583e-01,-1.946260929107666016e-01,5.134771019220352173e-02,6.919469684362411499e-02,-5.097954720258712769e-02,9.233435988426208496e-02,-1.672992408275604248e-01,-2.376175671815872192e-02,-2.276046276092529297e-01,2.444000691175460815e-01,9.615392982959747314e-02,2.462174743413925171e-01,3.280965983867645264e-02,2.239660024642944336e-01,2.371519617736339569e-02,7.464476674795150757e-02,1.468894928693771362e-01,1.509672403335571289e-01,5.867014639079570770e-03,-1.046539545059204102e-01,-3.379940688610076904e-01,-2.065286338329315186e-01,3.902832046151161194e-02,5.684254318475723267e-02,5.893653258681297302e-03,6.772765517234802246e-02,-4.345036298036575317e-02,6.311972439289093018e-02,-1.936133652925491333e-01,-1.569464802742004395e-01,-2.025902867317199707e-01,-5.727723985910415649e-02,-9.024210274219512939e-02,1.367453187704086304e-01,-1.184537857770919800e-01,5.780233070254325867e-02,1.875526309013366699e-01,1.670038551092147827e-01,1.253649592399597168e-01,-1.923268288373947144e-01
1.096173152327537537e-01,1.249999254941940308e-01,6.558722257614135742e-01,5.513659119606018066e-01,-4.196669161319732666e-02,2.434192225337028503e-02,0.000000000000000000e+00,6.332858800888061523e-01,3.293918073177337646e-02,9.754981100559234619e-02,5.486936569213867188e-01,5.038344264030456543e-01,5.669377446174621582e-01,4.556625485420227051e-01,2.580643594264984131e-01,2.056751698255538940e-01,2.613405883312225342e-02,9.617988765239715576e-02,4.304243326187133789e-01,3.718012869358062744e-01,1.073953807353973389e-01,2.151028960943222046e-01,4.237089455127716064e-01,5.730958580970764160e-01,-6.182441487908363342e-02,-1.516448259353637695e-01,-9.382358193397521973e-02,-2.117247432470321655e-01,1.649228185415267944e-01,2.860653400421142578e-01,2.545052766799926758e-01,2.998585700988769531e-01,9.882616996765136719e-02,1.508836746215820312e-01,3.572136163711547852e-02,-3.965585306286811829e-02,1.585934609174728394e-01,6.376509368419647217e-02,7.843986153602600098e-02,-2.887981534004211426e-01,1.285055726766586304e-01,-1.147708818316459656e-01,-3.071312904357910156e-01,-3.830141723155975342e-01,-1.746526211500167847e-01,-3.012569248676300049e-01,-3.319862186908721924e-01,-4.451956450939178467e-01,-4.499312937259674072e-01,-5.516275763511657715e-01,-4.128030538558959961e-01,-5.422516465187072754e-01,-4.411339163780212402e-01,-5.448191761970520020e-01,-4.211888611316680908e-01,-5.028558969497680664e-01,-2.062788605690002441e-01,-1.296011805534362793e-01,-1.652680188417434692e-01,8.914212696254253387e-03,9.037929028272628784e-02,1.834754496812820435e-01,2.152140587568283081e-01,1.569357700645923615e-02,2.867431640625000000e-01,1.269387602806091309e-01,2.045844309031963348e-02,8.449307642877101898e-03,-1.293339133262634277e-01,-2.212579250335693359e-01,5.305387377738952637e-01,4.209761917591094971e-01,2.444100081920623779e-01,3.884121477603912354e-01,1.253071874380111694e-01,1.178034245967864990e-01,4.098254144191741943e-01,3.531909286975860596e-01,7.704440504312515259e-02,-4.684258624911308289e-02,9.471513330936431885e-02,-1.334148198366165161e-01,1.605462133884429932e-01,-3.883261606097221375e-02,1.031073480844497681e-01,-3.816081285476684570e-01,2.411419153213500977e-01,1.517060548067092896e-01,-2.219054102897644043e-01,-4.519964456558227539e-01,-4.692519456148147583e-02,-1.527730226516723633e-01,-1.164290010929107666e-01,-2.667242586612701416e-01,3.000290691852569580e-01,2.287566065788269043e-01,1.572183370590209961e-01,1.199923679232597351e-01,-5.034109354019165039e-01,-5.311750769615173340e-01,-1.355115175247192383e-01,-3.564481064677238464e-02,7.293943315744400024e-02,-7.573895901441574097e-02,1.762417852878570557e-01,1.758017390966415405e-02,2.274554073810577393e-01,1.018410101532936096e-01,1.378827989101409912e-01,1.025080978870391846e-01,-1.333445310592651367e-01,-4.183468520641326904e-01,-1.873665153980255127e-01,-3.036725521087646484e-01,4.825077205896377563e-02,3.377295285463333130e-02
1.451585739850997925e-01,2.119186669588088989e-01,4.939110875129699707e-01,6.874059438705444336e-01,-2.838794514536857605e-02,4.254777915775775909e-03,6.332858800888061523e-01,0.000000000000000000e+00,-1.603103727102279663e-01,2.135729789733886719e-01,4.237869381904602051e-01,6.143366098403930664e-01,3.142952024936676025e-01,5.740837454795837402e-01,6.954836845397949219e-02,2.091573476791381836e-01,2.772095426917076111e-02,1.391444653272628784e-01,3.700377643108367920e-01,5.014150738716125488e-01,-8.666420355439186096e-03,9.008286148309707642e-02,4.159752130508422852e-01,6.098506450653076172e-01,3.185359388589859009e-02,-4.037183150649070740e-02,-2.268322557210922241e-01,-3.252080976963043213e-01,9.911085665225982666e-02,2.769116759300231934e-01,2.915829718112945557e-01,3.295975923538208008e-01,1.619955748319625854e-01,2.624332904815673828e-01,5.637855455279350281e-02,-4.603538662195205688e-03,1.156211197376251221e-01,1.429362446069717407e-01,-1.089266911149024963e-01,-2.531830966472625732e-01,1.134472042322158813e-01,-6.311237812042236328e-02,-1.984949260950088501e-01,-3.220254182815551758e-01,-1.723373532295227051e-01,-1.491527706384658813e-01,-2.287268638610839844e-01,-2.970578372478485107e-01,-3.371246159076690674e-01,-4.075742363929748535e-01,-4.317208528518676758e-01,-3.801723718643188477e-01,-4.672989845275878906e-01,-4.154255986213684082e-01,-4.688441455364227295e-01,-4.036623835563659668e-01,-1.756131350994110107e-01,-9.675250947475433350e-02,-1.245975866913795471e-01,1.645653396844863892e-01,4.254958778619766235e-02,3.240937888622283936e-01,2.666503787040710449e-01,3.935117647051811218e-02,1.046039238572120667e-01,1.177065223455429077e-01,-1.788364350795745850e-02,6.355311721563339233e-03,-1.225673705339431763e-01,-9.359146654605865479e-02,3.627640902996063232e-01,3.832429945468902588e-01,2.181622236967086792e-01,3.105983436107635498e-01,1.094631627202033997e-01,-3.718832880258560181e-02,3.269339799880981445e-01,3.436317741870880127e-01,1.092375963926315308e-01,-1.378861665725708008e-01,-3.405370563268661499e-02,-7.928004860877990723e-02,1.202076971530914307e-01,1.551109552383422852e-01,-5.062234774231910706e-02,-1.511936038732528687e-01,2.455765195190906525e-02,1.540709584951400757e-01,-4.560426473617553711e-01,-2.768015861511230469e-01,-3.264379501342773438e-02,-3.597562387585639954e-02,-1.220695152878761292e-01,-5.461563169956207275e-02,1.359597742557525635e-01,1.976170688867568970e-01,-7.332501560449600220e-02,-2.643286809325218201e-02,-5.517100095748901367e-01,-3.949573338031768799e-01,-2.609669566154479980e-01,1.077695190906524658e-01,-1.118664816021919250e-02,-2.768504619598388672e-02,1.981972903013229370e-01,1.638056784868240356e-01,3.355642780661582947e-02,-3.872324153780937195e-02,1.074804291129112244e-01,-3.856375440955162048e-02,-2.723322212696075439e-01,-4.396105408668518066e-01,-7.836815714836120605e-02,-3.154423832893371582e-01,4.192370921373367310e-03,2.633640542626380920e-03
-1.406709551811218262e-01,-2.132256776094436646e-01,1.203819885849952698e-01,-2.958848513662815094e-02,1.429940909147262573e-01,2.426051050424575806e-01,3.293918073177337646e-02,-1.603103727102279663e-01,0.000000000000000000e+00,2.986389994621276855e-01,-1.047444939613342285e-01,-1.531333923339843750e-01,-3.944226726889610291e-02,-3.032303154468536377e-01,4.541077315807342529e-01,4.322907626628875732e-01,-9.071965515613555908e-02,-2.153242975473403931e-01,-7.384567707777023315e-02,-1.168378517031669617e-01,3.633389770984649658e-01,3.688960373401641846e-01,-8.858969807624816895e-02,-1.212901473045349121e-01,6.281064450740814209e-02,7.568266987800598145e-02,4.187394976615905762e-01,3.966386020183563232e-01,8.122320473194122314e-02,-4.716705158352851868e-02,1.317540407180786133e-01,2.993065863847732544e-03,-2.914801239967346191e-01,-3.822777569293975830e-01,-8.827111124992370605e-02,-8.247630298137664795e-02,1.418163031339645386e-01,1.423167884349822998e-01,2.460125386714935303e-01,1.012628600001335144e-01,1.189557984471321106e-01,-2.253961004316806793e-02,-2.941477000713348389e-01,-2.960085272789001465e-01,-8.140016347169876099e-02,-2.586601674556732178e-01,-2.276756763458251953e-01,-1.995559930801391602e-01,-1.346225887537002563e-01,-1.007210649549961090e-02,-1.845398694276809692e-01,-9.281803667545318604e-02,-1.536290049552917480e-01,-1.318211406469345093e-01,-1.706986427307128906e-01,4.198737815022468567e-02,1.384208071976900101e-02,-1.841883212327957153e-01,-1.235168874263763428e-01,-2.386643737554550171e-01,-1.781920343637466431e-01,-1.673958003520965576e-01,-1.505710333585739136e-01,-4.722250625491142273e-02,-8.165572583675384521e-02,-1.058073192834854126e-01,-1.878221780061721802e-01,-6.713733822107315063e-02,1.838673502206802368e-01,1.039607822895050049e-01,2.224763482809066772e-01,1.797846853733062744e-01,-3.202342614531517029e-02,2.828876115381717682e-02,-1.521881371736526489e-01,4.098130017518997192e-02,-9.019436687231063843e-02,-2.388657480478286743e-01,-1.958685368299484253e-01,3.492890670895576477e-02,-8.884655684232711792e-02,-1.070424020290374756e-01,-7.029487937688827515e-02,-5.747434124350547791e-02,-1.117156744003295898e-01,-6.173676624894142151e-02,3.019496500492095947e-01,2.995660006999969482e-01,1.458799242973327637e-01,5.467057228088378906e-03,-1.622223407030105591e-01,-1.015260890126228333e-01,3.827224299311637878e-02,1.334723681211471558e-01,1.386738121509552002e-01,-1.390784233808517456e-01,1.085144430398941040e-01,1.747421622276306152e-01,-1.718170195817947388e-01,-7.003416121006011963e-02,-4.165780916810035706e-02,2.199369296431541443e-02,1.481949239969253540e-01,-8.950208872556686401e-02,-1.522373259067535400e-01,-1.702488660812377930e-01,1.711044907569885254e-01,2.529819905757904053e-01,1.461164951324462891e-01,3.047915995121002197e-01,6.273261457681655884e-02,3.653413150459527969e-03,-2.455060333013534546e-01,9.458126872777938843e-02,1.230404525995254517e-01,-3.084291703999042511e-02
-1.403720234520733356e-03,-1.167123988270759583e-01,-1.068606879562139511e-02,2.443005591630935669e-01,3.129017651081085205e-01,2.566315829753875732e-01,9.754981100559234619e-02,2.135729789733886719e-01,2.986389994621276855e-01,0.000000000000000000e+00,7.197330240160226822e-03,1.607069559395313263e-02,-6.815010309219360352e-02,7.054845243692398071e-02,1.453638225793838501e-01,4.512343704700469971e-01,-8.209963142871856689e-02,-1.431199461221694946e-01,2.087119594216346741e-02,7.166914641857147217e-02,2.128354310989379883e-01,2.466693073511123657e-01,1.137270927429199219e-01,1.698942780494689941e-01,2.313794642686843872e-01,2.711480557918548584e-01,2.553928196430206299e-01,1.362008154392242432e-01,1.743550747632980347e-01,-5.600414704531431198e-03,2.999043464660644531e-01,1.370614171028137207e-01,-6.520999968051910400e-02,-5.548011139035224915e-02,1.568657755851745605e-01,-2.532172948122024536e-02,4.318963363766670227e-02,1.114793568849563599e-01,6.893617659807205200e-02,7.112973183393478394e-02,5.473550781607627869e-02,-1.100814118981361389e-01,-1.508083939552307129e-01,-2.291133999824523926e-01,-1.353745460510253906e-01,-1.580790728330612183e-01,-2.330065220594406128e-01,-1.359178572893142700e-01,-1.151401698589324951e-01,-3.111626254394650459e-03,-2.996339499950408936e-01,2.593948505818843842e-02,-2.738177478313446045e-01,1.437745243310928345e-02,-2.746262550354003906e-01,4.146485775709152222e-02,-5.010753124952316284e-02,-1.667146384716033936e-01,-2.436475008726119995e-01,-1.360535770654678345e-01,-1.424719244241714478e-01,1.560132205486297607e-01,-1.138029396533966064e-01,-1.790290772914886475e-01,-1.164399366825819016e-02,9.723140299320220947e-02,-1.138440147042274475e-01,-2.662313543260097504e-02,7.674900442361831665e-02,7.022614777088165283e-02,1.383865345269441605e-02,1.646968275308609009e-01,-2.131813392043113708e-02,-7.329147309064865112e-02,-8.862861432135105133e-03,-5.351485684514045715e-02,-6.300168484449386597e-02,-6.021156534552574158e-02,-8.424107730388641357e-02,-1.406199783086776733e-01,-3.011602163314819336e-01,-1.812511682510375977e-01,-1.342458873987197876e-01,1.053057760000228882e-01,-3.749506473541259766e-01,2.224039137363433838e-01,1.473335474729537964e-01,3.454889655113220215e-01,-3.018732964992523193e-01,2.313700467348098755e-01,-1.054945588111877441e-01,1.905306726694107056e-01,1.140309199690818787e-01,3.129529058933258057e-01,-4.780063033103942871e-02,-1.120495200157165527e-01,-1.822564452886581421e-01,-1.385244876146316528e-01,-2.613458037376403809e-01,1.532096266746520996e-01,-1.453448534011840820e-01,2.492249310016632080e-01,8.306801319122314453e-02,-2.737168408930301666e-02,-1.563097722828388214e-02,8.925954997539520264e-02,-7.041060179471969604e-02,6.596502661705017090e-02,9.303830564022064209e-02,1.138973012566566467e-01,-1.712435185909271240e-01,1.745816320180892944e-02,4.275839403271675110e-02,-9.497058577835559845e-03,-5.239242315292358398e-02,-6.102695316076278687e-02
2.633661627769470215e-01,1.598246693611145020e-01,3.923952877521514893e-01,2.940789461135864258e-01,-1.927201151847839355e-01,-1.006130576133728027e-01,5.486936569213867188e-01,4.237869381904602051e-01,-1.047444939613342285e-01,7.197330240160226822e-03,0.000000000000000000e+00,5.770533680915832520e-01,5.457298159599304199e-01,4.029000997543334961e-01,5.144955590367317200e-03,9.687241911888122559e-02,1.553840935230255127e-01,2.549951672554016113e-01,4.688039422035217285e-01,3.310087025165557861e-01,-5.915710702538490295e-02,1.036380231380462646e-01,2.937689423561096191e-01,2.866705060005187988e-01,-2.740324735641479492e-01,-3.385460972785949707e-01,-2.464566379785537720e-01,-2.253440767526626587e-01,2.628774642944335938e-01,2.531855404376983643e-01,1.501535624265670776e-01,2.467919439077377319e-01,3.808790445327758789e-02,1.317133903503417969e-01,-7.798769325017929077e-02,-1.889979243278503418e-01,1.784798875451087952e-02,-2.853682450950145721e-02,4.892396181821823120e-02,-2.241045236587524414e-01,1.073294803500175476e-01,-2.614134848117828369e-01,-2.237976938486099243e-01,-3.551326692104339600e-01,-1.764454245567321777e-01,-3.037416934967041016e-01,-3.747124671936035156e-01,-4.296305775642395020e-01,-3.401630818843841553e-01,-3.883388340473175049e-01,-2.892026007175445557e-01,-3.675338029861450195e-01,-3.102529942989349365e-01,-2.947127223014831543e-01,-3.155135214328765869e-01,-3.459799885749816895e-01,-7.750012725591659546e-02,-4.460631310939788818e-02,-8.883977681398391724e-02,-2.383670955896377563e-02,1.648150384426116943e-01,1.940433979034423828e-01,3.654434382915496826e-01,6.875243037939071655e-02,2.371141314506530762e-01,2.623280324041843414e-02,-1.546521931886672974e-01,-2.088839560747146606e-01,-1.646652966737747192e-01,-2.614957392215728760e-01,3.652429580688476562e-01,3.681856989860534668e-01,2.372656762599945068e-01,2.920613288879394531e-01,7.504933327436447144e-02,2.086809277534484863e-01,3.676389157772064209e-01,2.881605029106140137e-01,7.995942234992980957e-02,6.501644104719161987e-02,2.282533794641494751e-02,-1.526001393795013428e-01,1.175557523965835571e-01,-4.685104638338088989e-02,-5.450368300080299377e-02,-2.423514574766159058e-01,7.177533954381942749e-02,1.191097795963287354e-01,-2.576386034488677979e-01,-2.683647871017456055e-01,-4.462601616978645325e-03,2.491319738328456879e-02,-1.585034877061843872e-01,-2.194351702928543091e-01,2.150309234857559204e-01,4.280423000454902649e-02,2.044260799884796143e-01,9.760821610689163208e-02,-2.885984182357788086e-01,-2.058918476104736328e-01,-1.858932375907897949e-01,1.637915335595607758e-02,-5.596525222063064575e-02,5.165765807032585144e-02,1.965979635715484619e-01,-2.974656037986278534e-02,2.156373858451843262e-01,4.935917258262634277e-02,1.301576793193817139e-01,1.063905730843544006e-01,-4.580732434988021851e-03,-2.108039408922195435e-01,-9.972413629293441772e-02,-1.978384256362915039e-01,-2.592090889811515808e-02,1.103466749191284180e-01
2.500218451023101807e-01,3.065962493419647217e-01,3.429570496082305908e-01,4.001444876194000244e-01,-1.349198818206787109e-01,-7.068238407373428345e-02,5.038344264030456543e-01,6.143366098403930664e-01,-1.531333923339843750e-01,1.607069559395313263e-02,5.770533680915832520e-01,0.000000000000000000e+00,4.182897806167602539e-01,6.137665510177612305e-01,5.699169635772705078e-02,1.362973898649215698e-01,1.712895482778549194e-01,3.093594610691070557e-01,4.114714562892913818e-01,4.513003230094909668e-01,5.439436435699462891e-02,1.017759740352630615e-01,2.168606668710708618e-01,3.678059875965118408e-01,-1.870180964469909668e-01,-2.124379426240921021e-01,-2.472536861896514893e-01,-2.975998222827911377e-01,1.685673594474792480e-01,3.993844985961914062e-01,1.260655224323272705e-01,1.618123799562454224e-01,-5.018984526395797729e-02,5.028873309493064880e-02,-2.167203426361083984e-01,-1.893975585699081421e-01,9.323172271251678467e-02,9.599835425615310669e-02,-8.727971464395523071e-02,-2.561809420585632324e-01,7.895523309707641602e-02,-9.691607952117919922e-02,-2.397338598966598511e-01,-2.970035970211029053e-01,-1.258436888456344604e-01,-2.010596692562103271e-01,-1.604594141244888306e-01,-2.363922744989395142e-01,-2.666342556476593018e-01,-3.256734311580657959e-01,-2.421243935823440552e-01,-3.486578762531280518e-01,-2.896655201911926270e-01,-3.709259629249572754e-01,-2.661755383014678955e-01,-3.002048730850219727e-01,-3.914866596460342407e-02,4.323069751262664795e-02,3.166503459215164185e-02,1.985868811607360840e-01,1.232053488492965698e-01,1.832317560911178589e-01,3.631941378116607666e-01,1.181768700480461121e-01,5.638094991445541382e-02,-6.690085679292678833e-02,-2.127843946218490601e-01,-2.090312689542770386e-01,-8.562646061182022095e-02,-1.077368631958961487e-01,2.772146463394165039e-01,2.086743712425231934e-01,2.156813740730285645e-01,3.230852484703063965e-01,7.664988189935684204e-02,-5.683785304427146912e-02,1.363825201988220215e-01,1.066681668162345886e-01,1.420391649007797241e-01,-3.036034759134054184e-03,1.166428476572036743e-01,7.797431945800781250e-02,2.080293744802474976e-01,1.216083094477653503e-01,9.258251637220382690e-02,-2.044497877359390259e-01,6.759507954120635986e-02,1.135909631848335266e-01,-2.873534858226776123e-01,-3.295247852802276611e-01,-7.055795937776565552e-02,-6.878373026847839355e-02,-1.724301576614379883e-01,-1.710442453622817993e-01,9.046334773302078247e-02,6.870102137327194214e-02,5.215990170836448669e-02,-2.497047930955886841e-02,-3.483961224555969238e-01,-3.270611464977264404e-01,-1.827716231346130371e-01,-7.400984317064285278e-02,-7.961991429328918457e-02,4.315941035747528076e-02,1.490951925516128540e-01,1.714746467769145966e-02,1.329057067632675171e-01,-7.599495351314544678e-02,-1.028016908094286919e-03,-7.754641771316528320e-02,-2.653699815273284912e-01,-4.060700833797454834e-01,-1.548775881528854370e-01,-2.319921702146530151e-01,4.446507617831230164e-02,-1.266277045942842960e-03
1.023147031664848328e-01,2.397290468215942383e-01,4.024255275726318359e-01,2.041593343019485474e-01,-2.098679542541503906e-01,-1.762613803148269653e-01,5.669377446174621582e-01,3.142952024936676025e-01,-3.944226726889610291e-02,-6.815010309219360352e-02,5.457298159599304199e-01,4.182897806167602539e-01,0.000000000000000000e+00,5.192263126373291016e-01,3.673799932003021240e-01,1.284169405698776245e-01,1.280754357576370239e-01,1.927792131900787354e-01,5.696220397949218750e-01,2.697597146034240723e-01,1.800922900438308716e-01,2.359165400266647339e-01,2.681558728218078613e-01,3.243927061557769775e-01,-2.538234591484069824e-01,-4.046988487243652344e-01,-2.618170082569122314e-01,-2.910080850124359131e-01,1.799055635929107666e-01,1.757626086473464966e-01,-8.647748082876205444e-02,5.749254673719406128e-02,1.833799178712069988e-03,3.393099410459399223e-03,-4.629227519035339355e-02,1.057449076324701309e-02,7.797649502754211426e-02,-1.123160719871520996e-01,3.908791393041610718e-02,-3.458569347858428955e-01,-1.549108140170574188e-02,-2.276834547519683838e-01,-4.236795902252197266e-01,-2.735247910022735596e-01,-1.685873568058013916e-01,-3.680092096328735352e-01,-3.220797479152679443e-01,-3.901969194412231445e-01,-4.241784214973449707e-01,-4.635310173034667969e-01,-2.953794598579406738e-01,-5.071608424186706543e-01,-3.627329468727111816e-01,-4.641752243041992188e-01,-1.483217179775238037e-01,-4.706224799156188965e-01,-3.518922254443168640e-02,5.993087589740753174e-02,-2.453188896179199219e-01,-7.917570322751998901e-02,3.723004087805747986e-02,5.002005770802497864e-02,3.124411106109619141e-01,5.281931906938552856e-02,2.569224536418914795e-01,8.454049238935112953e-04,-5.554005503654479980e-02,-2.001346647739410400e-01,-1.422972679138183594e-01,-2.877474725246429443e-01,3.448631763458251953e-01,1.424531340599060059e-01,1.669414192438125610e-01,2.441672682762145996e-01,3.354504108428955078e-01,2.017972469329833984e-01,2.683038711547851562e-01,2.532965242862701416e-01,-6.021700799465179443e-03,6.852083373814821243e-03,2.123900353908538818e-01,-9.034844487905502319e-02,4.141691625118255615e-01,6.705406308174133301e-02,3.117369413375854492e-01,-4.680785238742828369e-01,3.378190100193023682e-01,9.952028095722198486e-02,-1.158517152070999146e-01,-4.536291360855102539e-01,-1.238634362816810608e-01,-1.799769550561904907e-01,-1.954617351293563843e-01,-2.739532589912414551e-01,1.571725308895111084e-01,2.612957358360290527e-01,3.916600942611694336e-01,1.829099804162979126e-01,-2.879270017147064209e-01,-3.734794855117797852e-01,-4.079511761665344238e-02,-2.326716184616088867e-01,1.444554775953292847e-01,8.911298960447311401e-02,3.005003631114959717e-01,-9.765167534351348877e-02,3.517699241638183594e-01,1.202904060482978821e-01,5.684500187635421753e-02,-2.427368983626365662e-02,-8.266098797321319580e-02,-3.172335028648376465e-01,-3.350592553615570068e-01,-2.678751349449157715e-01,-8.279743790626525879e-02,1.867724955081939697e-01
