0.000000000000000000e+00,7.372888922691345215e-01,3.639599680900573730e-01,1.651608645915985107e-01,1.926961541175842285e-02,1.447978466749191284e-01,6.866520643234252930e-02,1.840132102370262146e-02,5.708438158035278320e-02,2.085243761539459229e-01,-1.780708506703376770e-02,-6.882096081972122192e-02,-8.388786762952804565e-02,-6.551828980445861816e-02,-3.055701553821563721e-01,-8.253050595521926880e-02,-2.046251296997070312e-01,-3.915306180715560913e-02,5.233294367790222168e-01,6.228191852569580078e-01,-2.696875035762786865e-01,-3.222651779651641846e-01,1.995465457439422607e-01,1.287631839513778687e-01,-6.816235929727554321e-02,-1.255961656570434570e-01,3.036082386970520020e-01,1.632942073047161102e-02,-2.833002209663391113e-01,-3.137077391147613525e-01,-1.408923566341400146e-01,1.219336222857236862e-02,2.522437870502471924e-01,1.480560004711151123e-01,1.797502934932708740e-01,2.145777195692062378e-01,-3.481943607330322266e-01,-2.455390393733978271e-01,-4.566862285137176514e-01,-3.241161108016967773e-01,-1.204645484685897827e-01,-3.034223318099975586e-01,-2.148447781801223755e-01,-3.803673386573791504e-01,-6.924059987068176270e-02,-7.511574774980545044e-02,-1.091847047209739685e-01,-2.289089709520339966e-01,4.085870087146759033e-01,4.997181594371795654e-01,1.158160567283630371e-01,2.824393473565578461e-02,5.965573713183403015e-02,1.782509684562683105e-01,-3.514778800308704376e-03,3.332751095294952393e-01,7.884288430213928223e-01,7.021352052688598633e-01,4.572288691997528076e-01,2.221233099699020386e-01,9.253135323524475098e-02,3.722186386585235596e-02,2.175986319780349731e-01,-1.252653598785400391e-01,-1.428586542606353760e-01,-3.475124239921569824e-01,2.819392383098602295e-01,1.267518997192382812e-01,6.826784610748291016e-01,5.839115381240844727e-01,-6.010704487562179565e-02,-9.246537834405899048e-02,-2.681952118873596191e-01,-2.686176002025604248e-01,-1.420653462409973145e-01,-3.308268487453460693e-01,-6.972937285900115967e-02,-1.920614838600158691e-01,-3.536344170570373535e-01,-6.395277380943298340e-02,-2.444276362657546997e-01,-3.274799883365631104e-01,-3.256053626537322998e-01,-1.496885269880294800e-01,-6.965162232518196106e-03,-6.923748552799224854e-02,-2.162733227014541626e-01,-8.588402718305587769e-02,-3.659591376781463623e-01,-1.029745563864707947e-01,-4.179307222366333008e-01,-3.890529274940490723e-01,-3.229178190231323242e-01,-2.150093615055084229e-01,-3.448424339294433594e-01,-3.669440448284149170e-01,-4.042159914970397949e-01,-2.395654097199440002e-02,-3.888126090168952942e-02,-2.646574936807155609e-02,1.692001372575759888e-01,1.312306374311447144e-01,2.535313367843627930e-01,8.965252339839935303e-02,-8.183137327432632446e-02,4.486235976219177246e-02,-1.784664690494537354e-01,-1.474551111459732056e-01,-6.507467478513717651e-02,-2.828712165355682373e-01,1.298893690109252930e-01,1.047188863158226013e-01,2.681886218488216400e-02,1.134708244353532791e-02,-1.060321182012557983e-01,-7.698956876993179321e-02
7.372888922691345215e-01,0.000000000000000000e+00,3.397658765316009521e-01,3.054991066455841064e-01,-4.850357770919799805e-03,9.559636563062667847e-02,8.355341106653213501e-02,1.304849386215209961e-01,1.170694455504417419e-01,2.733095586299896240e-01,-1.806283146142959595e-01,4.242268949747085571e-02,-4.671319946646690369e-02,1.036426201462745667e-01,-2.797178924083709717e-01,2.616911381483078003e-02,-1.780005544424057007e-01,5.789079889655113220e-02,5.504367947578430176e-01,7.247184514999389648e-01,-2.091911584138870239e-01,-2.563349008560180664e-01,3.387922644615173340e-01,3.053928911685943604e-01,-1.907674968242645264e-02,-8.302143216133117676e-02,2.882381975650787354e-01,-7.725126296281814575e-02,-2.658936679363250732e-01,-2.678169906139373779e-01,-1.397911310195922852e-01,1.124352812767028809e-01,4.881428182125091553e-01,3.690983355045318604e-01,3.775275647640228271e-01,3.991428613662719727e-01,-4.927263855934143066e-01,-3.440460264682769775e-01,-5.201817154884338379e-01,-4.719951152801513672e-01,-2.203907221555709839e-01,-4.052333235740661621e-01,-1.099702119827270508e-01,-4.306561052799224854e-01,9.941251017153263092e-03,7.874580472707748413e-02,-1.228871271014213562e-01,-2.628707289695739746e-01,5.134435892105102539e-01,6.398029923439025879e-01,1.720313280820846558e-01,1.145519539713859558e-01,1.242440491914749146e-01,2.865487337112426758e-01,-1.564008444547653198e-01,2.897357642650604248e-01,8.274990320205688477e-01,8.348283171653747559e-01,2.959407866001129150e-01,1.332711875438690186e-01,-1.783732324838638306e-02,1.325985342264175415e-01,1.188763678073883057e-01,-3.145198151469230652e-02,4.353152215480804443e-02,-1.029124036431312561e-01,3.589005768299102783e-01,2.529023885726928711e-01,6.667619943618774414e-01,6.210898756980895996e-01,-2.161272466182708740e-01,-1.347571909427642822e-01,-3.135257661342620850e-01,-3.493437767028808594e-01,-1.123202517628669739e-01,-2.707592844963073730e-01,-1.581963449716567993e-01,-1.532106548547744751e-01,-3.886680901050567627e-01,-3.629240766167640686e-02,-2.373149245977401733e-01,-2.842278480529785156e-01,-3.089596033096313477e-01,-1.620863229036331177e-01,9.927548468112945557e-02,-1.932222209870815277e-02,-2.947676181793212891e-01,-6.283791363239288330e-02,-5.391688942909240723e-01,-1.118582785129547119e-01,-3.710398077964782715e-01,-4.328984916210174561e-01,-1.304971873760223389e-01,-1.434116661548614502e-01,-3.717218041419982910e-01,-4.328841865062713623e-01,-5.008882880210876465e-01,-1.963320821523666382e-01,-2.892330288887023926e-01,-3.115000128746032715e-01,-1.756804622709751129e-02,-5.638339370489120483e-02,3.250404447317123413e-02,-1.742040812969207764e-01,-1.566275656223297119e-01,-8.464129269123077393e-02,-3.597532212734222412e-01,-2.608687281608581543e-01,-2.519554793834686279e-01,-3.037909269332885742e-01,2.330679446458816528e-01,-3.526546433568000793e-02,-6.462574750185012817e-02,-1.446101814508438110e-01,-1.876581758260726929e-01,4.005319625139236450e-02
3.639599680900573730e-01,3.397658765316009521e-01,0.000000000000000000e+00,3.142996430397033691e-01,1.551061421632766724e-01,-9.884358383715152740e-03,4.932639002799987793e-01,-2.525949850678443909e-02,8.487283438444137573e-02,1.029288023710250854e-01,-1.008889302611351013e-01,-3.017832040786743164e-01,7.493564486503601074e-02,-1.121790930628776550e-01,-1.408472508192062378e-01,-1.363595277070999146e-01,-3.176654279232025146e-01,-2.049433737993240356e-01,6.219828128814697266e-01,3.024049699306488037e-01,-4.018328785896301270e-01,-2.884486019611358643e-01,4.642689228057861328e-01,3.701806366443634033e-01,8.169811964035034180e-02,-2.341550886631011963e-01,1.167020201683044434e-01,-1.126810386776924133e-01,-3.026404380798339844e-01,-2.836227118968963623e-01,-1.938653141260147095e-01,-1.043183505535125732e-01,1.809704005718231201e-01,-7.969817519187927246e-02,3.510057628154754639e-01,1.747230440378189087e-01,-1.306300908327102661e-01,-1.957017034292221069e-01,-3.620077073574066162e-01,-3.266400098800659180e-01,-1.833236962556838989e-01,-2.176032662391662598e-01,-4.724074155092239380e-02,-1.706481426954269409e-01,-2.416197508573532104e-01,-2.307922542095184326e-01,-1.203246861696243286e-01,-2.588097751140594482e-01,9.414032846689224243e-02,1.880387812852859497e-01,-1.062652766704559326e-01,-7.756731659173965454e-02,-1.250630468130111694e-01,5.128166452050209045e-02,-1.285703573375940323e-02,2.066493481397628784e-01,2.896166741847991943e-01,2.483257651329040527e-01,-4.684372339397668839e-03,-1.461133956909179688e-01,-2.085646428167819977e-02,-1.757580786943435669e-01,-1.125851497054100037e-01,-3.337627053260803223e-01,2.715888619422912598e-01,-1.699731498956680298e-01,1.817408949136734009e-01,-6.973889470100402832e-02,3.461230397224426270e-01,3.139768838882446289e-01,1.443902254104614258e-01,8.575118333101272583e-02,-7.707846816629171371e-03,2.846432104706764221e-02,-1.997350901365280151e-01,-8.557607233524322510e-02,-1.381253600120544434e-01,-3.785842061042785645e-01,-3.686533868312835693e-01,6.032318994402885437e-02,-3.369190990924835205e-01,-3.450982868671417236e-01,-3.835836350917816162e-01,-2.236064672470092773e-01,1.321966201066970825e-01,-2.421984672546386719e-01,-1.191653907299041748e-01,-5.190483853220939636e-02,-1.549110710620880127e-01,-1.885095536708831787e-01,-1.924208700656890869e-01,1.192380785942077637e-01,-3.176177665591239929e-02,3.340708613395690918e-01,-3.639332056045532227e-01,-3.033355772495269775e-01,-2.546123564243316650e-01,1.237308457493782043e-01,-4.030476883053779602e-02,-9.687845595180988312e-03,-6.303037703037261963e-02,1.999466568231582642e-01,1.187217533588409424e-01,2.789687179028987885e-02,7.989460974931716919e-02,2.778472006320953369e-01,3.823896404355764389e-03,-1.620237827301025391e-01,1.644488424062728882e-01,-3.473049700260162354e-01,-1.250508576631546021e-01,2.214223444461822510e-01,2.090488076210021973e-01,1.511279791593551636e-01,1.519813686609268188e-01,-2.730797231197357178e-01
1.651608645915985107e-01,3.054991066455841064e-01,3.142996430397033691e-01,0.000000000000000000e+00,-6.270522624254226685e-02,1.499030143022537231e-01,3.809015154838562012e-01,6.062971949577331543e-01,-8.115369081497192383e-02,2.265461385250091553e-01,-1.043557375669479370e-01,6.389333307743072510e-02,-1.993602216243743896e-01,1.919552832841873169e-01,-4.667958915233612061e-01,-1.647721976041793823e-01,-5.538639426231384277e-01,-4.134832322597503662e-01,3.291481435298919678e-01,3.692677319049835205e-01,-4.715332686901092529e-01,-3.258980512619018555e-01,2.139637619256973267e-01,4.692739844322204590e-01,-3.046867251396179199e-01,-2.651439309120178223e-01,-2.785744331777095795e-02,-2.348650395870208740e-01,-4.135571718215942383e-01,-3.776295483112335205e-01,-2.453199028968811035e-01,4.578338935971260071e-02,3.282284140586853027e-01,1.738691926002502441e-01,2.963497638702392578e-01,5.672703385353088379e-01,-4.664026200771331787e-01,-5.664566159248352051e-01,-4.579673111438751221e-01,-4.195111691951751709e-01,-4.531452059745788574e-01,-2.880485951900482178e-01,1.844804883003234863e-01,-1.534256488084793091e-01,-4.677101075649261475e-01,-3.212765455245971680e-01,-3.783730566501617432e-01,-5.197872519493103027e-01,-9.760596603155136108e-02,5.827616900205612183e-02,1.185088790953159332e-02,1.241554468870162964e-01,1.062398552894592285e-01,3.299284726381301880e-03,-1.652473467402160168e-03,1.048760414123535156e-01,2.056631892919540405e-01,2.605286240577697754e-01,1.432873010635375977e-01,2.841889858245849609e-01,1.911016255617141724e-01,3.087558150291442871e-01,8.290549367666244507e-02,-3.039085306227207184e-03,1.723908185958862305e-01,3.767139315605163574e-01,5.548799037933349609e-01,6.000317335128784180e-01,1.463633924722671509e-01,1.910994052886962891e-01,-5.171459540724754333e-02,2.483255695551633835e-03,-8.722562342882156372e-02,4.344153031706809998e-02,6.147855520248413086e-02,1.693806350231170654e-01,-1.264787316322326660e-01,-1.673733890056610107e-01,-5.312300920486450195e-01,5.864269658923149109e-02,-4.683011770248413086e-01,-4.208295643329620361e-01,-5.475872755050659180e-01,-4.655234515666961670e-01,-5.403662100434303284e-02,-1.037761792540550232e-01,-2.977953553199768066e-01,-6.605245918035507202e-02,-1.691818088293075562e-01,1.111350879073143005e-01,4.544403869658708572e-03,-8.959806710481643677e-02,2.969336211681365967e-01,1.214602813124656677e-01,-5.554396510124206543e-01,-5.340503454208374023e-01,-4.219761788845062256e-01,-8.766810595989227295e-02,-4.171379283070564270e-02,-2.576433122158050537e-01,-8.928710967302322388e-02,1.259627342224121094e-01,-2.551027946174144745e-02,-1.612895280122756958e-01,-2.724066562950611115e-02,8.802032470703125000e-02,-1.530215442180633545e-01,-4.026883244514465332e-01,4.614141955971717834e-02,-5.256479382514953613e-01,2.855840027332305908e-01,2.514803409576416016e-01,-2.272123284637928009e-02,6.400805898010730743e-03,8.188570290803909302e-02,-2.028142958879470825e-01
1.926961541175842285e-02,-4.850357770919799805e-03,1.551061421632766724e-01,-6.270522624254226685e-02,0.000000000000000000e+00,-5.218341201543807983e-02,1.286584585905075073e-01,-1.067789271473884583e-02,1.573741063475608826e-02,-1.631049662828445435e-01,-1.201533246785402298e-03,-1.920968294143676758e-01,1.178284268826246262e-02,-1.211596354842185974e-01,-2.380929887294769287e-02,-1.309816241264343262e-01,-2.065698504447937012e-01,-2.046042978763580322e-01,6.268961727619171143e-02,-5.759245529770851135e-02,-2.005342394113540649e-02,1.098783314228057861e-01,-2.840899489820003510e-02,-6.521673500537872314e-02,3.111779093742370605e-01,1.631414890289306641e-01,2.156269550323486328e-01,1.426062881946563721e-01,-2.647636234760284424e-01,-2.226098328828811646e-01,-3.054240047931671143e-01,-3.208219408988952637e-01,-1.033971309661865234e-01,-1.504244655370712280e-01,1.271070986986160278e-01,3.561500087380409241e-02,7.936599105596542358e-02,1.083755865693092346e-01,-4.133157432079315186e-02,-6.567590683698654175e-02,-6.384811550378799438e-02,-2.099058628082275391e-01,-1.089829578995704651e-01,-1.728069931268692017e-01,-4.845999926328659058e-02,-1.380020976066589355e-01,5.302069708704948425e-03,-7.031233608722686768e-02,2.899776399135589600e-02,-1.481384853832423687e-03,-5.098097771406173706e-02,-4.531672969460487366e-02,-1.715955440886318684e-03,1.151014417409896851e-01,-4.560621455311775208e-02,-6.801558285951614380e-02,7.386252749711275101e-03,-3.869760408997535706e-02,-8.784323930740356445e-02,-6.032675877213478088e-02,-6.342753022909164429e-02,-2.074004411697387695e-01,-1.300340741872787476e-01,-2.745564877986907959e-01,8.113110810518264771e-02,-1.002662479877471924e-01,-1.305065862834453583e-02,-7.531650364398956299e-02,3.752572089433670044e-02,-6.341512501239776611e-02,2.803557813167572021e-01,2.275702655315399170e-01,1.247487962245941162e-01,8.669711649417877197e-02,2.331382781267166138e-02,4.356020316481590271e-02,1.745361834764480591e-01,1.224402710795402527e-01,-5.477676540613174438e-02,3.611399233341217041e-02,-1.026288196444511414e-01,-1.968393474817276001e-01,-1.073816269636154175e-01,1.070720795542001724e-02,-1.336343213915824890e-02,-1.794449985027313232e-01,-1.285574883222579956e-01,-2.665145993232727051e-01,-2.369906753301620483e-02,-1.596298962831497192e-01,8.953310316428542137e-04,1.146641969680786133e-01,8.357816934585571289e-02,2.355963438749313354e-01,-3.682599216699600220e-02,1.335157360881567001e-02,6.617509759962558746e-03,4.651868715882301331e-02,-1.094366051256656647e-02,3.638481348752975464e-02,3.569450974464416504e-02,8.905727416276931763e-02,1.127050817012786865e-02,-3.775316849350929260e-02,4.010980483144521713e-04,1.297089755535125732e-01,-3.494501113891601562e-02,-1.287266612052917480e-01,1.208182424306869507e-01,7.350105792284011841e-02,-1.648198515176773071e-01,8.007783442735671997e-02,2.996637225151062012e-01,9.058377891778945923e-02,1.113858893513679504e-01,-5.218875780701637268e-02
1.447978466749191284e-01,9.559636563062667847e-02,-9.884358383715152740e-03,1.499030143022537231e-01,-5.218341201543807983e-02,0.000000000000000000e+00,-2.989362180233001709e-01,-1.181500498205423355e-02,4.369883835315704346e-01,6.416499018669128418e-01,-7.147824764251708984e-02,8.090991526842117310e-03,-2.119445651769638062e-01,1.415317598730325699e-02,9.158569574356079102e-02,4.310598373413085938e-01,-1.406481862068176270e-01,-9.067725390195846558e-02,1.383591741323471069e-01,3.271322846412658691e-01,2.252108231186866760e-02,1.485775560140609741e-01,2.133368849754333496e-01,2.780202329158782959e-01,1.060637906193733215e-01,2.308980226516723633e-01,3.212537765502929688e-01,2.382365465164184570e-01,2.586018480360507965e-02,-4.228077083826065063e-02,4.018918275833129883e-01,4.656739532947540283e-01,1.928960382938385010e-01,1.618605405092239380e-01,5.189264565706253052e-02,2.287203818559646606e-01,-2.256663702428340912e-02,-7.666396349668502808e-02,1.205929592251777649e-01,1.596312522888183594e-01,1.785583049058914185e-01,2.150539457798004150e-01,-9.517727047204971313e-02,-2.569285929203033447e-01,-2.552973330020904541e-01,-3.979938030242919922e-01,-1.388836354017257690e-01,-1.574760824441909790e-01,-1.951290220022201538e-01,-1.424046605825424194e-01,-2.329248934984207153e-01,-3.304034769535064697e-01,1.011415347456932068e-01,-2.696938514709472656e-01,3.767029047012329102e-01,3.271640539169311523e-01,1.580022424459457397e-01,1.269487142562866211e-01,6.266541033983230591e-02,3.522732555866241455e-01,-1.248841546475887299e-02,1.562637239694595337e-01,8.932863920927047729e-02,1.227596625685691833e-01,-2.271752059459686279e-01,-3.192229196429252625e-02,2.732840776443481445e-01,3.512186110019683838e-01,1.913337707519531250e-01,1.011792942881584167e-01,1.134645789861679077e-01,7.475563790649175644e-03,4.738706350326538086e-02,2.406252780929207802e-03,2.650967836380004883e-01,1.795037649571895599e-02,-9.963542222976684570e-02,-6.234554573893547058e-02,-1.174431592226028442e-01,-1.110212430357933044e-01,8.420162834227085114e-03,1.534773875027894974e-02,1.337754353880882263e-02,5.129934102296829224e-02,2.011026591062545776e-01,-4.087962675839662552e-03,3.772408664226531982e-01,4.621843397617340088e-01,1.346732825040817261e-01,3.210037350654602051e-01,-8.532884716987609863e-02,-3.271847069263458252e-01,-3.302079737186431885e-01,-4.902401566505432129e-01,-3.055717051029205322e-02,-9.770633280277252197e-02,7.682768628001213074e-04,9.824372828006744385e-02,1.140725165605545044e-01,-1.074474900960922241e-01,3.588343262672424316e-01,-6.150181218981742859e-02,3.686174154281616211e-01,3.652253746986389160e-01,-5.816337466239929199e-02,-7.009545713663101196e-02,1.226463392376899719e-01,1.661963462829589844e-01,4.150722920894622803e-02,-4.159743711352348328e-02,2.719455659389495850e-01,4.793119058012962341e-02,-2.127148956060409546e-01,-1.558558046817779541e-01,-1.969652771949768066e-01,-4.055901244282722473e-02
6.866520643234252930e-02,8.355341106653213501e-02,4.932639002799987793e-01,3.809015154838562012e-01,1.286584585905075073e-01,-2.989362180233001709e-01,0.000000000000000000e+00,4.640621542930603027e-01,-6.538826972246170044e-02,-1.939152926206588745e-01,2.062280178070068359e-01,-4.464371874928474426e-02,3.874371349811553955e-01,1.655634790658950806e-01,-3.136220574378967285e-01,-3.799629807472229004e-01,-3.205779492855072021e-01,-2.765207290649414062e-01,2.801115512847900391e-01,2.191423671320080757e-03,-4.172162115573883057e-01,-2.849522531032562256e-01,1.232688277959823608e-01,4.830287024378776550e-02,-2.164596170186996460e-01,-4.363586306571960449e-01,-7.285669445991516113e-02,-2.273068279027938843e-01,-3.902321755886077881e-01,-3.791043162345886230e-01,-4.537796378135681152e-01,-2.736420631408691406e-01,9.774062037467956543e-02,-5.425421148538589478e-02,3.081089854240417480e-01,1.483988463878631592e-01,-2.504146397113800049e-01,-3.471587598323822021e-01,-4.537434577941894531e-01,-4.228547513484954834e-01,-3.336890637874603271e-01,-3.574991524219512939e-01,1.198494955897331238e-01,-2.240156754851341248e-02,-3.437751233577728271e-01,-2.120957523584365845e-01,-3.139481544494628906e-01,-4.047896564006805420e-01,-6.987178325653076172e-02,-2.458579652011394501e-02,-3.350679203867912292e-02,7.732234895229339600e-02,-1.408111900091171265e-01,1.842765510082244873e-02,-3.136746585369110107e-01,-1.938737928867340088e-01,-6.281216442584991455e-02,-3.162379935383796692e-02,4.080497473478317261e-02,-4.239393398165702820e-02,3.708508908748626709e-01,2.064893096685409546e-01,-9.899386018514633179e-02,-2.040147334337234497e-01,5.661625862121582031e-01,2.522273361682891846e-01,1.525300145149230957e-01,-3.929677233099937439e-02,-5.560886114835739136e-02,1.090045925229787827e-02,1.751299053430557251e-01,2.321090251207351685e-01,2.009987682104110718e-01,3.034650981426239014e-01,-1.088082194328308105e-01,1.667910963296890259e-01,8.868836611509323120e-02,-1.208863556385040283e-01,-3.083160817623138428e-01,1.312600523233413696e-01,-3.306834399700164795e-01,-2.997525036334991455e-01,-4.362397491931915283e-01,-3.237954974174499512e-01,-1.735159009695053101e-01,-2.532307207584381104e-01,-4.486896693706512451e-01,-3.601157069206237793e-01,-1.811680793762207031e-01,-2.205047756433486938e-01,1.724731642752885818e-03,2.230525910854339600e-01,2.763740420341491699e-01,5.149152874946594238e-01,-2.835856080055236816e-01,-2.852369844913482666e-01,-2.784967720508575439e-01,-1.169395670294761658e-01,-1.147641539573669434e-01,-5.491261929273605347e-02,-2.863262891769409180e-01,1.426953077316284180e-01,-2.254441380500793457e-01,-2.535220682621002197e-01,1.311589218676090240e-02,1.083496510982513428e-01,-1.035095825791358948e-01,-1.780893057584762573e-01,-1.525105256587266922e-02,-3.220896720886230469e-01,8.649199269711971283e-03,1.341517418622970581e-01,2.904624938964843750e-01,1.589447110891342163e-01,1.819797903299331665e-01,-1.170580983161926270e-01
1.840132102370262146e-02,1.304849386215209961e-01,-2.525949850678443909e-02,6.062971949577331543e-01,-1.067789271473884583e-02,-1.181500498205423355e-02,4.640621542930603027e-01,0.000000000000000000e+00,-6.094483658671379089e-02,-3.321020305156707764e-02,2.334568798542022705e-01,3.284515440464019775e-01,1.008692011237144470e-01,4.216947853565216064e-01,-4.623758792877197266e-01,-2.789363265037536621e-01,-4.197505414485931396e-01,-3.506023883819580078e-01,-3.294137492775917053e-02,9.899561852216720581e-02,-3.544253706932067871e-01,-2.718228399753570557e-01,-1.553631722927093506e-01,9.269327670335769653e-02,-4.875087738037109375e-01,-3.801823556423187256e-01,-8.816602826118469238e-02,-2.828713059425354004e-01,-3.377033174037933350e-01,-3.568877875804901123e-01,-4.589343965053558350e-01,-1.443820297718048096e-01,1.240076050162315369e-01,1.233767420053482056e-01,1.157950386404991150e-01,3.608535826206207275e-01,-4.756409823894500732e-01,-5.755089521408081055e-01,-4.298548698425292969e-01,-4.189763665199279785e-01,-4.873015880584716797e-01,-3.086534142494201660e-01,1.321008205413818359e-01,-1.540363430976867676e-01,-4.588908553123474121e-01,-2.773854136466979980e-01,-4.922165572643280029e-01,-5.193329453468322754e-01,-1.674124300479888916e-01,-5.203054845333099365e-02,1.388166993856430054e-01,2.681965231895446777e-01,1.216533035039901733e-01,-7.122038863599300385e-03,-1.857601106166839600e-01,-1.995733380317687988e-01,-2.003242634236812592e-02,5.179651454091072083e-02,3.104680776596069336e-01,3.580350875854492188e-01,4.983255267143249512e-01,5.384627580642700195e-01,2.006593793630599976e-01,1.913166493177413940e-01,2.511489987373352051e-01,4.875191152095794678e-01,3.684370517730712891e-01,4.269823729991912842e-01,-6.090510636568069458e-02,-6.223720964044332504e-03,-4.041619226336479187e-02,7.583571225404739380e-02,8.036462962627410889e-02,1.798813492059707642e-01,9.786375612020492554e-02,2.361453920602798462e-01,6.035942211747169495e-02,5.082479119300842285e-02,-3.895240426063537598e-01,5.459269508719444275e-03,-3.670196533203125000e-01,-2.847446501255035400e-01,-4.713536202907562256e-01,-3.954768776893615723e-01,-2.254082411527633667e-01,-4.825902730226516724e-02,-4.822834134101867676e-01,-2.915394008159637451e-01,-1.064974889159202576e-01,9.324317425489425659e-02,1.251244097948074341e-01,-8.054511621594429016e-03,3.709421455860137939e-01,1.395932435989379883e-01,-3.869148790836334229e-01,-4.235660731792449951e-01,-3.581570684909820557e-01,-1.946102529764175415e-01,-5.747428908944129944e-02,-1.570399999618530273e-01,-1.504198312759399414e-01,1.022491604089736938e-01,-1.741725504398345947e-01,-2.322343736886978149e-01,-8.260003477334976196e-02,-2.530330978333950043e-02,-2.327042371034622192e-01,-3.663400113582611084e-01,-6.876281648874282837e-02,-3.882860243320465088e-01,3.881841599941253662e-01,1.988436728715896606e-01,1.098833829164505005e-01,-4.010537639260292053e-03,6.701187044382095337e-02,-5.043034255504608154e-02
5.708438158035278320e-02,1.170694455504417419e-01,8.487283438444137573e-02,-8.115369081497192383e-02,1.573741063475608826e-02,4.369883835315704346e-01,-6.538826972246170044e-02,-6.094483658671379089e-02,0.000000000000000000e+00,5.265636444091796875e-01,-1.007204991765320301e-03,1.309631317853927612e-01,3.435355126857757568e-01,2.511101067066192627e-01,2.882660031318664551e-01,3.607217669486999512e-01,1.926535367965698242e-01,2.054846733808517456e-01,2.276314049959182739e-01,2.606543302536010742e-01,3.001881539821624756e-01,2.309666126966476440e-01,3.953476846218109131e-01,2.534374296665191650e-01,2.633260488510131836e-01,2.691068053245544434e-01,3.954801559448242188e-01,2.216207087039947510e-01,1.847888827323913574e-01,1.104556918144226074e-01,3.619346916675567627e-01,4.208267033100128174e-01,3.158453404903411865e-01,2.960166633129119873e-01,1.731417179107666016e-01,7.709624618291854858e-02,-1.038097068667411804e-01,-7.304517924785614014e-02,-1.029690653085708618e-01,-1.230295225977897644e-01,1.168659999966621399e-01,-3.058417513966560364e-02,9.958875179290771484e-02,-1.411230117082595825e-01,-1.451226174831390381e-01,-1.335557550191879272e-01,-9.382677078247070312e-02,-4.778112843632698059e-02,-1.190917715430259705e-01,-9.728796780109405518e-02,-1.744260042905807495e-01,-3.005574643611907959e-01,2.776542305946350098e-01,-9.048171341419219971e-03,1.141690998338162899e-03,3.003496490418910980e-02,9.611669182777404785e-02,1.246557906270027161e-01,-5.242513492703437805e-02,1.962743140757083893e-02,5.022160708904266357e-02,1.567393094301223755e-01,-1.418554224073886871e-03,1.605653315782546997e-01,1.823024898767471313e-01,-1.087910402566194534e-02,-1.174063459038734436e-01,-4.531657323241233826e-02,6.985528767108917236e-02,-7.602734863758087158e-02,-1.700609805993735790e-03,-3.863204270601272583e-02,1.738813817501068115e-01,4.723328631371259689e-03,1.322614252567291260e-01,-1.700834929943084717e-02,-1.721081584692001343e-01,-1.172361224889755249e-01,1.332053840160369873e-01,-3.216864541172981262e-02,2.786577939987182617e-01,2.441796213388442993e-01,1.269447207450866699e-01,1.688668318092823029e-02,3.698993325233459473e-01,-1.924268528819084167e-02,8.129996061325073242e-02,9.374612569808959961e-02,-1.731183752417564392e-02,1.009279415011405945e-01,-1.196698397397994995e-01,-1.738068163394927979e-01,-2.704240679740905762e-01,-2.505179047584533691e-01,1.603112965822219849e-01,-5.734021961688995361e-02,3.782595694065093994e-02,2.455947734415531158e-02,-1.717402786016464233e-01,-1.553685367107391357e-01,1.063973270356655121e-02,-2.250418961048126221e-01,-4.143257811665534973e-02,2.427710592746734619e-02,-3.085539937019348145e-01,-3.316776752471923828e-01,-1.742475032806396484e-01,7.709333300590515137e-02,-2.207315415143966675e-01,1.441501528024673462e-01,2.766808271408081055e-01,-7.228083908557891846e-02,-9.372776746749877930e-02,-2.036923468112945557e-01,-3.119530081748962402e-01,3.190577626228332520e-01
2.085243761539459229e-01,2.733095586299896240e-01,1.029288023710250854e-01,2.265461385250091553e-01,-1.631049662828445435e-01,6.416499018669128418e-01,-1.939152926206588745e-01,-3.321020305156707764e-02,5.265636444091796875e-01,0.000000000000000000e+00,-1.437069177627563477e-01,6.697446852922439575e-02,-9.540900588035583496e-02,1.263183802366256714e-01,7.135716825723648071e-02,5.020667910575866699e-01,-9.954939596354961395e-03,7.603093236684799194e-02,3.417911529541015625e-01,4.672468900680541992e-01,8.035822212696075439e-02,8.662065863609313965e-02,4.537610411643981934e-01,4.905183017253875732e-01,1.674907207489013672e-01,2.360541969537734985e-01,2.850359082221984863e-01,2.675428800284862518e-02,8.355377614498138428e-02,4.350052773952484131e-02,4.670485556125640869e-01,6.028419733047485352e-01,4.560327827930450439e-01,3.870909810066223145e-01,2.503049969673156738e-01,3.793198764324188232e-01,-2.040046304464340210e-01,-2.191107273101806641e-01,-1.093950942158699036e-01,-1.470152139663696289e-01,8.885513246059417725e-02,4.284016788005828857e-02,1.548370122909545898e-01,-2.119451910257339478e-01,-2.182598710060119629e-01,-2.346201837062835693e-01,-1.278037726879119873e-01,-1.963914334774017334e-01,-4.052905738353729248e-02,-2.176622115075588226e-02,-1.135947853326797485e-01,-2.695381343364715576e-01,2.600757777690887451e-01,-3.988794982433319092e-02,1.061626151204109192e-01,2.210180610418319702e-01,2.814808487892150879e-01,3.234275877475738525e-01,3.719270601868629456e-02,2.460388839244842529e-01,-5.345119629055261612e-03,2.144560962915420532e-01,4.650910943746566772e-02,1.434280127286911011e-01,-8.435218781232833862e-02,-8.865267969667911530e-03,3.055830597877502441e-01,3.491569161415100098e-01,2.482216954231262207e-01,1.856034845113754272e-01,-5.003955587744712830e-02,-7.549228519201278687e-02,-3.903392702341079712e-02,-1.411087512969970703e-01,2.110939025878906250e-01,4.730141162872314453e-02,-2.196996957063674927e-01,-1.052113100886344910e-01,-1.214185357093811035e-01,-2.857731096446514130e-02,7.738791406154632568e-02,1.815946889109909534e-03,5.995363462716341019e-03,-9.354662895202636719e-02,2.269213348627090454e-01,-1.426005959510803223e-01,1.539328396320343018e-01,2.792226076126098633e-01,-1.024604141712188721e-01,1.071233078837394714e-01,-1.405259966850280762e-01,-3.706685304641723633e-01,-2.569672167301177979e-01,-3.975288271903991699e-01,-7.893466204404830933e-02,-2.516309618949890137e-01,-1.603195965290069580e-01,-2.732761204242706299e-02,-1.096296682953834534e-01,-2.716885209083557129e-01,7.149305939674377441e-02,-1.883474737405776978e-01,7.878494262695312500e-02,5.423352122306823730e-02,-1.731614917516708374e-01,-2.089880853891372681e-01,-1.110031977295875549e-01,-9.727568365633487701e-03,-1.500050276517868042e-01,-9.519055485725402832e-02,3.548588454723358154e-01,6.148028373718261719e-02,-2.441465854644775391e-01,-1.783801317214965820e-01,-2.256532013416290283e-01,1.240916848182678223e-01
-1.780708506703376770e-02,-1.806283146142959595e-01,-1.008889302611351013e-01,-1.043557375669479370e-01,-1.201533246785402298e-03,-7.147824764251708984e-02,2.062280178070068359e-01,2.334568798542022705e-01,-1.007204991765320301e-03,-1.437069177627563477e-01,0.000000000000000000e+00,2.351498305797576904e-01,2.576354146003723145e-01,4.763161391019821167e-02,-1.404797583818435669e-01,-2.155043780803680420e-01,-1.141211166977882385e-01,-1.941826939582824707e-01,-1.918476223945617676e-01,-1.376501023769378662e-01,-1.430293321609497070e-01,-2.180922180414199829e-01,-2.010017782449722290e-01,-2.866912782192230225e-01,-3.145430088043212891e-01,-2.680037021636962891e-01,8.043474704027175903e-02,7.375343143939971924e-02,-6.424152106046676636e-02,-2.289047837257385254e-01,-1.542104780673980713e-01,-1.592411845922470093e-01,-9.905300289392471313e-02,-1.162968017160892487e-02,-7.696968317031860352e-02,-1.282628923654556274e-01,-1.524049490690231323e-01,-1.169850826263427734e-01,-8.394499123096466064e-02,7.854624092578887939e-02,-6.311602145433425903e-02,3.196975216269493103e-03,-1.109948530793190002e-01,-7.128467410802841187e-02,-2.580206096172332764e-01,-2.252687960863113403e-01,-3.398576378822326660e-01,-3.246810734272003174e-01,-2.499173879623413086e-01,-2.161311209201812744e-01,-6.333202868700027466e-02,3.758998587727546692e-02,2.463616989552974701e-02,-2.589763998985290527e-01,2.092927321791648865e-02,-2.015175521373748779e-01,-2.020825594663619995e-01,-1.935059428215026855e-01,3.862889409065246582e-01,4.175896644592285156e-01,6.700426936149597168e-01,3.642457723617553711e-01,3.522340655326843262e-01,1.917137801647186279e-01,-5.962184071540832520e-02,-3.903504088521003723e-02,6.685738451778888702e-03,-7.845444232225418091e-02,-2.336460798978805542e-01,-1.913830935955047607e-01,8.334475755691528320e-02,1.058407798409461975e-01,7.295412570238113403e-02,2.233218103647232056e-01,6.925725936889648438e-02,-5.079030524939298630e-03,1.944274008274078369e-01,5.910834297537803650e-02,-9.942790120840072632e-02,-2.109264284372329712e-01,-1.277161240577697754e-01,-1.152868270874023438e-01,-1.026199012994766235e-01,-1.288358718156814575e-01,-2.693690657615661621e-01,-1.070452928543090820e-01,-9.466985613107681274e-02,-1.364370435476303101e-01,3.691071569919586182e-01,1.087767928838729858e-01,1.472057122737169266e-02,1.026124358177185059e-01,-9.242086857557296753e-02,3.203506767749786377e-02,6.031513586640357971e-02,-5.493842810392379761e-02,-4.599260538816452026e-02,-2.261980623006820679e-02,1.815382987260818481e-01,2.145591676235198975e-01,1.522002071142196655e-01,3.109329044818878174e-01,6.183879449963569641e-02,1.371923089027404785e-01,-2.966627851128578186e-02,-8.962118625640869141e-02,4.402728751301765442e-02,1.268326193094253540e-01,-7.544438820332288742e-03,-3.422520682215690613e-02,1.679879724979400635e-01,1.168271452188491821e-01,3.472423925995826721e-02,-1.844818331301212311e-02,-2.680636197328567505e-02,1.204998120665550232e-01
-6.882096081972122192e-02,4.242268949747085571e-02,-3.017832040786743164e-01,6.389333307743072510e-02,-1.920968294143676758e-01,8.090991526842117310e-03,-4.464371874928474426e-02,3.284515440464019775e-01,1.309631317853927612e-01,6.697446852922439575e-02,2.351498305797576904e-01,0.000000000000000000e+00,3.861507475376129150e-01,7.225104570388793945e-01,1.789017468690872192e-01,2.136791795492172241e-01,3.028373718261718750e-01,3.406797349452972412e-01,-1.137320324778556824e-01,1.389675438404083252e-01,1.934337615966796875e-01,-4.229187592864036560e-02,-1.469324976205825806e-01,-1.362966150045394897e-01,-3.062922656536102295e-01,3.004953078925609589e-02,-2.703110314905643463e-02,-4.981438070535659790e-02,3.812504410743713379e-01,2.965194880962371826e-01,9.880191832780838013e-02,2.026772946119308472e-01,2.504573762416839600e-01,4.325050711631774902e-01,-1.674897372722625732e-01,6.435360014438629150e-02,-3.559452295303344727e-01,-2.614089548587799072e-01,-1.868725270032882690e-01,-2.183625102043151855e-01,-1.628110855817794800e-01,1.100719382520765066e-04,-3.225249797105789185e-02,-2.120462357997894287e-01,-1.196299642324447632e-01,6.667457520961761475e-02,-2.057619839906692505e-01,-1.475784480571746826e-01,-2.028642743825912476e-01,-1.127343773841857910e-01,3.797734901309013367e-02,1.206992864608764648e-01,1.481800377368927002e-01,-5.763518158346414566e-03,-2.562364339828491211e-01,-9.672563523054122925e-02,-7.845924049615859985e-02,9.051518142223358154e-02,1.235367357730865479e-01,1.581854224205017090e-01,2.840445041656494141e-01,5.829337835311889648e-01,5.013645887374877930e-01,7.252168059349060059e-01,9.840392321348190308e-02,2.598873972892761230e-01,-9.906584769487380981e-02,1.581229269504547119e-01,-2.074077576398849487e-01,-1.590097397565841675e-01,-3.158050179481506348e-01,-2.701666392385959625e-02,1.094649359583854675e-01,2.570231445133686066e-02,1.660735756158828735e-01,5.958504229784011841e-02,-8.864603936672210693e-02,1.736094504594802856e-01,1.514228135347366333e-01,7.018802314996719360e-02,2.996321022510528564e-01,3.611831963062286377e-01,9.619048982858657837e-02,4.415530711412429810e-02,1.377754062414169312e-01,4.329942762851715088e-01,-2.933342754840850830e-01,-1.240635886788368225e-01,-1.253394335508346558e-01,2.423191815614700317e-01,4.292448516935110092e-03,-2.208072841167449951e-01,-2.743756771087646484e-02,-2.883468568325042725e-01,8.611367642879486084e-02,-1.069184765219688416e-01,-1.054560914635658264e-01,-1.350551694631576538e-01,-2.239935994148254395e-01,-1.194671615958213806e-01,-1.093743294477462769e-01,-8.549307286739349365e-02,-3.376440107822418213e-01,-1.665356457233428955e-01,-2.575561404228210449e-01,-3.821827471256256104e-01,-3.581254184246063232e-01,-8.213489502668380737e-02,-3.080098628997802734e-01,5.874562636017799377e-02,4.569127261638641357e-01,-1.552079021930694580e-01,-1.856559813022613525e-01,-3.302020132541656494e-01,-3.262361586093902588e-01,3.795803189277648926e-01
-8.388786762952804565e-02,-4.671319946646690369e-02,7.493564486503601074e-02,-1.993602216243743896e-01,1.178284268826246262e-02,-2.119445651769638062e-01,3.874371349811553955e-01,1.008692011237144470e-01,3.435355126857757568e-01,-9.540900588035583496e-02,2.576354146003723145e-01,3.861507475376129150e-01,0.000000000000000000e+00,5.432721376419067383e-01,3.282354474067687988e-01,5.360242351889610291e-02,3.843803107738494873e-01,3.958549201488494873e-01,1.476324051618576050e-01,-1.323480624705553055e-02,2.463451325893402100e-01,6.145591661334037781e-02,1.542116254568099976e-01,-1.065518036484718323e-01,1.213336642831563950e-02,-1.084335520863533020e-02,1.079695820808410645e-01,5.760631337761878967e-02,2.317832410335540771e-01,2.109067440032958984e-01,-1.102013140916824341e-02,2.823632769286632538e-02,1.828239858150482178e-01,2.286401689052581787e-01,8.352729678153991699e-02,-1.221053153276443481e-01,-1.568831801414489746e-01,-1.194833740592002869e-01,-2.279014885425567627e-01,-2.743549048900604248e-01,-2.087910287082195282e-02,-1.772134900093078613e-01,8.839809149503707886e-02,-5.438306555151939392e-02,-3.307071328163146973e-02,1.243896931409835815e-01,-1.089706346392631531e-01,-5.680670216679573059e-02,-8.331269025802612305e-02,-1.092927902936935425e-01,-4.799792170524597168e-02,-9.463499486446380615e-02,1.045436412096023560e-02,5.967694520950317383e-02,-4.415460228919982910e-01,-3.552893400192260742e-01,-1.539652049541473389e-01,-8.720277249813079834e-02,-1.956863254308700562e-01,-2.830786406993865967e-01,1.984032839536666870e-01,2.456783354282379150e-01,3.585209697484970093e-02,2.040068656206130981e-01,5.650647878646850586e-01,2.147073000669479370e-01,-3.786463737487792969e-01,-3.382564783096313477e-01,-2.453290522098541260e-01,-2.473180741071701050e-01,1.652354747056961060e-02,1.707234829664230347e-01,3.155605494976043701e-01,1.922597140073776245e-01,-3.288035839796066284e-02,-1.369036734104156494e-02,-7.964566349983215332e-03,1.077779568731784821e-02,2.969770431518554688e-01,1.472701877355575562e-01,3.659774065017700195e-01,3.449457585811614990e-01,1.368050873279571533e-01,7.500945776700973511e-02,2.438358068466186523e-01,9.732984006404876709e-02,-3.008342683315277100e-01,-2.831391394138336182e-01,-1.852998435497283936e-01,-1.778016686439514160e-01,-5.609869584441184998e-02,4.476649314165115356e-02,3.369535552337765694e-03,1.196662932634353638e-01,2.165841013193130493e-01,1.424284838140010834e-02,1.756309159100055695e-02,-1.510090678930282593e-01,-3.645526468753814697e-01,-1.452145129442214966e-01,-3.520843088626861572e-01,-2.062941491603851318e-01,-4.640784859657287598e-01,-3.306821286678314209e-01,-2.443419545888900757e-01,-3.505689501762390137e-01,-3.038885891437530518e-01,2.593194134533405304e-02,-3.684010803699493408e-01,1.753982007503509521e-01,1.601625978946685791e-01,-2.164582312107086182e-01,1.498912647366523743e-02,-2.101437151432037354e-01,-2.467114776372909546e-01,3.809283673763275146e-01
