0.000000000000000000e+00,2.963115274906158447e-01,6.855517160147428513e-03,3.169710189104080200e-02,8.728897199034690857e-03,7.244197279214859009e-02,1.378786861896514893e-01,1.313842684030532837e-01,-1.587723940610885620e-02,5.706927180290222168e-02,3.208645284175872803e-01,3.478487133979797363e-01,2.969525754451751709e-01,3.598145544528961182e-01,2.089920341968536377e-01,1.550322622060775757e-01,2.167345583438873291e-01,1.855416595935821533e-01,3.564824163913726807e-01,3.502042889595031738e-01,3.524506837129592896e-02,2.999190241098403931e-02,-1.233214959502220154e-01,-5.347751826047897339e-02,-3.680840134620666504e-01,-2.769924104213714600e-01,-1.354786194860935211e-02,-1.595302820205688477e-01,1.687499284744262695e-01,2.542068064212799072e-01,-9.286772459745407104e-02,-1.324652731418609619e-01,3.171980008482933044e-02,3.614071756601333618e-02,-1.941628307104110718e-01,-1.511943340301513672e-01,-1.992680877447128296e-01,-2.188979685306549072e-01,-2.635008692741394043e-01,-1.911681741476058960e-01,-4.846986383199691772e-03,-2.022387087345123291e-02,-1.574914455413818359e-01,-8.260042965412139893e-02,-6.087395921349525452e-02,-6.004290655255317688e-02,-1.697739213705062866e-01,-1.719579696655273438e-01,-8.372921496629714966e-02,-8.900648355484008789e-02,-1.507621705532073975e-01,-1.607862561941146851e-01,-1.118019819259643555e-01,-1.472901701927185059e-01,-1.801911294460296631e-01,-2.062443345785140991e-01,4.277783036231994629e-01,3.016378581523895264e-01,2.044921070337295532e-01,1.747782826423645020e-01,2.927140295505523682e-01,7.013562321662902832e-02,2.368442267179489136e-01,2.050682604312896729e-01,-7.333120703697204590e-02,-8.331339806318283081e-02,-2.315175384283065796e-01,-2.571772336959838867e-01,3.926281929016113281e-01,-7.023750245571136475e-02,1.623219400644302368e-01,9.858174622058868408e-02,1.332226842641830444e-01,2.003020644187927246e-01,-1.871052570641040802e-02,1.488677859306335449e-01,1.488959938287734985e-01,-6.791666150093078613e-02,8.560770750045776367e-02,1.034974008798599243e-01,1.234515383839607239e-01,1.797614395618438721e-01,-6.806560605764389038e-02,1.049569174647331238e-01,2.036654055118560791e-01,-7.635343819856643677e-03,-6.466811150312423706e-02,-1.359567344188690186e-01,-3.118117898702621460e-02,-2.072563767433166504e-01,-2.019454985857009888e-01,-1.179535463452339172e-01,-5.780991911888122559e-02,-7.550314068794250488e-02,-1.259586811065673828e-01,-9.524538367986679077e-02,-1.320465356111526489e-01,-6.550295650959014893e-02,4.136720090173184872e-04,7.701664417982101440e-02,-1.144926901906728745e-02,-6.398868560791015625e-02,-9.403444826602935791e-02,-1.490101516246795654e-01,-1.335539072751998901e-01,-1.200507879257202148e-01,8.994384109973907471e-02,6.578409671783447266e-02,-3.004278987646102905e-02,7.758699357509613037e-02,-9.880477935075759888e-02,-7.547721266746520996e-03,-1.135350316762924194e-01,-2.398515492677688599e-02,-6.759168207645416260e-02,-4.777997732162475586e-02
2.963115274906158447e-01,0.000000000000000000e+00,-1.890407949686050415e-01,-3.153831660747528076e-01,-2.159038484096527100e-01,-1.727972626686096191e-01,-2.141147106885910034e-01,-2.266000211238861084e-01,-2.165732234716415405e-01,-2.987360358238220215e-01,3.455440402030944824e-01,3.274215161800384521e-01,2.991311624646186829e-02,1.724396795034408569e-01,-6.511762330774217844e-05,-1.778308004140853882e-01,5.316829085350036621e-01,5.469645261764526367e-01,3.079404830932617188e-01,5.377638936042785645e-01,2.971563674509525299e-02,7.384046912193298340e-02,-2.126475721597671509e-01,-3.094706535339355469e-01,-2.225606739521026611e-01,-2.628622651100158691e-01,1.656845957040786743e-02,-1.133141592144966125e-01,3.878158330917358398e-01,5.321351885795593262e-01,-4.083108156919479370e-03,-9.862217307090759277e-02,1.810296177864074707e-01,1.874924153089523315e-01,-2.831096053123474121e-01,-1.494749039411544800e-01,-9.911724925041198730e-02,-1.586466282606124878e-01,-2.013212293386459351e-01,-1.630082726478576660e-01,-1.481116516515612602e-03,4.082892835140228271e-02,-1.647874712944030762e-02,3.566969186067581177e-02,1.064499467611312866e-01,1.424783915281295776e-01,2.517073974013328552e-02,9.106838260777294636e-04,7.388851046562194824e-02,8.494307100772857666e-02,1.868289709091186523e-02,4.847681615501642227e-03,1.079529300332069397e-01,1.024763006716966629e-02,5.576164275407791138e-02,2.781169861555099487e-02,6.392647624015808105e-01,6.525630354881286621e-01,1.677593886852264404e-01,2.240573912858963013e-01,-8.022209256887435913e-02,-3.049740791320800781e-01,4.088186025619506836e-01,4.860099256038665771e-01,-3.842378556728363037e-01,-4.264411032199859619e-01,-3.320102393627166748e-01,-3.316325843334197998e-01,3.823366165161132812e-01,8.155362308025360107e-02,-4.326702654361724854e-02,-5.572844296693801880e-03,2.685269415378570557e-01,3.544208407402038574e-01,1.045579742640256882e-02,2.209493704140186310e-02,-5.805794894695281982e-02,-1.400278508663177490e-01,2.081934809684753418e-01,2.423861026763916016e-01,3.372635841369628906e-01,3.419882059097290039e-01,1.996206939220428467e-01,3.782781660556793213e-01,-1.652796566486358643e-02,8.452572673559188843e-02,-1.203783527016639709e-01,-2.121116816997528076e-01,-1.923831850290298462e-01,-1.421508342027664185e-01,-3.583012223243713379e-01,-3.809516131877899170e-01,-2.109107822179794312e-01,-2.681721448898315430e-01,-1.810442656278610229e-01,5.082632414996623993e-03,-1.313802227377891541e-02,2.422612905502319336e-02,1.519496142864227295e-01,-9.564225375652313232e-02,3.229290246963500977e-01,8.395785838365554810e-02,1.604932844638824463e-01,1.375757604837417603e-01,-4.459097236394882202e-02,-8.053394407033920288e-02,4.809201695024967194e-03,1.632019281387329102e-01,-9.840519726276397705e-02,-1.522066593170166016e-01,6.737372279167175293e-02,1.382876783609390259e-01,9.994821995496749878e-02,1.459028869867324829e-01,2.668845094740390778e-02,3.918864578008651733e-02
6.855517160147428513e-03,-1.890407949686050415e-01,0.000000000000000000e+00,4.910680353641510010e-01,1.252833902835845947e-01,2.119496613740921021e-01,6.346287131309509277e-01,1.022769361734390259e-01,3.164580762386322021e-01,2.260547578334808350e-01,-3.923771977424621582e-01,-4.650235474109649658e-01,-1.367920488119125366e-01,-4.056190550327301025e-01,1.426548659801483154e-01,4.316341131925582886e-02,-4.603266417980194092e-01,-3.500946760177612305e-01,6.724909693002700806e-02,-2.102769315242767334e-01,-9.728571027517318726e-02,8.395656198263168335e-02,6.105409264564514160e-01,5.558749437332153320e-01,2.518752217292785645e-01,3.608512878417968750e-01,7.112751901149749756e-02,1.832965910434722900e-01,-2.895627617835998535e-01,-3.723703622817993164e-01,2.649767994880676270e-01,3.790285885334014893e-01,2.384446561336517334e-01,1.035161241888999939e-01,4.892254471778869629e-01,7.484669983386993408e-02,1.539328247308731079e-01,1.702182441949844360e-01,1.676085591316223145e-01,1.276932507753372192e-01,6.439759582281112671e-02,8.954161778092384338e-03,-9.287511557340621948e-02,-1.308055967092514038e-01,-6.931645423173904419e-02,-2.247485220432281494e-01,-1.986465305089950562e-01,-2.219868004322052002e-01,-1.512244641780853271e-01,-9.688647091388702393e-02,-1.772714108228683472e-01,-8.168227225542068481e-02,-2.582026124000549316e-01,-2.364328801631927490e-01,-1.550894826650619507e-01,-1.579027920961380005e-01,-2.795399427413940430e-01,-3.427539169788360596e-01,-3.185909986495971680e-01,-2.391874194145202637e-01,-1.942492090165615082e-02,1.621232926845550537e-01,-4.617059230804443359e-01,-5.101919174194335938e-01,6.181009411811828613e-01,3.964097499847412109e-01,3.134756982326507568e-01,1.429977566003799438e-01,5.373525992035865784e-02,-1.033540740609169006e-01,1.349978148937225342e-01,3.161651641130447388e-02,-1.680016368627548218e-01,-2.995472848415374756e-01,1.845523864030838013e-01,1.524572968482971191e-01,3.321903198957443237e-02,-3.049007616937160492e-02,-1.556173413991928101e-01,-1.931046694517135620e-01,-3.624899983406066895e-01,-2.953273355960845947e-01,-4.727486521005630493e-02,-2.858521044254302979e-01,-8.835575729608535767e-02,-2.956762015819549561e-01,3.199549019336700439e-01,6.335604190826416016e-02,3.117041289806365967e-02,-2.359794825315475464e-01,1.039928793907165527e-01,2.474080920219421387e-01,-7.966098934412002563e-02,2.465023696422576904e-01,1.683390736579895020e-01,1.248154193162918091e-01,-3.290088847279548645e-02,1.042687240988016129e-02,-9.257299453020095825e-02,2.358439713716506958e-01,-2.328344285488128662e-01,-1.531995981931686401e-01,-4.267537966370582581e-02,-1.369288861751556396e-01,5.731938406825065613e-02,1.099848002195358276e-01,7.597212493419647217e-02,-1.059420853853225708e-01,1.247944384813308716e-01,4.044190794229507446e-02,-2.264112234115600586e-01,-8.318702131509780884e-02,-1.345524638891220093e-01,6.377297639846801758e-02,-2.720242738723754883e-02,1.078470498323440552e-01
3.169710189104080200e-02,-3.153831660747528076e-01,4.910680353641510010e-01,0.000000000000000000e+00,1.336893588304519653e-01,4.003411531448364258e-01,6.595962047576904297e-01,6.574372053146362305e-01,3.627334237098693848e-01,4.588325917720794678e-01,-2.403414100408554077e-01,-2.229185402393341064e-01,-2.144975960254669189e-01,-1.673457920551300049e-01,-1.151326596736907959e-01,2.037282288074493408e-01,-3.538326025009155273e-01,-3.813039064407348633e-01,2.069974504411220551e-02,-1.652246862649917603e-01,-1.919001340866088867e-01,9.306845813989639282e-02,2.527197599411010742e-01,5.364243388175964355e-01,1.527152061462402344e-01,3.223738670349121094e-01,7.572512328624725342e-02,1.565971821546554565e-01,-3.022416830062866211e-01,-3.836337924003601074e-01,7.291197031736373901e-02,4.100482165813446045e-01,1.567443273961544037e-02,1.355491727590560913e-01,4.040492177009582520e-01,2.064806222915649414e-01,4.428185895085334778e-02,1.510590612888336182e-01,1.465023010969161987e-01,2.020392715930938721e-01,-1.029953062534332275e-01,-1.144140586256980896e-01,-3.938596546649932861e-01,-4.274392127990722656e-01,-3.994483351707458496e-01,-4.849942028522491455e-01,-4.621314108371734619e-01,-4.612349867820739746e-01,-4.856617748737335205e-01,-4.112465083599090576e-01,-4.646421670913696289e-01,-3.138197064399719238e-01,-5.090184211730957031e-01,-2.582193315029144287e-01,-4.744676351547241211e-01,-4.200125038623809814e-01,-1.966159492731094360e-01,-2.466083914041519165e-01,-2.975552678108215332e-01,-3.054302334785461426e-01,2.571031451225280762e-01,6.097380518913269043e-01,-4.246031641960144043e-01,-3.419694304466247559e-01,4.138831794261932373e-01,7.033948302268981934e-01,3.496616184711456299e-01,3.795638680458068848e-01,-5.582172051072120667e-02,-6.764332205057144165e-02,1.984013468027114868e-01,1.230418011546134949e-01,-1.455093175172805786e-01,-2.410768866539001465e-01,2.320887520909309387e-02,2.190921157598495483e-01,-7.363729178905487061e-02,6.303445249795913696e-02,-2.613785304129123688e-02,-1.010011434555053711e-01,-2.595733404159545898e-01,-2.298166751861572266e-01,-3.044715523719787598e-01,-2.818794250488281250e-01,-1.473896652460098267e-01,-1.023218557238578796e-01,2.800578810274600983e-02,9.769138693809509277e-02,-2.563048340380191803e-02,-5.401742085814476013e-02,2.747315168380737305e-01,3.225997090339660645e-01,1.469189524650573730e-01,2.893461883068084717e-01,8.959412574768066406e-02,6.778958439826965332e-02,-9.147695451974868774e-02,-5.417003482580184937e-02,6.929697468876838684e-03,1.900322139263153076e-01,-3.117157220840454102e-01,2.415479160845279694e-02,-2.012327909469604492e-01,-1.202604398131370544e-01,7.560676336288452148e-02,1.310423761606216431e-01,2.013589255511760712e-02,-1.337129920721054077e-01,1.530013829469680786e-01,2.363696694374084473e-02,-7.085879892110824585e-02,-2.232290357351303101e-01,-3.742722868919372559e-01,-2.645136117935180664e-01,-7.411448657512664795e-02,7.633071392774581909e-02
8.728897199034690857e-03,-2.159038484096527100e-01,1.252833902835845947e-01,1.336893588304519653e-01,0.000000000000000000e+00,3.010829091072082520e-01,2.546036243438720703e-01,1.672749519348144531e-01,3.462592363357543945e-01,3.443596363067626953e-01,-4.431088641285896301e-02,-1.715909540653228760e-01,-9.442789107561111450e-02,4.470640327781438828e-03,1.577598452568054199e-01,1.828683316707611084e-01,-1.085047572851181030e-01,-8.629189431667327881e-02,2.556502074003219604e-02,-1.048763021826744080e-01,2.565433382987976074e-01,3.397312387824058533e-02,9.033382683992385864e-02,1.200445294380187988e-01,1.711694896221160889e-01,3.335354626178741455e-01,1.210583373904228210e-01,5.232850089669227600e-02,-7.474484294652938843e-02,-1.821378767490386963e-01,3.278478980064392090e-01,2.194499373435974121e-01,5.958045646548271179e-02,-5.984245240688323975e-02,1.193583011627197266e-02,-1.143379285931587219e-01,4.699704051017761230e-02,1.329559981822967529e-01,5.901389569044113159e-02,9.129235520958900452e-03,9.094122797250747681e-02,-8.035716414451599121e-02,-2.329457104206085205e-01,-2.028938978910446167e-01,-2.252800762653350830e-01,-2.632172107696533203e-01,-2.172974646091461182e-01,-2.235719412565231323e-01,-2.809179127216339111e-01,-2.370743751525878906e-01,-2.621245682239532471e-01,-2.396946847438812256e-01,-2.472340911626815796e-01,-1.989779025316238403e-01,-1.638550758361816406e-01,-2.250565439462661743e-01,-6.660095602273941040e-02,-1.388345956802368164e-01,-1.401559263467788696e-01,-1.798112094402313232e-01,5.359144881367683411e-03,1.473298966884613037e-01,-1.924065351486206055e-01,-1.546705812215805054e-01,1.362650394439697266e-01,2.382186949253082275e-01,1.278032958507537842e-01,1.126328781247138977e-01,-4.806147515773773193e-02,7.475651800632476807e-02,3.466189205646514893e-01,3.874981701374053955e-01,-6.389113515615463257e-02,-7.928999513387680054e-02,2.263902127742767334e-02,8.523367345333099365e-02,7.591441273689270020e-02,5.517539381980895996e-02,3.404778614640235901e-02,2.358316257596015930e-02,4.725040867924690247e-02,-4.914604872465133667e-02,-1.248538047075271606e-01,-9.784889221191406250e-02,6.374502927064895630e-02,-2.311240285634994507e-01,1.834295690059661865e-01,9.093444049358367920e-02,2.414022237062454224e-01,-6.002865359187126160e-02,-1.144048571586608887e-02,1.471667289733886719e-01,4.456141591072082520e-02,4.998329281806945801e-02,6.270959973335266113e-02,-6.419546902179718018e-02,-3.606792539358139038e-02,-9.568396210670471191e-02,-1.818921416997909546e-01,4.413476679474115372e-03,-2.057749480009078979e-01,-1.432166248559951782e-01,-1.440215557813644409e-01,-2.873951494693756104e-01,-1.406427174806594849e-01,-2.048927843570709229e-01,9.212863445281982422e-02,-1.628419458866119385e-01,7.083584368228912354e-02,1.955588310956954956e-01,-1.584870368242263794e-01,-1.292302459478378296e-01,-2.753796279430389404e-01,-2.553595304489135742e-01,-2.155227661132812500e-01,-5.458165332674980164e-02
7.244197279214859009e-02,-1.727972626686096191e-01,2.119496613740921021e-01,4.003411531448364258e-01,3.010829091072082520e-01,0.000000000000000000e+00,3.374478518962860107e-01,3.299877643585205078e-01,4.306488037109375000e-01,5.474075675010681152e-01,-2.801379933953285217e-02,-9.472402185201644897e-02,2.823796868324279785e-02,-3.731684759259223938e-02,1.014346703886985779e-01,3.675200641155242920e-01,-7.813379168510437012e-02,-1.425719857215881348e-01,-1.232193335890769958e-01,-1.832161098718643188e-01,5.252028629183769226e-02,9.236011654138565063e-03,-8.487222343683242798e-02,1.533875465393066406e-01,9.755341708660125732e-02,3.230445981025695801e-01,1.186509653925895691e-01,2.181497961282730103e-01,-6.838992983102798462e-02,-1.496044993400573730e-01,1.346475929021835327e-01,2.559156119823455811e-01,-1.275100708007812500e-01,-6.794539093971252441e-02,1.225226074457168579e-01,7.016332447528839111e-02,-4.952182993292808533e-02,3.638094663619995117e-02,1.551128327846527100e-01,1.276961266994476318e-01,-7.956490735523402691e-04,-8.114033937454223633e-02,-1.817799955606460571e-01,-1.873082071542739868e-01,-1.847988367080688477e-01,-2.294531911611557007e-01,-1.872705370187759399e-01,-2.101566642522811890e-01,-2.263026535511016846e-01,-2.053590863943099976e-01,-2.655350565910339355e-01,-1.625096350908279419e-01,-2.847000360488891602e-01,-1.863026618957519531e-01,-2.183715552091598511e-01,-1.849175691604614258e-01,-6.488698720932006836e-02,-1.198119223117828369e-01,-1.228703409433364868e-01,-1.568607389926910400e-01,2.639225423336029053e-01,3.821122348308563232e-01,-2.434819042682647705e-01,-1.568924039602279663e-01,1.302898824214935303e-01,3.418826162815093994e-01,1.188262403011322021e-01,1.504144817590713501e-01,-7.501102983951568604e-02,1.361023336648941040e-01,1.149597987532615662e-01,1.349778473377227783e-01,-3.550470620393753052e-02,-1.227818280458450317e-01,-1.459639240056276321e-02,8.164548873901367188e-02,-6.114257499575614929e-02,-2.623240090906620026e-02,-4.599701985716819763e-02,-1.377741247415542603e-01,-9.845440834760665894e-02,-1.914970874786376953e-01,-1.357854455709457397e-01,-1.102028787136077881e-01,-2.548188716173171997e-02,2.767963893711566925e-02,8.983950316905975342e-02,2.328732758760452271e-01,1.572133600711822510e-02,8.485247939825057983e-02,7.617413997650146484e-02,1.921280026435852051e-01,-6.191053427755832672e-03,1.288489401340484619e-01,2.018193453550338745e-01,-1.616753172129392624e-03,1.365351527929306030e-01,-5.399334430694580078e-02,6.356485933065414429e-02,1.680020838975906372e-01,-2.896134555339813232e-01,-2.828123606741428375e-02,-1.659256070852279663e-01,-1.466751992702484131e-01,-8.384202420711517334e-02,1.970113627612590790e-02,5.828567221760749817e-02,-1.540309339761734009e-01,6.904040928930044174e-03,9.892582148313522339e-02,-1.684769093990325928e-01,6.953710317611694336e-02,-2.431503385305404663e-01,-2.607953250408172607e-01,2.681403793394565582e-02,-6.312835216522216797e-02
1.378786861896514893e-01,-2.141147106885910034e-01,6.346287131309509277e-01,6.595962047576904297e-01,2.546036243438720703e-01,3.374478518962860107e-01,0.000000000000000000e+00,5.172389745712280273e-01,4.319308698177337646e-01,3.591262996196746826e-01,-2.232309728860855103e-01,-2.322250455617904663e-01,-1.451027989387512207e-01,-2.638628184795379639e-01,6.781157571822404861e-03,8.415098488330841064e-02,-3.242106437683105469e-01,-2.578758895397186279e-01,8.471888303756713867e-02,-1.058385297656059265e-01,-6.705517321825027466e-02,2.788218669593334198e-02,3.279187977313995361e-01,4.833398163318634033e-01,1.626590341329574585e-01,3.463109731674194336e-01,8.771397173404693604e-02,6.160112097859382629e-02,-2.121378034353256226e-01,-2.631597518920898438e-01,3.012866973876953125e-01,4.755258262157440186e-01,2.378511577844619751e-01,2.534684836864471436e-01,3.991424143314361572e-01,1.276146918535232544e-01,1.395631395280361176e-02,6.533455848693847656e-02,1.234849989414215088e-01,8.689717948436737061e-02,-6.201845780014991760e-02,-8.607096225023269653e-02,-3.051235377788543701e-01,-3.218034207820892334e-01,-2.007294297218322754e-01,-3.699122667312622070e-01,-4.082503318786621094e-01,-4.347339570522308350e-01,-4.058288037776947021e-01,-3.403795063495635986e-01,-4.352981448173522949e-01,-3.098894953727722168e-01,-5.255964398384094238e-01,-3.930587768554687500e-01,-4.185564517974853516e-01,-4.320611953735351562e-01,-1.188768148422241211e-01,-2.300150096416473389e-01,-2.493792027235031128e-01,-3.032879531383514404e-01,2.494009733200073242e-01,4.775931537151336670e-01,-4.242891669273376465e-01,-3.275234103202819824e-01,4.373359382152557373e-01,5.990067124366760254e-01,4.175723493099212646e-01,3.328169584274291992e-01,3.883650153875350952e-02,-1.291342079639434814e-01,2.776637673377990723e-01,1.938402503728866577e-01,-1.012509167194366455e-01,-1.320732533931732178e-01,1.124334111809730530e-01,2.140466123819351196e-01,7.080317009240388870e-03,-2.119567431509494781e-02,-6.319109350442886353e-02,-1.114473715424537659e-01,-2.354165017604827881e-01,-2.216889113187789917e-01,-2.561196684837341309e-01,-3.441308736801147461e-01,-1.155640929937362671e-01,-2.573840320110321045e-01,1.077616959810256958e-01,-1.030851081013679504e-01,1.492562610656023026e-02,-2.846968173980712891e-01,9.152031689882278442e-02,2.222906500101089478e-01,-1.770278438925743103e-02,1.777150183916091919e-01,4.260745272040367126e-02,2.455320395529270172e-02,-1.148497089743614197e-01,-7.184205204248428345e-02,-8.498243987560272217e-02,1.441934257745742798e-01,-3.020104169845581055e-01,-5.935038998723030090e-02,-1.957511156797409058e-01,-2.455458194017410278e-01,1.273500826209783554e-02,3.738224133849143982e-02,8.202060312032699585e-02,-6.091793254017829895e-02,8.477564901113510132e-02,2.970797242596745491e-03,-2.119295001029968262e-01,-1.972615271806716919e-01,-3.703179061412811279e-01,-2.369791865348815918e-01,-1.321408599615097046e-01,8.205068856477737427e-02
1.313842684030532837e-01,-2.266000211238861084e-01,1.022769361734390259e-01,6.574372053146362305e-01,1.672749519348144531e-01,3.299877643585205078e-01,5.172389745712280273e-01,0.000000000000000000e+00,3.034633398056030273e-01,4.375838637351989746e-01,-4.355892166495323181e-02,9.731847792863845825e-02,-2.147573977708816528e-01,-2.090630866587162018e-02,-2.758845686912536621e-01,1.656929999589920044e-01,-8.858884871006011963e-02,-1.753717958927154541e-01,-4.081423860043287277e-03,-3.185320273041725159e-02,-7.753918319940567017e-02,8.406737819314002991e-03,-1.035738885402679443e-01,2.265196740627288818e-01,-8.088360540568828583e-03,2.194403111934661865e-01,4.422529041767120361e-02,-8.393207564949989319e-03,-1.307104378938674927e-01,-1.375342607498168945e-01,2.323572710156440735e-02,2.989709675312042236e-01,-1.744210161268711090e-02,2.113905996084213257e-01,1.497619301080703735e-01,1.023786142468452454e-01,-7.219049334526062012e-02,3.594747558236122131e-02,4.784000664949417114e-02,1.417190134525299072e-01,-2.503316998481750488e-01,-2.614524066448211670e-01,-4.594669044017791748e-01,-4.900363087654113770e-01,-4.239774346351623535e-01,-4.863948523998260498e-01,-5.056498050689697266e-01,-4.804489910602569580e-01,-5.731283426284790039e-01,-5.275628566741943359e-01,-5.563469529151916504e-01,-4.445270895957946777e-01,-5.782993435859680176e-01,-2.578546702861785889e-01,-5.366350412368774414e-01,-5.022065639495849609e-01,-9.621425415389239788e-04,-4.025574401021003723e-02,-1.387411355972290039e-01,-2.237765341997146606e-01,4.027375876903533936e-01,6.959219574928283691e-01,-2.743225395679473877e-01,-1.063774824142456055e-01,7.157746702432632446e-02,5.994688272476196289e-01,3.291472792625427246e-01,4.122171998023986816e-01,7.233615219593048096e-02,7.257899641990661621e-02,1.291629523038864136e-01,1.443850249052047729e-01,-1.684734821319580078e-01,-8.870670199394226074e-02,-1.148591041564941406e-01,1.750791072845458984e-01,-1.154730170965194702e-01,4.155673459172248840e-02,7.751105725765228271e-02,1.252489071339368820e-02,-4.067848622798919678e-02,-1.206168606877326965e-01,-3.879021704196929932e-01,-2.535793483257293701e-01,-2.070333659648895264e-01,-1.264088749885559082e-01,-2.129110395908355713e-01,-1.129183545708656311e-01,-1.607010513544082642e-02,-1.473877765238285065e-02,1.915213763713836670e-01,2.242823988199234009e-01,1.002419888973236084e-01,1.721998751163482666e-01,-2.829157561063766479e-02,-2.557352557778358459e-02,-6.987853348255157471e-02,-4.369432106614112854e-02,5.035652220249176025e-02,6.012753397226333618e-02,-2.296123653650283813e-01,9.533991664648056030e-02,-2.451108247041702271e-01,-1.722518503665924072e-01,-1.925469259731471539e-03,2.842968702316284180e-02,-9.644143283367156982e-03,-6.464707106351852417e-02,1.079528033733367920e-01,2.165991626679897308e-02,1.849361322820186615e-02,-1.875728815793991089e-01,-4.405636489391326904e-01,-4.303003847599029541e-01,-1.468047201633453369e-01,-3.232508199289441109e-03
-1.587723940610885620e-02,-2.165732234716415405e-01,3.164580762386322021e-01,3.627334237098693848e-01,3.462592363357543945e-01,4.306488037109375000e-01,4.319308698177337646e-01,3.034633398056030273e-01,0.000000000000000000e+00,6.372844576835632324e-01,-1.906596869230270386e-01,-2.510147690773010254e-01,-2.714977227151393890e-02,-3.464386463165283203e-01,1.597544252872467041e-01,2.151115536689758301e-01,-3.303206861019134521e-01,-2.449347674846649170e-01,1.199486199766397476e-02,-1.671413183212280273e-01,-2.277681231498718262e-02,6.428895890712738037e-02,1.515822410583496094e-01,1.795683652162551880e-01,4.120561480522155762e-01,4.843999445438385010e-01,2.474157810211181641e-01,2.229319214820861816e-01,-2.818107008934020996e-01,-2.471503764390945435e-01,1.181489899754524231e-01,2.561374604701995850e-01,-1.087521761655807495e-01,-1.079398095607757568e-01,2.395051717758178711e-01,6.348635256290435791e-02,-1.016878057271242142e-02,-1.966102514415979385e-03,2.024135887622833252e-01,2.556530237197875977e-01,-1.685460805892944336e-01,-1.612916588783264160e-01,-1.795164793729782104e-01,-1.860878318548202515e-01,-2.314157932996749878e-01,-2.637602984905242920e-01,-1.989150345325469971e-01,-2.254036217927932739e-01,-2.185900807380676270e-01,-1.838909536600112915e-01,-2.680105268955230713e-01,-1.797319352626800537e-01,-2.685810625553131104e-01,-1.911223679780960083e-01,-1.543665975332260132e-01,-2.307790666818618774e-01,-1.959357261657714844e-01,-2.860944271087646484e-01,-2.473590821027755737e-01,-3.757834434509277344e-01,1.393113434314727783e-01,2.978843152523040771e-01,-4.415282309055328369e-01,-3.192487061023712158e-01,2.641603052616119385e-01,3.756561279296875000e-01,1.614868491888046265e-01,7.999259233474731445e-02,-7.399275153875350952e-02,-7.421076297760009766e-02,1.706697940826416016e-01,5.794430524110794067e-02,-1.375754624605178833e-01,-1.795638799667358398e-01,7.792469859123229980e-02,1.069948226213455200e-01,1.975543424487113953e-02,4.612590372562408447e-02,-1.404335051774978638e-01,-2.595375776290893555e-01,-3.298450410366058350e-01,-4.231005907058715820e-01,-1.188747212290763855e-01,-3.204248547554016113e-01,-1.787991076707839966e-01,-2.181743830442428589e-01,1.493783742189407349e-01,-6.704042851924896240e-02,1.494078785181045532e-01,-2.621781826019287109e-02,2.927267551422119141e-01,2.336167395114898682e-01,6.440384685993194580e-02,2.128850072622299194e-01,4.476758837699890137e-02,5.414578691124916077e-02,2.879319526255130768e-02,-1.039966791868209839e-01,-1.274918019771575928e-02,1.005804911255836487e-01,-2.382726818323135376e-01,3.856999799609184265e-02,-1.052571013569831848e-01,-1.149466708302497864e-01,4.741529375314712524e-02,2.862708084285259247e-02,1.480146497488021851e-01,-2.555944919586181641e-01,-7.945052930153906345e-04,-6.795923691242933273e-03,-7.210382074117660522e-02,-1.110178232192993164e-01,-2.246348112821578979e-01,-2.522711753845214844e-01,-2.454083785414695740e-02,1.556927412748336792e-01
5.706927180290222168e-02,-2.987360358238220215e-01,2.260547578334808350e-01,4.588325917720794678e-01,3.443596363067626953e-01,5.474075675010681152e-01,3.591262996196746826e-01,4.375838637351989746e-01,6.372844576835632324e-01,0.000000000000000000e+00,-7.793324440717697144e-02,-1.549495160579681396e-01,1.992868259549140930e-02,-1.288418322801589966e-01,8.929438143968582153e-02,4.085500538349151611e-01,-3.054738044738769531e-01,-2.973523437976837158e-01,-6.372593808919191360e-03,-2.038760781288146973e-01,-2.437374368309974670e-02,1.565672606229782104e-01,2.943687513470649719e-02,1.987939327955245972e-01,2.647034227848052979e-01,4.305617511272430420e-01,2.101239562034606934e-01,1.333768069744110107e-01,-3.052553236484527588e-01,-2.752946317195892334e-01,-6.916758418083190918e-02,1.666346639394760132e-01,-2.107179909944534302e-01,-1.201592311263084412e-01,1.588093489408493042e-01,1.241867020726203918e-01,-7.316686958074569702e-02,5.196598172187805176e-02,1.161359101533889771e-01,2.872307300567626953e-01,-1.074464693665504456e-01,-1.485529541969299316e-01,-2.798997163772583008e-01,-3.021911382675170898e-01,-3.498236835002899170e-01,-3.194760382175445557e-01,-2.916158735752105713e-01,-3.077907562255859375e-01,-2.589671909809112549e-01,-2.169987112283706665e-01,-2.841173410415649414e-01,-2.169860005378723145e-01,-3.140526413917541504e-01,-1.851629465818405151e-01,-2.529225349426269531e-01,-2.496352642774581909e-01,-2.523868083953857422e-01,-2.694350481033325195e-01,-2.214162051677703857e-01,-2.848457694053649902e-01,2.287389189004898071e-01,4.502246081829071045e-01,-3.869991302490234375e-01,-2.780770957469940186e-01,2.129212766885757446e-01,4.119851589202880859e-01,1.061518490314483643e-01,8.840946853160858154e-02,-4.304922372102737427e-02,1.105980109423398972e-02,9.674201905727386475e-02,3.634466230869293213e-02,-2.075955718755722046e-01,-2.358317673206329346e-01,-5.413205176591873169e-02,1.430573463439941406e-01,5.663223564624786377e-03,5.692503228783607483e-02,-1.902618557214736938e-01,-3.005426526069641113e-01,-2.995697855949401855e-01,-3.814837932586669922e-01,-2.390131503343582153e-01,-2.456699758768081665e-01,-1.641506999731063843e-01,-1.292310208082199097e-01,1.273957043886184692e-01,1.893017143011093140e-01,1.273085922002792358e-01,6.787633895874023438e-02,3.206102252006530762e-01,2.977668344974517822e-01,1.638744324445724487e-01,2.858873307704925537e-01,3.356537595391273499e-02,-2.167025953531265259e-02,7.479281164705753326e-03,-2.730800025165081024e-02,-3.009661287069320679e-02,1.057172343134880066e-01,-3.753828704357147217e-01,1.166062429547309875e-02,-2.273851633071899414e-01,-1.134423539042472839e-01,-4.968808591365814209e-02,3.243956342339515686e-02,6.919086724519729614e-02,-1.927307397127151489e-01,7.096868753433227539e-02,5.169097706675529480e-02,-5.034537613391876221e-02,-1.025289297103881836e-01,-2.869223356246948242e-01,-3.399535417556762695e-01,1.718329079449176788e-02,4.425454884767532349e-02
3.208645284175872803e-01,3.455440402030944824e-01,-3.923771977424621582e-01,-2.403414100408554077e-01,-4.431088641285896301e-02,-2.801379933953285217e-02,-2.232309728860855103e-01,-4.355892166495323181e-02,-1.906596869230270386e-01,-7.793324440717697144e-02,0.000000000000000000e+00,6.175955533981323242e-01,3.725741505622863770e-01,4.967338740825653076e-01,1.906280778348445892e-02,6.612793076783418655e-03,5.496795773506164551e-01,4.867187142372131348e-01,5.262855812907218933e-02,3.471711277961730957e-01,-9.520700201392173767e-03,3.887693583965301514e-02,-3.676934838294982910e-01,-3.162587285041809082e-01,-3.830614686012268066e-01,-3.704964518547058105e-01,-3.124524094164371490e-02,-3.345889151096343994e-01,4.501954913139343262e-01,4.607260525226593018e-01,-1.071995869278907776e-01,-1.175642982125282288e-01,-5.540728196501731873e-02,5.547708645462989807e-02,-3.738453388214111328e-01,4.160749539732933044e-02,-4.600778818130493164e-01,-4.293169975280761719e-01,-3.982534408569335938e-01,-2.631163299083709717e-01,2.736005559563636780e-02,4.172753170132637024e-02,-1.090995147824287415e-01,1.534198503941297531e-02,4.299252852797508240e-02,1.630255728960037231e-01,2.216891385614871979e-02,1.240786910057067871e-02,5.582299828529357910e-02,6.806849688291549683e-02,3.999774809926748276e-03,-3.413895517587661743e-02,9.679961949586868286e-02,6.125392392277717590e-02,-7.090041041374206543e-02,-2.986131422221660614e-02,4.666282534599304199e-01,4.852387607097625732e-01,3.819094896316528320e-01,3.720778822898864746e-01,3.144330382347106934e-01,-3.031634353101253510e-02,5.579922199249267578e-01,6.233792304992675781e-01,-4.556358754634857178e-01,-3.223279118537902832e-01,-4.363021254539489746e-01,-2.862709760665893555e-01,1.332204639911651611e-01,1.391229629516601562e-01,-6.704619526863098145e-02,-3.534772619605064392e-02,2.324894964694976807e-01,4.107059836387634277e-01,-1.333046257495880127e-01,-2.265290357172489166e-02,6.964656710624694824e-02,-3.871403634548187256e-02,9.399351477622985840e-02,1.856318116188049316e-01,3.121873140335083008e-01,3.088777959346771240e-01,-1.881943494081497192e-01,1.256261914968490601e-01,7.343280315399169922e-02,1.985130012035369873e-01,-2.144103199243545532e-01,-9.095015376806259155e-02,2.691852627322077751e-03,1.573015376925468445e-02,-1.803431212902069092e-01,-2.090727984905242920e-01,-5.393413826823234558e-03,-3.424715250730514526e-02,-3.062185943126678467e-01,-3.649419844150543213e-01,-1.433327645063400269e-01,9.117959067225456238e-03,-1.188816269859671593e-03,-1.123633459210395813e-01,1.736062169075012207e-01,2.111762613058090210e-01,-1.359191816300153732e-02,-3.687574714422225952e-02,-2.106483429670333862e-01,-1.187705323100090027e-01,5.303879827260971069e-02,9.296094626188278198e-02,1.894228393211960793e-03,1.068177446722984314e-01,7.220345735549926758e-02,-5.870480835437774658e-02,-1.037469506263732910e-02,-1.395717859268188477e-01,-1.947139799594879150e-01,-2.043971568346023560e-01
3.478487133979797363e-01,3.274215161800384521e-01,-4.650235474109649658e-01,-2.229185402393341064e-01,-1.715909540653228760e-01,-9.472402185201644897e-02,-2.322250455617904663e-01,9.731847792863845825e-02,-2.510147690773010254e-01,-1.549495160579681396e-01,6.175955533981323242e-01,0.000000000000000000e+00,2.961909472942352295e-01,5.509017109870910645e-01,3.538750857114791870e-02,1.087119728326797485e-01,5.704977512359619141e-01,4.841927886009216309e-01,1.461745351552963257e-01,4.940554499626159668e-01,1.436293870210647583e-01,-1.135524138808250427e-01,-4.805907905101776123e-01,-3.238151371479034424e-01,-4.057766497135162354e-01,-4.304534792900085449e-01,3.342399746179580688e-02,-2.656759917736053467e-01,4.063841104507446289e-01,5.245686173439025879e-01,-1.126640811562538147e-01,-1.755431592464447021e-01,-2.545936778187751770e-02,1.230764985084533691e-01,-4.901981949806213379e-01,-1.228098422288894653e-01,-4.302161633968353271e-01,-3.705011904239654541e-01,-2.579282224178314209e-01,-1.514820009469985962e-01,-3.968605771660804749e-02,-7.933895289897918701e-02,-1.677991002798080444e-01,-8.429972827434539795e-02,-1.415657810866832733e-02,7.415103167295455933e-02,-3.821710869669914246e-02,-2.285932004451751709e-02,-2.398355863988399506e-02,-6.861869245767593384e-02,-8.874260634183883667e-02,-1.208256557583808899e-01,1.293946616351604462e-02,-4.607628658413887024e-02,-4.951729252934455872e-02,-8.347509056329727173e-02,4.799306988716125488e-01,4.610770940780639648e-01,3.276064693927764893e-01,3.056660592555999756e-01,3.042743206024169922e-01,-1.679282076656818390e-02,5.805782079696655273e-01,6.052339673042297363e-01,-5.022608041763305664e-01,-3.206726610660552979e-01,-4.289553761482238770e-01,-2.538676559925079346e-01,1.984027475118637085e-01,1.416551917791366577e-01,-7.638246566057205200e-02,2.794740349054336548e-02,1.571473479270935059e-01,3.378122150897979736e-01,-1.529326140880584717e-01,-4.344765096902847290e-02,-5.853229667991399765e-03,-1.111217495054006577e-02,1.967860758304595947e-01,1.627336293458938599e-01,4.427347779273986816e-01,3.917523026466369629e-01,-3.899111598730087280e-02,2.388105392456054688e-01,1.833832412958145142e-01,2.753560841083526611e-01,-1.744297146797180176e-01,-1.347887814044952393e-01,-4.845681041479110718e-02,-1.653609611093997955e-02,-1.603752076625823975e-01,-2.707851231098175049e-01,-6.854426860809326172e-02,-2.187281847000122070e-01,-2.027446031570434570e-01,-2.649188041687011719e-01,5.259475484490394592e-02,4.237188026309013367e-02,2.222902625799179077e-01,-1.868449896574020386e-02,2.358553409576416016e-01,1.452582031488418579e-01,5.254981666803359985e-02,-5.670805275440216064e-02,-2.559844851493835449e-01,-2.257991731166839600e-01,1.090003550052642822e-01,1.819162815809249878e-01,-1.365740746259689331e-01,4.999893903732299805e-02,4.195368662476539612e-02,1.121548712253570557e-01,3.737466176971793175e-03,-9.531582146883010864e-02,-1.210883259773254395e-01,-2.764908373355865479e-01
2.969525754451751709e-01,2.991311624646186829e-02,-1.367920488119125366e-01,-2.144975960254669189e-01,-9.442789107561111450e-02,2.823796868324279785e-02,-1.451027989387512207e-01,-2.147573977708816528e-01,-2.714977227151393890e-02,1.992868259549140930e-02,3.725741505622863770e-01,2.961909472942352295e-01,0.000000000000000000e+00,4.188290238380432129e-01,4.943740963935852051e-01,2.872734367847442627e-01,1.303151547908782959e-01,1.340092122554779053e-01,-2.782842330634593964e-02,2.086994610726833344e-02,-6.577633321285247803e-02,-1.730973422527313232e-01,-1.084017902612686157e-01,-7.287590205669403076e-02,-2.639159262180328369e-01,-3.159557282924652100e-01,-4.308251664042472839e-03,-1.015174910426139832e-01,2.451591491699218750e-01,1.587938964366912842e-01,-1.049616336822509766e-01,-1.998713165521621704e-01,-2.027013897895812988e-01,-1.966742575168609619e-01,-2.053369581699371338e-01,-5.571095272898674011e-02,-2.150378674268722534e-01,-2.476151883602142334e-01,-9.860207140445709229e-02,-2.635682523250579834e-01,2.530675828456878662e-01,1.121944487094879150e-01,1.279894262552261353e-01,1.617396771907806396e-01,1.168401017785072327e-01,1.753163933753967285e-01,1.381160467863082886e-01,7.741584628820419312e-02,2.077855765819549561e-01,1.677720248699188232e-01,1.827570945024490356e-01,8.792426437139511108e-02,1.678238362073898315e-01,9.004600346088409424e-02,3.149541839957237244e-02,8.567594736814498901e-02,9.116419404745101929e-02,5.612289160490036011e-02,1.695778518915176392e-01,1.496149152517318726e-01,1.908612847328186035e-01,-1.269420087337493896e-01,3.231423497200012207e-01,1.466046869754791260e-01,-4.434994235634803772e-02,-2.183024287223815918e-01,-4.655037522315979004e-01,-4.229573607444763184e-01,-4.941690340638160706e-02,-8.601256459951400757e-02,-2.182765863835811615e-02,-1.337184906005859375e-01,2.540749311447143555e-01,2.380144894123077393e-01,-1.133197769522666931e-01,2.133039571344852448e-02,1.248258799314498901e-01,3.063285350799560547e-02,-7.045827805995941162e-02,-2.004583552479743958e-02,-1.378114055842161179e-02,1.771470308303833008e-01,2.772653847932815552e-02,4.530720412731170654e-02,2.805017828941345215e-01,3.030379712581634521e-01,1.333859097212553024e-02,6.024146452546119690e-02,3.222392871975898743e-02,-1.922459341585636139e-03,-3.436865285038948059e-02,-1.051142737269401550e-01,5.730376020073890686e-02,2.752780169248580933e-02,-2.786062844097614288e-02,-1.220784634351730347e-01,-1.062524691224098206e-01,-6.689794361591339111e-02,3.586596250534057617e-02,1.650929898023605347e-01,-7.273409515619277954e-02,3.725746646523475647e-02,-3.566533699631690979e-02,-2.088761702179908752e-02,-1.511654406785964966e-01,-1.286917030811309814e-01,1.654170900583267212e-01,-2.295532822608947754e-02,-1.504806131124496460e-01,9.395648539066314697e-02,-8.159457892179489136e-02,-1.892010681331157684e-02,2.017199546098709106e-01,1.530859619379043579e-01,1.097393408417701721e-01,-1.586966514587402344e-01
