0.000000000000000000e+00,5.234779119491577148e-01,8.909113705158233643e-02,-1.253597587347030640e-01,-1.774720102548599243e-01,-2.121802419424057007e-01,3.631347715854644775e-01,6.711640954017639160e-02,-9.493552148342132568e-03,-1.412757337093353271e-01,4.956180155277252197e-01,2.141813933849334717e-01,4.195692539215087891e-01,2.039754390716552734e-01,-2.607628107070922852e-01,-3.566481769084930420e-01,-1.731554269790649414e-01,2.656036987900733948e-02,4.552280902862548828e-01,3.584586977958679199e-01,-2.454519569873809814e-01,-2.675908207893371582e-01,-1.703679710626602173e-01,-3.135358095169067383e-01,-1.126713380217552185e-01,-2.545990943908691406e-01,-9.925883263349533081e-02,-2.681609094142913818e-01,-1.182932183146476746e-01,-6.716414541006088257e-02,4.011102765798568726e-02,-5.469824373722076416e-02,1.104075834155082703e-01,6.677521765232086182e-02,-1.126570329070091248e-01,2.145886979997158051e-02,-1.253882944583892822e-01,-2.852029800415039062e-01,-2.632937133312225342e-01,-2.788731157779693604e-01,1.024032309651374817e-01,-1.745063364505767822e-01,6.441071629524230957e-02,-1.089479252696037292e-01,-9.215061366558074951e-02,-1.125855967402458191e-01,6.980684399604797363e-02,-3.644124045968055725e-02,1.053130030632019043e-01,1.716544479131698608e-01,2.520489692687988281e-01,6.893301755189895630e-02,2.527095079421997070e-01,3.263185545802116394e-02,1.327092051506042480e-01,-1.898055821657180786e-01,4.510195255279541016e-01,4.000770747661590576e-01,4.684394299983978271e-01,4.574904739856719971e-01,5.200407505035400391e-01,1.421424150466918945e-01,1.257417947053909302e-01,-7.381694740615785122e-04,-1.905246227979660034e-01,-1.580872237682342529e-01,-2.407530695199966431e-01,-2.584633827209472656e-01,2.157641798257827759e-01,1.200580894947052002e-01,7.441276311874389648e-02,-5.369454249739646912e-02,9.083203971385955811e-02,7.139565050601959229e-02,1.730911284685134888e-01,4.379880428314208984e-02,2.026261687278747559e-01,1.449387520551681519e-01,-7.339388132095336914e-02,-2.488961517810821533e-01,-1.019053459167480469e-01,-1.401172280311584473e-01,-2.330352514982223511e-01,-2.606272697448730469e-01,7.675819098949432373e-02,-3.810099959373474121e-01,-2.639366388320922852e-01,-4.026889801025390625e-01,-1.039044559001922607e-02,-2.605395317077636719e-01,7.201669365167617798e-02,-1.738499701023101807e-01,-3.386008739471435547e-02,-1.114979088306427002e-01,-1.725217700004577637e-01,-1.148217916488647461e-01,-3.435721248388290405e-02,-4.272760078310966492e-02,2.823344767093658447e-01,1.986779086291790009e-02,1.476597599685192108e-02,-4.982802271842956543e-02,-8.126430213451385498e-02,-1.375720947980880737e-01,7.957334071397781372e-02,-4.799237102270126343e-02,-3.701746091246604919e-02,-1.151342988014221191e-01,-6.285278126597404480e-03,-1.263296157121658325e-01,1.437217444181442261e-01,9.710264950990676880e-02,1.460682600736618042e-01,1.307264119386672974e-01,8.134949952363967896e-02,9.350425004959106445e-02
5.234779119491577148e-01,0.000000000000000000e+00,9.224579483270645142e-02,1.195326149463653564e-01,-1.125596836209297180e-01,1.152054872363805771e-02,5.090753361582756042e-02,9.518317878246307373e-02,1.387909706681966782e-02,-2.733870595693588257e-02,2.212042212486267090e-01,7.831979542970657349e-02,1.522003263235092163e-01,2.053066045045852661e-01,-2.245797067880630493e-01,-6.479592621326446533e-02,-2.009310061112046242e-03,1.857122480869293213e-01,4.749361872673034668e-01,3.909867703914642334e-01,-3.253867030143737793e-01,-2.936399579048156738e-01,-8.171993494033813477e-02,-1.315796524286270142e-01,-1.230990737676620483e-01,-1.570272147655487061e-01,-3.806111961603164673e-02,-1.940389722585678101e-01,-2.640366926789283752e-02,-7.648956775665283203e-02,1.856128335930407047e-03,-6.300821155309677124e-02,1.281912177801132202e-01,1.397006511688232422e-01,-4.893836006522178650e-02,4.356687888503074646e-02,-1.895325444638729095e-02,-1.937708258628845215e-01,-2.410028129816055298e-01,-1.581723988056182861e-01,2.920556366443634033e-01,-6.700074672698974609e-02,5.080658569931983948e-02,-5.009526014328002930e-02,-8.731801807880401611e-02,-6.845603883266448975e-02,8.126017451286315918e-02,6.161579117178916931e-02,-3.215947002172470093e-02,6.338983774185180664e-02,3.324139863252639771e-02,-1.111837662756443024e-02,2.392838150262832642e-02,4.380138218402862549e-02,4.291817080229520798e-03,-6.576495617628097534e-02,5.903163552284240723e-01,6.608412265777587891e-01,2.860458791255950928e-01,3.262877166271209717e-01,2.505701780319213867e-01,4.925564862787723541e-04,1.594671979546546936e-02,-1.061225011944770813e-01,-1.740966737270355225e-01,-1.476424932479858398e-01,-1.220723092555999756e-01,-1.063396111130714417e-01,1.383517384529113770e-01,1.360129714012145996e-01,-1.788592338562011719e-02,-1.870998181402683258e-02,1.041847020387649536e-01,4.075541347265243530e-02,7.838252186775207520e-02,1.817260868847370148e-02,1.466473191976547241e-01,1.558569967746734619e-01,1.030264496803283691e-01,-1.342923492193222046e-01,-1.575873941183090210e-01,-3.013395704329013824e-02,-1.425417214632034302e-01,-1.805415190756320953e-02,-1.762960255146026611e-01,-1.617831885814666748e-01,-2.930234670639038086e-01,-1.688077300786972046e-01,-2.793155312538146973e-01,-8.786379545927047729e-02,2.933266200125217438e-02,1.999980770051479340e-02,-8.609101921319961548e-02,1.083142906427383423e-01,6.606301292777061462e-03,4.605872184038162231e-02,6.753276288509368896e-02,1.670251786708831787e-01,4.355887174606323242e-01,2.846951186656951904e-01,4.486379679292440414e-03,1.241886541247367859e-01,-5.482558161020278931e-02,9.314266592264175415e-02,-5.013586953282356262e-02,-4.504612833261489868e-02,6.023643910884857178e-02,5.950534343719482422e-02,8.411946147680282593e-02,-1.730170100927352905e-01,3.157875314354896545e-02,2.086621671915054321e-01,2.843948900699615479e-01,1.556171774864196777e-01,5.737725179642438889e-03,8.846402913331985474e-02
8.909113705158233643e-02,9.224579483270645142e-02,0.000000000000000000e+00,6.016083955764770508e-01,1.319482028484344482e-01,1.703465729951858521e-01,4.542168974876403809e-01,3.471675515174865723e-01,1.847072094678878784e-01,2.830639779567718506e-01,8.037037216126918793e-03,-4.317162558436393738e-02,2.415219508111476898e-02,2.696545096114277840e-03,1.382102817296981812e-01,9.362693130970001221e-02,-2.158757746219635010e-01,-1.228435859084129333e-01,3.128704130649566650e-01,2.625543773174285889e-01,-7.080928236246109009e-02,-3.041470348834991455e-01,5.369584560394287109e-01,5.861269831657409668e-01,2.493934184312820435e-01,2.681606411933898926e-01,1.609784066677093506e-01,-3.346364945173263550e-02,-7.770355790853500366e-02,-1.540887653827667236e-01,3.112051188945770264e-01,3.014694452285766602e-01,2.728974521160125732e-01,2.399444729089736938e-01,5.013295412063598633e-01,3.778894841670989990e-01,-9.044445306062698364e-02,-9.380843490362167358e-02,-2.451185435056686401e-01,-3.318537175655364990e-01,-7.060994207859039307e-02,-2.212443947792053223e-01,-2.521203458309173584e-01,-2.606850862503051758e-01,-1.613555401563644409e-01,-4.477990269660949707e-01,-8.677734434604644775e-02,-1.537226885557174683e-01,-4.522854089736938477e-01,-4.389912486076354980e-01,-3.401749730110168457e-01,-4.593106210231781006e-01,-3.044746816158294678e-01,-4.168821573257446289e-01,-2.095720171928405762e-01,-2.448854446411132812e-01,2.031195163726806641e-02,4.486820474267005920e-02,-1.283776462078094482e-01,-2.186285555362701416e-01,4.522769525647163391e-02,-1.479473710060119629e-01,-9.633409976959228516e-02,-1.938960850238800049e-01,4.320636391639709473e-01,1.499729752540588379e-01,3.313763439655303955e-01,1.901740878820419312e-01,1.369431708008050919e-02,2.099128216505050659e-01,3.436198830604553223e-01,3.129092454910278320e-01,1.889709681272506714e-01,2.169541567564010620e-01,4.434205964207649231e-02,3.377772569656372070e-01,2.620410919189453125e-01,2.682385146617889404e-01,-1.591907888650894165e-01,-1.934514790773391724e-01,-3.338361978530883789e-01,-7.685132324695587158e-02,-7.657003402709960938e-02,-1.187855228781700134e-01,2.019559144973754883e-01,-1.030415743589401245e-01,-4.113825038075447083e-02,2.938580932095646858e-03,-1.041422709822654724e-01,-2.044645249843597412e-01,7.506438344717025757e-02,1.419491767883300781e-01,3.113552331924438477e-01,1.109914034605026245e-01,1.814953833818435669e-01,1.186686307191848755e-01,4.862159956246614456e-03,9.182069450616836548e-02,-1.367326918989419937e-02,9.529694914817810059e-02,2.815651893615722656e-01,-7.646746933460235596e-03,3.823168873786926270e-01,2.827276587486267090e-01,1.202932372689247131e-01,2.012927271425724030e-02,1.951309889554977417e-01,2.295152097940444946e-01,2.898759841918945312e-01,1.851800978183746338e-01,5.669618025422096252e-02,-2.038362622261047363e-01,1.116626486182212830e-01,-6.396976858377456665e-02,1.714016944169998169e-01,9.747093170881271362e-02
-1.253597587347030640e-01,1.195326149463653564e-01,6.016083955764770508e-01,0.000000000000000000e+00,1.706811785697937012e-01,3.696194887161254883e-01,2.043165117502212524e-01,4.909100532531738281e-01,3.151225745677947998e-01,4.025521278381347656e-01,-2.173583023250102997e-02,8.023474365472793579e-02,-5.967307090759277344e-02,1.078556999564170837e-01,9.876608848571777344e-02,3.420978486537933350e-01,-3.507487103343009949e-02,-4.250950179994106293e-03,2.407753616571426392e-01,2.335937917232513428e-01,-4.201951250433921814e-02,-2.442053854465484619e-01,6.475272178649902344e-01,7.019881010055541992e-01,1.529988348484039307e-01,2.944513857364654541e-01,9.856746345758438110e-02,2.658528089523315430e-02,1.064371019601821899e-01,-1.069556251168251038e-01,2.484846413135528564e-01,2.625881135463714600e-01,3.015165030956268311e-01,3.510107696056365967e-01,5.108709931373596191e-01,5.074933171272277832e-01,-7.718660403043031693e-03,-8.809783495962619781e-03,-2.058457136154174805e-01,-1.349465399980545044e-01,7.660683244466781616e-02,-1.835280507802963257e-01,-2.489782571792602539e-01,-2.294489294290542603e-01,-1.937021613121032715e-01,-3.501390218734741211e-01,-1.455335319042205811e-01,-1.715997159481048584e-01,-4.969765543937683105e-01,-4.582419395446777344e-01,-5.105419158935546875e-01,-4.069809317588806152e-01,-5.126459598541259766e-01,-3.009552061557769775e-01,-3.397280871868133545e-01,-9.402759373188018799e-02,-4.740564525127410889e-02,8.587931096553802490e-02,-1.623345911502838135e-01,-1.079436838626861572e-01,-7.587567716836929321e-02,4.013366624712944031e-02,-1.174177788197994232e-02,-4.133887588977813721e-02,3.477216958999633789e-01,3.172165155410766602e-01,4.013794660568237305e-01,3.547196686267852783e-01,-5.764571577310562134e-02,1.881851702928543091e-01,1.668924689292907715e-01,2.907559871673583984e-01,2.603640854358673096e-01,1.805249303579330444e-01,1.579487882554531097e-02,2.635366916656494141e-01,1.604664623737335205e-01,2.958051562309265137e-01,-6.742199510335922241e-02,-1.823443360626697540e-02,-3.204385638236999512e-01,1.344259232282638550e-01,-5.378363281488418579e-02,4.431668668985366821e-02,-8.521842956542968750e-02,3.369205594062805176e-01,-1.130892485380172729e-01,2.151945084333419800e-01,-3.892302215099334717e-01,1.586089432239532471e-01,1.386789791285991669e-02,3.270989656448364258e-01,2.740831673145294189e-01,3.658372461795806885e-01,1.983759403228759766e-01,1.426678299903869629e-01,1.313733961433172226e-02,2.050392478704452515e-01,-6.733255833387374878e-02,2.281261086463928223e-01,9.410626441240310669e-02,2.436595857143402100e-01,2.033064067363739014e-01,4.214085936546325684e-01,-8.340752869844436646e-02,3.026720322668552399e-02,1.764703840017318726e-01,3.647675216197967529e-01,2.003989070653915405e-01,5.484673380851745605e-02,-9.989377111196517944e-02,-1.262490749359130859e-01,1.748421639204025269e-01,3.532810509204864502e-02,2.702358737587928772e-02,1.337720081210136414e-02
-1.774720102548599243e-01,-1.125596836209297180e-01,1.319482028484344482e-01,1.706811785697937012e-01,0.000000000000000000e+00,6.361280083656311035e-01,-4.128321260213851929e-02,-4.496090114116668701e-02,3.338461816310882568e-01,1.106461063027381897e-01,1.144132204353809357e-02,2.705197408795356750e-02,-1.584358066320419312e-01,-1.976310610771179199e-01,4.085715413093566895e-01,3.830986618995666504e-01,8.641317486763000488e-02,4.366603866219520569e-02,-1.619269847869873047e-01,-7.906350493431091309e-02,6.506317853927612305e-02,1.760276220738887787e-02,1.635413169860839844e-01,2.630280554294586182e-01,3.299569943919777870e-03,1.418256163597106934e-01,4.089237451553344727e-01,2.881639599800109863e-01,7.721874117851257324e-02,-1.263354066759347916e-02,8.895261585712432861e-02,5.068735778331756592e-02,-2.095928974449634552e-02,3.079915791749954224e-02,-1.228580600582063198e-03,8.363825827836990356e-02,-1.895773708820343018e-01,-7.323299348354339600e-02,-1.291469205170869827e-02,-2.656972408294677734e-02,-1.827865689992904663e-01,6.748431175947189331e-02,-1.992060244083404541e-01,-1.630623936653137207e-01,-1.573223173618316650e-01,-2.486306130886077881e-01,-1.876481175422668457e-01,-2.138070017099380493e-01,-2.769081592559814453e-01,-2.104952484369277954e-01,-2.079913616180419922e-01,-2.467169165611267090e-01,-2.033552974462509155e-01,-1.486137211322784424e-01,2.440325170755386353e-02,4.026646539568901062e-02,2.219481021165847778e-02,-7.930115610361099243e-02,-4.319808259606361389e-02,-3.887502849102020264e-02,-5.361099913716316223e-02,-4.800780490040779114e-02,1.065508872270584106e-01,1.082276329398155212e-01,-1.395280957221984863e-01,-3.104282543063163757e-02,-7.768081501126289368e-03,1.923266425728797913e-02,-1.293427497148513794e-02,1.381444334983825684e-01,5.418625660240650177e-03,-1.310562621802091599e-02,-1.054784189909696579e-02,9.561106562614440918e-02,1.944452822208404541e-01,5.057174339890480042e-02,8.834534138441085815e-02,-2.863936498761177063e-02,-1.032604649662971497e-01,2.044422551989555359e-02,1.374345365911722183e-02,-5.958707630634307861e-02,5.940714478492736816e-02,-1.349886357784271240e-01,-2.164874076843261719e-01,-1.449596881866455078e-01,4.001211822032928467e-01,2.757301628589630127e-01,1.039497479796409607e-01,4.484324529767036438e-02,-1.736243218183517456e-01,1.035756096243858337e-01,-4.688512533903121948e-02,5.221508443355560303e-02,2.500106766819953918e-02,-7.538701593875885010e-02,-1.829243451356887817e-01,-9.242454171180725098e-02,-1.600353866815567017e-01,2.866194769740104675e-02,3.558071851730346680e-01,1.259115338325500488e-01,3.366854190826416016e-01,2.238204628229141235e-01,2.236358821392059326e-01,1.744537949562072754e-01,1.923712342977523804e-01,3.459196388721466064e-01,-5.905628949403762817e-02,-6.189154088497161865e-02,8.824519068002700806e-02,-1.504609435796737671e-01,-3.644561767578125000e-02,-2.572154998779296875e-01,1.093438640236854553e-01,-1.667950451374053955e-01
-2.121802419424057007e-01,1.152054872363805771e-02,1.703465729951858521e-01,3.696194887161254883e-01,6.361280083656311035e-01,0.000000000000000000e+00,-5.540494993329048157e-02,1.567658483982086182e-01,3.038829863071441650e-01,3.152887523174285889e-01,5.992127209901809692e-02,1.490258723497390747e-01,-5.832349509000778198e-02,-2.391222078585997224e-04,3.500780463218688965e-01,4.028834998607635498e-01,1.691259741783142090e-01,1.683707684278488159e-01,-1.241780593991279602e-01,2.438877895474433899e-02,3.970176447182893753e-03,-3.537582606077194214e-02,2.305158078670501709e-01,3.744384050369262695e-01,1.212863810360431671e-02,2.755358517169952393e-01,2.958787083625793457e-01,2.709660530090332031e-01,2.291072160005569458e-01,1.072577461600303650e-01,1.477354019880294800e-01,1.484508663415908813e-01,6.231825426220893860e-02,1.583436429500579834e-01,1.436909139156341553e-01,2.560565173625946045e-01,-7.890722155570983887e-02,-3.704375773668289185e-02,-7.177298516035079956e-02,-5.814151838421821594e-02,-9.421119093894958496e-02,6.151021644473075867e-02,-2.605337500572204590e-01,-1.891365200281143188e-01,-2.138536423444747925e-01,-3.119302690029144287e-01,-1.733761280775070190e-01,-2.414093315601348877e-01,-3.536077737808227539e-01,-3.326375782489776611e-01,-3.578013181686401367e-01,-3.717444241046905518e-01,-3.252166211605072021e-01,-2.423936128616333008e-01,-1.108145117759704590e-01,-1.136813964694738388e-02,4.087024927139282227e-02,-1.910751685500144958e-02,-1.044787243008613586e-01,-5.107614770531654358e-02,-7.198502868413925171e-02,2.469590166583657265e-03,1.387604176998138428e-01,1.352405995130538940e-01,-1.161760985851287842e-01,-1.176562998443841934e-02,3.902919217944145203e-02,1.371566802263259888e-01,-3.092662245035171509e-02,2.137851119041442871e-01,4.097260162234306335e-02,9.461889415979385376e-02,1.722579896450042725e-01,2.647019624710083008e-01,1.705280095338821411e-01,5.370389670133590698e-02,1.601443737745285034e-01,1.337248831987380981e-01,-1.223714277148246765e-02,7.839236408472061157e-02,-1.050057820975780487e-02,9.348205476999282837e-02,2.433903049677610397e-03,-3.951721638441085815e-02,-2.491727620363235474e-01,1.619963534176349640e-02,2.182657122611999512e-01,2.391600608825683594e-01,-2.885988727211952209e-02,1.108447909355163574e-01,-1.742899864912033081e-01,1.040656566619873047e-01,1.678024767898023129e-03,1.097931489348411560e-01,1.516529172658920288e-01,3.960558399558067322e-02,-2.011373266577720642e-02,9.022816270589828491e-02,-4.559217020869255066e-02,1.348106563091278076e-01,2.858746051788330078e-01,1.434516459703445435e-01,2.787739336490631104e-01,2.771092951297760010e-01,8.774415403604507446e-02,1.151131391525268555e-01,2.273181378841400146e-01,3.528538048267364502e-01,2.771509997546672821e-02,3.740127757191658020e-02,1.908024214208126068e-02,-1.270354688167572021e-01,1.205593440681695938e-02,-2.163579314947128296e-01,9.552468545734882355e-03,-1.177342012524604797e-01
3.631347715854644775e-01,5.090753361582756042e-02,4.542168974876403809e-01,2.043165117502212524e-01,-4.128321260213851929e-02,-5.540494993329048157e-02,0.000000000000000000e+00,5.067378878593444824e-01,6.271696090698242188e-02,8.301722258329391479e-02,2.881665825843811035e-01,1.105045303702354431e-01,1.860571503639221191e-01,8.090231567621231079e-02,-9.025861322879791260e-02,-2.611348330974578857e-01,-2.278258800506591797e-01,-1.447428017854690552e-01,3.256256580352783203e-01,2.300730943679809570e-01,-2.351007312536239624e-01,-3.715852499008178711e-01,1.284372508525848389e-01,6.903178989887237549e-02,-8.226480334997177124e-02,5.855150986462831497e-03,-3.572288434952497482e-03,-2.398727834224700928e-01,-1.325301732867956161e-02,-3.725258260965347290e-02,2.462481707334518433e-01,2.376719415187835693e-01,2.085963338613510132e-01,2.496030330657958984e-01,1.018801108002662659e-01,2.285859286785125732e-01,-2.650197148323059082e-01,-2.051769196987152100e-01,-2.520701885223388672e-01,-3.763107061386108398e-01,-1.527264416217803955e-01,-2.665321826934814453e-01,-1.033828407526016235e-01,-1.263572573661804199e-01,3.908735234290361404e-03,-1.707700490951538086e-01,-6.173139438033103943e-02,-8.204878121614456177e-02,-1.514015495777130127e-01,-1.611436754465103149e-01,-1.029081866145133972e-01,-2.508693039417266846e-01,-1.588872522115707397e-01,-3.016916215419769287e-01,-1.503367424011230469e-01,-3.934581875801086426e-01,3.394276648759841919e-02,-9.411051869392395020e-02,2.424732148647308350e-01,9.021530300378799438e-02,4.121366143226623535e-01,2.488148361444473267e-01,1.130033656954765320e-01,8.390215784311294556e-02,6.503073126077651978e-02,1.196487993001937866e-01,6.796748191118240356e-02,6.389198452234268188e-02,-1.347133331000804901e-02,1.882557570934295654e-02,2.956069111824035645e-01,1.652857214212417603e-01,2.191657871007919312e-01,2.005789279937744141e-01,1.169103682041168213e-01,2.092441022396087646e-01,1.458199471235275269e-01,8.636102080345153809e-02,-2.148587554693222046e-01,-2.187707871198654175e-01,-1.564009934663772583e-01,-1.179969310760498047e-01,-1.848698705434799194e-01,-2.404695451259613037e-01,6.909383833408355713e-02,-2.843290567398071289e-01,-1.682511121034622192e-01,-2.730954587459564209e-01,7.123712450265884399e-02,-4.061781167984008789e-01,4.144258797168731689e-02,-9.695490449666976929e-02,1.429309397935867310e-01,-1.204144060611724854e-01,-6.227531284093856812e-02,-9.150185622274875641e-03,-8.880928903818130493e-02,-4.953651875257492065e-02,3.669016063213348389e-02,-7.228852808475494385e-02,2.266155779361724854e-01,-1.469916254281997681e-01,8.045198768377304077e-02,-1.130964457988739014e-01,1.384479552507400513e-01,-3.939186781644821167e-02,-1.330487802624702454e-02,-1.215726602822542191e-02,1.220205873250961304e-01,5.275378469377756119e-03,1.682311482727527618e-02,-1.877882331609725952e-01,4.342791065573692322e-02,-8.921990543603897095e-02,1.535081416368484497e-01,2.834461629390716553e-02
6.711640954017639160e-02,9.518317878246307373e-02,3.471675515174865723e-01,4.909100532531738281e-01,-4.496090114116668701e-02,1.567658483982086182e-01,5.067378878593444824e-01,0.000000000000000000e+00,8.007071912288665771e-02,3.804312050342559814e-01,1.051851212978363037e-01,2.165974229574203491e-01,2.841916494071483612e-02,1.901925504207611084e-01,-1.210577040910720825e-01,-4.135645180940628052e-02,-2.287819683551788330e-01,-1.824264228343963623e-01,3.070183694362640381e-01,3.223116993904113770e-01,-2.515331208705902100e-01,-3.738450706005096436e-01,3.549191057682037354e-01,3.211272954940795898e-01,-1.249570176005363464e-01,1.125092878937721252e-01,-3.145507723093032837e-02,-1.493240892887115479e-01,4.491537064313888550e-02,-9.757558256387710571e-02,3.361876606941223145e-01,3.992932140827178955e-01,3.497288227081298828e-01,4.575385153293609619e-01,2.140042334794998169e-01,4.329761862754821777e-01,-2.857235372066497803e-01,-1.641387939453125000e-01,-2.905804812908172607e-01,-3.207527101039886475e-01,-6.084552407264709473e-02,-3.479496538639068604e-01,-2.090830355882644653e-01,-1.739210039377212524e-01,-1.460353881120681763e-01,-2.382979691028594971e-01,-1.999595761299133301e-01,-1.524024158716201782e-01,-3.398676216602325439e-01,-3.003093004226684570e-01,-3.619409501552581787e-01,-3.205841779708862305e-01,-4.171029031276702881e-01,-2.222155183553695679e-01,-3.368880450725555420e-01,-3.842178583145141602e-01,-7.413941621780395508e-02,-2.628684975206851959e-02,2.409392595291137695e-02,6.043353304266929626e-02,2.310397773981094360e-01,5.104721188545227051e-01,8.485767990350723267e-02,1.311603635549545288e-01,7.664114981889724731e-02,3.045105040073394775e-01,1.270395368337631226e-01,2.213741093873977661e-01,4.253925383090972900e-02,1.010766103863716125e-01,2.757777869701385498e-01,2.919293940067291260e-01,2.896530330181121826e-01,2.435626685619354248e-01,1.075710654258728027e-01,2.553663253784179688e-01,1.027023270726203918e-01,1.583488434553146362e-01,-1.640177518129348755e-01,-1.990672349929809570e-01,-2.377177327871322632e-01,7.385622244328260422e-03,-1.911205202341079712e-01,-1.353666782379150391e-01,-1.218871846795082092e-01,1.590240001678466797e-01,-2.842871844768524170e-01,-5.782133713364601135e-02,-1.587952077388763428e-01,-8.485713601112365723e-02,4.293541237711906433e-02,1.206643506884574890e-02,2.119788080453872681e-01,1.341823488473892212e-02,1.140750870108604431e-01,9.209257364273071289e-02,-6.538344174623489380e-02,2.937697432935237885e-02,-4.647100344300270081e-02,1.831952854990959167e-02,6.134891882538795471e-02,-2.931477129459381104e-02,-1.211729366332292557e-02,1.226815208792686462e-02,1.698799990117549896e-02,7.163585722446441650e-02,5.556108802556991577e-02,1.336624026298522949e-01,1.646111756563186646e-01,1.143639460206031799e-01,-3.896806761622428894e-02,-2.293183803558349609e-01,1.464366614818572998e-01,-5.292332544922828674e-02,1.340308934450149536e-01,4.818922653794288635e-02
-9.493552148342132568e-03,1.387909706681966782e-02,1.847072094678878784e-01,3.151225745677947998e-01,3.338461816310882568e-01,3.038829863071441650e-01,6.271696090698242188e-02,8.007071912288665771e-02,0.000000000000000000e+00,3.289550244808197021e-01,1.946230679750442505e-01,1.375307738780975342e-01,1.520849317312240601e-01,1.802847981452941895e-01,1.567924618721008301e-01,1.586094498634338379e-01,-1.467099413275718689e-02,-1.561932638287544250e-02,-7.434957474470138550e-02,-9.538593143224716187e-02,7.551060616970062256e-02,-1.074789986014366150e-01,3.379012644290924072e-01,2.392241060733795166e-01,2.597351968288421631e-01,2.833123505115509033e-01,1.432547420263290405e-01,2.928294055163860321e-02,1.703481078147888184e-01,7.700437307357788086e-02,9.845894575119018555e-02,-4.646974802017211914e-02,1.056024655699729919e-01,1.187567263841629028e-01,2.952902615070343018e-01,2.747407257556915283e-01,9.286974370479583740e-02,-1.980801224708557129e-01,-1.612504273653030396e-01,-2.121504098176956177e-01,9.440917521715164185e-03,-2.108199289068579674e-03,-2.263296097517013550e-01,-3.335967659950256348e-01,-2.396221905946731567e-01,-2.645942270755767822e-01,-1.959341466426849365e-01,-2.239973694086074829e-01,-3.037474155426025391e-01,-1.946505010128021240e-01,-2.222814559936523438e-01,-1.606476902961730957e-01,-1.937938183546066284e-01,-6.649781018495559692e-02,-2.430311739444732666e-01,-1.207800805568695068e-01,-2.209163270890712738e-02,5.391729995608329773e-02,8.249586075544357300e-02,1.473037600517272949e-01,2.000548988580703735e-01,1.111636757850646973e-01,1.072565764188766479e-01,1.112732812762260437e-01,2.535651922225952148e-01,3.323075175285339355e-01,9.413323551416397095e-02,2.993594855070114136e-02,-1.158127337694168091e-01,7.804788649082183838e-02,1.052140146493911743e-01,1.325093656778335571e-01,1.690879166126251221e-01,6.940280646085739136e-02,-3.048583492636680603e-02,8.752076327800750732e-02,1.061391234397888184e-01,1.444272845983505249e-01,-3.620115295052528381e-02,-2.026503160595893860e-02,-1.828185766935348511e-01,6.264816969633102417e-03,-1.942459046840667725e-01,-2.016163617372512817e-01,-6.455609947443008423e-02,5.540751293301582336e-02,-2.856884710490703583e-02,-4.170296341180801392e-02,-1.871195733547210693e-01,5.748776718974113464e-02,-2.262678556144237518e-02,7.682026177644729614e-02,1.310705691576004028e-01,2.329591661691665649e-01,-3.412767499685287476e-02,-9.647557139396667480e-02,-1.287203282117843628e-01,-2.562381087045650929e-05,-5.606894940137863159e-02,7.357159256935119629e-02,1.015565097332000732e-01,2.239610105752944946e-01,1.157845258712768555e-01,2.274913191795349121e-01,1.156086102128028870e-02,7.157569378614425659e-02,1.327218860387802124e-01,2.839558720588684082e-01,-1.954991184175014496e-02,-9.659681469202041626e-02,3.192924661561846733e-03,5.257335305213928223e-02,-2.687395922839641571e-02,-2.795937843620777130e-02,1.345323398709297180e-02,-1.273117214441299438e-01
-1.412757337093353271e-01,-2.733870595693588257e-02,2.830639779567718506e-01,4.025521278381347656e-01,1.106461063027381897e-01,3.152887523174285889e-01,8.301722258329391479e-02,3.804312050342559814e-01,3.289550244808197021e-01,0.000000000000000000e+00,-1.300460845232009888e-01,6.510687619447708130e-02,-5.262430012226104736e-02,2.021092623472213745e-01,2.268879860639572144e-01,1.409341692924499512e-01,-1.716233789920806885e-01,-2.401184290647506714e-01,2.158340252935886383e-02,4.125629365444183350e-02,1.517777591943740845e-01,-7.949736714363098145e-02,3.331508040428161621e-01,4.456077516078948975e-01,3.485441505908966064e-01,5.329607129096984863e-01,1.316638141870498657e-01,1.591267883777618408e-01,1.120675057172775269e-01,-4.499454796314239502e-02,3.742319345474243164e-01,4.123122394084930420e-01,1.323631107807159424e-01,1.858362108469009399e-01,3.884599208831787109e-01,3.920035362243652344e-01,-5.411822348833084106e-02,5.948662012815475464e-02,-1.498024314641952515e-01,-2.238210439682006836e-01,-1.513546705245971680e-01,-2.782324850559234619e-01,-3.593342304229736328e-01,-3.234311640262603760e-01,-1.844887435436248779e-01,-3.553078174591064453e-01,-2.922037541866302490e-01,-2.836413681507110596e-01,-3.547426164150238037e-01,-3.244030475616455078e-01,-3.369117081165313721e-01,-3.000176548957824707e-01,-3.768836855888366699e-01,-2.453480213880538940e-01,-3.731570243835449219e-01,-3.125655949115753174e-01,-2.374893873929977417e-01,-8.307643234729766846e-02,-3.042114078998565674e-01,-1.970171481370925903e-01,1.455991435796022415e-02,1.449742913246154785e-01,-8.776841312646865845e-02,-4.999899119138717651e-02,2.184378206729888916e-01,2.741000354290008545e-01,4.291985183954238892e-02,2.547661587595939636e-02,-9.677930176258087158e-02,9.187292307615280151e-02,4.544548690319061279e-01,5.344560742378234863e-01,3.277784883975982666e-01,3.567765057086944580e-01,8.025454729795455933e-02,2.188468128442764282e-01,1.700618118047714233e-01,2.678796350955963135e-01,-1.725223809480667114e-01,-7.362830638885498047e-02,-1.897563636302947998e-01,6.956740282475948334e-03,-2.626780271530151367e-01,-1.239474415779113770e-01,-1.279032789170742035e-02,1.832032799720764160e-01,-2.131629437208175659e-01,-1.093946304172277451e-02,-8.914731442928314209e-02,1.107294037938117981e-01,-8.497291058301925659e-02,-5.545144900679588318e-03,1.424243301153182983e-01,3.360336646437644958e-02,1.033020913600921631e-01,-1.976967975497245789e-02,-4.487451910972595215e-02,-4.292820766568183899e-02,-1.340893507003784180e-01,3.542027436196804047e-03,1.385785043239593506e-01,-1.807410269975662231e-02,2.689836621284484863e-01,2.377384901046752930e-01,3.086622431874275208e-02,1.230814456939697266e-01,1.449811458587646484e-01,2.794540822505950928e-01,1.249659061431884766e-01,1.721234768629074097e-01,1.383334845304489136e-01,-2.264599353075027466e-01,-5.967796593904495239e-02,-2.622007429599761963e-01,1.259732395410537720e-01,-5.784139782190322876e-02
4.956180155277252197e-01,2.212042212486267090e-01,8.037037216126918793e-03,-2.173583023250102997e-02,1.144132204353809357e-02,5.992127209901809692e-02,2.881665825843811035e-01,1.051851212978363037e-01,1.946230679750442505e-01,-1.300460845232009888e-01,0.000000000000000000e+00,4.687670171260833740e-01,6.100639104843139648e-01,2.519327104091644287e-01,-1.550884842872619629e-01,-1.139889508485794067e-01,1.386477947235107422e-01,3.225882053375244141e-01,2.006280571222305298e-01,1.773501038551330566e-01,-4.630173370242118835e-02,-1.010181233286857605e-01,-7.847974449396133423e-02,-1.509940624237060547e-01,-5.619420111179351807e-02,-9.390091150999069214e-02,-1.485485732555389404e-01,-9.033855050802230835e-02,2.654653489589691162e-01,1.892779320478439331e-01,5.538400635123252869e-02,-4.258254915475845337e-02,1.364466696977615356e-01,2.219816744327545166e-01,-2.317330613732337952e-02,2.084932476282119751e-01,1.048119645565748215e-02,-3.362155854701995850e-01,-6.490465253591537476e-02,-4.649640992283821106e-02,2.505081938579678535e-03,7.463661581277847290e-02,8.834407478570938110e-02,-1.395762562751770020e-01,-9.289998561143875122e-02,-5.173848569393157959e-02,-3.878014907240867615e-02,-1.352379322052001953e-01,-1.131855230778455734e-02,1.513807475566864014e-02,-5.177011340856552124e-02,-1.408468186855316162e-01,-5.799936130642890930e-02,-6.475363671779632568e-02,-1.706389337778091431e-02,-1.170286536216735840e-01,2.785985171794891357e-01,2.162827402353286743e-01,3.621975183486938477e-01,4.002390801906585693e-01,4.360338747501373291e-01,2.632275223731994629e-01,5.032597780227661133e-01,4.094614684581756592e-01,-2.390785515308380127e-01,-4.955263808369636536e-03,-1.461845040321350098e-01,-9.055919945240020752e-02,2.465256676077842712e-02,1.759937256574630737e-01,-1.348034292459487915e-01,-1.522166430950164795e-01,1.737647503614425659e-01,1.407528072595596313e-01,2.421267777681350708e-01,1.785523891448974609e-01,2.528263330459594727e-01,2.343871146440505981e-01,-7.753872126340866089e-02,1.871683076024055481e-02,8.826444298028945923e-02,1.703207045793533325e-01,-1.891095638275146484e-01,-1.657581776380538940e-01,-8.977642655372619629e-02,-1.724981069564819336e-01,-7.231359928846359253e-02,-1.602374017238616943e-01,-1.384865939617156982e-01,-1.500270962715148926e-01,-7.851909846067428589e-02,-1.202738955616950989e-01,-1.160458698868751526e-01,-1.656685769557952881e-02,-2.041570991277694702e-01,-1.841812282800674438e-01,-3.920519351959228516e-02,3.711855039000511169e-02,2.193111926317214966e-01,1.323760300874710083e-01,9.523988515138626099e-02,1.380504518747329712e-01,-5.390769988298416138e-02,-1.822306402027606964e-02,-8.991239592432975769e-03,-4.617727547883987427e-02,4.323752224445343018e-02,1.029063388705253601e-01,-2.019109725952148438e-01,-1.608044356107711792e-01,1.634774059057235718e-01,2.389266937971115112e-01,2.892863750457763672e-02,-1.317353360354900360e-02,-1.435166150331497192e-01,-3.210267052054405212e-02
2.141813933849334717e-01,7.831979542970657349e-02,-4.317162558436393738e-02,8.023474365472793579e-02,2.705197408795356750e-02,1.490258723497390747e-01,1.105045303702354431e-01,2.165974229574203491e-01,1.375307738780975342e-01,6.510687619447708130e-02,4.687670171260833740e-01,0.000000000000000000e+00,4.316607713699340820e-01,4.746170639991760254e-01,-4.196405410766601562e-02,6.392396241426467896e-02,1.075656786561012268e-01,1.860458552837371826e-01,1.020175144076347351e-01,7.969862222671508789e-02,1.748856902122497559e-01,-2.895493805408477783e-02,7.371308654546737671e-02,4.551181197166442871e-02,8.206660300493240356e-02,1.359545886516571045e-01,-3.583619296550750732e-01,8.903190493583679199e-02,3.018275797367095947e-01,2.578234076499938965e-01,2.842088043689727783e-01,2.784513533115386963e-01,2.383359819650650024e-01,3.698554933071136475e-01,9.076931327581405640e-02,2.352411299943923950e-01,-1.064297854900360107e-01,-4.083704948425292969e-01,-8.343544602394104004e-02,-2.473893575370311737e-02,-1.694790571928024292e-01,-6.606326252222061157e-02,-9.311842173337936401e-02,-2.926020026206970215e-01,3.085842356085777283e-02,-5.654666945338249207e-02,-1.956353187561035156e-01,-3.453634977340698242e-01,-1.612620428204536438e-02,6.516113877296447754e-02,-1.403083354234695435e-01,-8.012864738702774048e-02,-1.849732846021652222e-01,-2.283447794616222382e-02,-1.906547397375106812e-01,-9.741781651973724365e-02,1.297528203576803207e-02,1.174174472689628601e-01,2.087550908327102661e-01,3.022957444190979004e-01,2.940650284290313721e-01,3.835198581218719482e-01,4.794403314590454102e-01,5.819447636604309082e-01,-8.879262208938598633e-02,1.964488625526428223e-01,-4.038327559828758240e-02,8.315254002809524536e-03,-2.840683609247207642e-02,3.406469896435737610e-02,-6.588953081518411636e-03,5.970176681876182556e-02,2.432100772857666016e-01,2.664410471916198730e-01,2.397153973579406738e-01,2.251600176095962524e-01,2.329439222812652588e-01,3.302140533924102783e-01,-1.678538173437118530e-01,1.344526261091232300e-01,1.014993116259574890e-01,3.314807713031768799e-01,-3.444676101207733154e-01,-3.411906361579895020e-01,-2.096165418624877930e-01,5.066655203700065613e-02,-1.494401134550571442e-02,5.941119417548179626e-02,-1.967262327671051025e-01,4.039317741990089417e-02,-1.950508654117584229e-01,-6.115391105413436890e-02,-1.606473624706268311e-01,6.022253632545471191e-02,-3.456133604049682617e-01,-3.716453611850738525e-01,-3.140389025211334229e-01,-1.073736548423767090e-01,-9.468902647495269775e-02,-5.196418985724449158e-02,2.672672271728515625e-02,2.414577007293701172e-01,-9.167669713497161865e-02,7.125934958457946777e-02,6.899401545524597168e-02,1.051500439643859863e-01,-5.186884105205535889e-02,1.616079211235046387e-01,-3.556925058364868164e-01,-6.900511682033538818e-02,8.267515897750854492e-02,1.335704177618026733e-01,-1.189022287726402283e-01,-2.705782093107700348e-02,-5.611942708492279053e-02,-2.943401634693145752e-01
4.195692539215087891e-01,1.522003263235092163e-01,2.415219508111476898e-02,-5.967307090759277344e-02,-1.584358066320419312e-01,-5.832349509000778198e-02,1.860571503639221191e-01,2.841916494071483612e-02,1.520849317312240601e-01,-5.262430012226104736e-02,6.100639104843139648e-01,4.316607713699340820e-01,0.000000000000000000e+00,4.184360802173614502e-01,5.947637557983398438e-02,-1.689922809600830078e-02,8.693250268697738647e-02,1.846360266208648682e-01,1.889663189649581909e-01,1.287060827016830444e-01,1.013014242053031921e-01,4.999058321118354797e-02,-7.647744566202163696e-02,-1.408613026142120361e-01,-3.013789653778076172e-02,-5.337334051728248596e-02,-2.088499069213867188e-01,-4.723173379898071289e-02,1.376394927501678467e-01,1.849391907453536987e-01,-2.304435335099697113e-02,-5.587709322571754456e-02,-1.113093346357345581e-01,-6.381673365831375122e-02,-8.684900589287281036e-03,5.015201121568679810e-02,8.533263951539993286e-02,-1.586805135011672974e-01,9.062713384628295898e-02,7.327417284250259399e-02,-6.211066618561744690e-02,3.521354496479034424e-02,4.164469987154006958e-02,-5.857816711068153381e-02,-6.440740823745727539e-02,-3.906746581196784973e-02,2.042646333575248718e-02,-8.773328363895416260e-02,7.871451228857040405e-02,9.376439452171325684e-02,1.121073067188262939e-01,-3.025064244866371155e-03,1.482507586479187012e-02,2.350623533129692078e-02,7.904388010501861572e-02,1.824091002345085144e-02,5.882401391863822937e-02,7.233991473913192749e-02,1.578878015279769897e-01,1.920582503080368042e-01,3.282623589038848877e-01,1.155136674642562866e-01,1.800577938556671143e-01,2.170277833938598633e-01,-7.876231521368026733e-02,-2.170088142156600952e-02,-2.117487341165542603e-01,-2.908964157104492188e-01,1.591947302222251892e-02,1.244403272867202759e-01,-1.678624004125595093e-01,-1.388636678457260132e-01,1.328349411487579346e-01,9.096357226371765137e-02,1.771778464317321777e-01,1.005391702055931091e-01,1.956733614206314087e-01,2.066884189844131470e-01,-1.007134765386581421e-01,5.521309375762939453e-02,-5.885256454348564148e-02,6.575854867696762085e-02,-2.018241770565509796e-02,-3.760543093085289001e-02,1.397035568952560425e-01,-6.708472967147827148e-02,-2.465246617794036865e-02,-5.657296255230903625e-02,-1.599952392280101776e-02,-4.207177553325891495e-03,-1.192049682140350342e-01,-2.589674107730388641e-02,-1.643894761800765991e-01,1.427963003516197205e-02,-1.431943625211715698e-01,-1.948357224464416504e-01,-4.918418824672698975e-02,2.906266041100025177e-02,-2.420060709118843079e-02,5.477628111839294434e-02,-1.282942853868007660e-02,1.812159270048141479e-01,-1.103079244494438171e-01,-3.430022299289703369e-02,-1.567278802394866943e-01,-2.034143656492233276e-01,-7.280359417200088501e-02,-1.178264711052179337e-02,-1.549595445394515991e-01,-3.178481757640838623e-02,1.323263049125671387e-01,1.137020662426948547e-01,9.400199353694915771e-02,-3.112685307860374451e-02,-1.810961961746215820e-01,-6.795677542686462402e-02
