0.000000000000000000e+00,7.787133455276489258e-01,3.069376945495605469e-01,3.331348299980163574e-01,-5.252764374017715454e-02,1.691485568881034851e-02,1.930359452962875366e-01,-2.761354856193065643e-02,-1.792822778224945068e-01,-1.512387245893478394e-01,2.763043344020843506e-01,-4.437218233942985535e-02,2.081970423460006714e-01,-1.634566485881805420e-01,3.673974052071571350e-02,-1.462044939398765564e-02,4.327063858509063721e-01,3.486731648445129395e-01,5.467370152473449707e-01,6.813238859176635742e-01,-9.253515303134918213e-02,-1.971624791622161865e-01,6.181252375245094299e-02,2.246528416872024536e-01,-7.056641578674316406e-02,3.310787305235862732e-02,6.212485209107398987e-02,1.003855466842651367e-01,4.502587616443634033e-01,1.595042347908020020e-01,2.273735105991363525e-01,8.674627542495727539e-02,2.788812518119812012e-01,2.733468711376190186e-01,-1.049646511673927307e-01,-2.643147110939025879e-01,-7.491274923086166382e-02,-7.893996685743331909e-02,-2.104304432868957520e-01,-1.857540607452392578e-01,6.454519461840391159e-03,-9.810926765203475952e-02,-2.853960692882537842e-01,-3.191466256976127625e-02,-1.827001869678497314e-01,-9.802373498678207397e-02,-4.681821167469024658e-01,-4.120517969131469727e-01,-3.033894300460815430e-01,-3.124933540821075439e-01,-1.749754399061203003e-01,-1.392325162887573242e-01,-2.599537372589111328e-01,-2.963557541370391846e-01,-4.238365888595581055e-01,-3.580181002616882324e-01,7.145966291427612305e-01,6.987275481224060059e-01,5.008583143353462219e-02,1.056185439229011536e-01,1.605783961713314056e-02,-1.194802597165107727e-01,8.567725867033004761e-02,-1.333132535219192505e-01,-7.211739569902420044e-02,-3.246696293354034424e-01,-1.538329422473907471e-01,-1.712413132190704346e-01,6.755270361900329590e-01,5.527872443199157715e-01,-2.191359177231788635e-02,1.145827025175094604e-01,1.326472908258438110e-01,1.714639067649841309e-01,-2.541124522686004639e-01,-1.762556284666061401e-01,-7.196669001132249832e-03,-3.352661430835723877e-02,3.731491565704345703e-01,1.813683211803436279e-01,2.615320980548858643e-01,1.928179562091827393e-01,-1.850584745407104492e-01,-1.460473090410232544e-01,3.394449353218078613e-01,1.285749673843383789e-01,-7.288627326488494873e-02,-5.641064420342445374e-02,-2.086270414292812347e-02,-1.513303667306900024e-01,-6.102243661880493164e-01,-5.420479774475097656e-01,-3.132792115211486816e-01,-3.191612958908081055e-01,-1.107371225953102112e-01,-1.076532676815986633e-01,-1.652759015560150146e-01,-8.340786397457122803e-02,-4.740205109119415283e-01,-4.316084384918212891e-01,-1.066724509000778198e-01,-2.723924815654754639e-02,-1.011911965906620026e-02,2.794710453599691391e-03,3.581067174673080444e-02,1.566592790186405182e-02,-8.248876035213470459e-02,2.834666147828102112e-02,5.396798369474709034e-04,1.457214802503585815e-01,-1.577680259943008423e-01,-3.768427968025207520e-01,-4.531334042549133301e-01,-1.100213900208473206e-01,-3.283709585666656494e-01,-1.400380134582519531e-01
7.787133455276489258e-01,0.000000000000000000e+00,2.034670263528823853e-01,2.241575419902801514e-01,4.099348187446594238e-02,7.913256064057350159e-03,5.893928557634353638e-02,-7.976853102445602417e-02,-7.270198315382003784e-02,-7.067386060953140259e-02,1.758016645908355713e-01,-1.650902628898620605e-01,5.098602548241615295e-02,-2.536357641220092773e-01,1.214462667703628540e-01,2.013049833476543427e-02,4.053186178207397461e-01,3.211949765682220459e-01,5.542976260185241699e-01,6.380369067192077637e-01,-3.740337863564491272e-02,-9.051931649446487427e-02,3.198080137372016907e-02,1.127598360180854797e-01,-3.048011101782321930e-02,7.069684565067291260e-02,1.101779937744140625e-01,1.609806567430496216e-01,3.857559859752655029e-01,8.043609559535980225e-02,1.367896050214767456e-01,2.118222881108522415e-03,2.743930518627166748e-01,2.432198971509933472e-01,-9.131181985139846802e-02,-2.460434436798095703e-01,-8.491240441799163818e-02,-1.068518534302711487e-01,-1.858097761869430542e-01,-1.660794019699096680e-01,4.617459326982498169e-02,-7.353955507278442383e-02,-2.357743829488754272e-01,2.950155641883611679e-03,-1.647452414035797119e-01,-2.334581501781940460e-02,-4.312165677547454834e-01,-3.672534227371215820e-01,-2.410038858652114868e-01,-2.558436989784240723e-01,-1.330317407846450806e-01,-9.642655402421951294e-02,-2.379920333623886108e-01,-3.215204775333404541e-01,-4.360671043395996094e-01,-3.868648111820220947e-01,7.621343731880187988e-01,8.153226375579833984e-01,6.439329683780670166e-02,3.311336040496826172e-02,8.651174604892730713e-02,-1.429284214973449707e-01,5.690755695104598999e-02,-2.011839300394058228e-01,-9.494559466838836670e-02,-3.896292746067047119e-01,-1.321238130331039429e-01,-1.790162175893783569e-01,7.309099435806274414e-01,6.318642497062683105e-01,-1.052847877144813538e-02,9.566369652748107910e-02,1.492071617394685745e-02,6.652534008026123047e-02,-2.349760085344314575e-01,-2.063197940587997437e-01,-9.699705243110656738e-02,-9.938585758209228516e-02,4.038937687873840332e-01,2.159917801618576050e-01,2.990728020668029785e-01,2.182413935661315918e-01,-1.113204509019851685e-01,-8.167967945337295532e-02,3.813965022563934326e-01,1.818566918373107910e-01,-5.338153615593910217e-02,-4.214821383357048035e-02,-5.096628889441490173e-02,-1.562438607215881348e-01,-6.075045466423034668e-01,-5.922603607177734375e-01,-3.185187876224517822e-01,-3.505288362503051758e-01,-1.079844161868095398e-01,-7.679793983697891235e-02,-8.578293770551681519e-02,-3.330437093973159790e-02,-5.271806716918945312e-01,-5.292076468467712402e-01,-1.684124618768692017e-01,-8.745345473289489746e-02,-5.838220193982124329e-02,-5.493396893143653870e-02,-3.586268424987792969e-02,-6.764239817857742310e-02,-1.805907338857650757e-01,-6.200518459081649780e-02,3.062925860285758972e-02,2.187150567770004272e-01,-1.065573915839195251e-01,-3.922374248504638672e-01,-4.456504583358764648e-01,-1.071341931819915771e-01,-3.410946726799011230e-01,-2.170003801584243774e-01
3.069376945495605469e-01,2.034670263528823853e-01,0.000000000000000000e+00,4.503634870052337646e-01,2.350258529186248779e-01,2.475607991218566895e-01,1.100305393338203430e-01,-1.945675760507583618e-01,3.827022761106491089e-02,1.897136569023132324e-01,-1.625767499208450317e-01,-4.547207802534103394e-02,4.982269927859306335e-02,-1.378496438264846802e-01,1.833676844835281372e-01,1.420863270759582520e-01,-3.229225799441337585e-02,-2.791089750826358795e-02,2.089672982692718506e-01,3.130819797515869141e-01,7.519695907831192017e-02,-1.858865097165107727e-02,2.242802232503890991e-01,5.341388583183288574e-01,3.598544299602508545e-01,3.051635622978210449e-01,2.964735925197601318e-01,1.977799981832504272e-01,7.999779284000396729e-02,9.982417523860931396e-02,1.441225707530975342e-01,3.232961893081665039e-01,-8.419814705848693848e-02,1.435141637921333313e-02,1.748482584953308105e-01,1.718315780162811279e-01,2.410777509212493896e-01,2.035572826862335205e-01,1.263177394866943359e-01,2.232284992933273315e-01,1.444716602563858032e-01,9.545323997735977173e-02,-3.455838561058044434e-01,-1.572410911321640015e-01,-3.376880586147308350e-01,-4.010829627513885498e-01,-2.251295894384384155e-01,-2.209923267364501953e-01,-4.602822363376617432e-01,-4.098448753356933594e-01,-4.308597743511199951e-01,-4.378900229930877686e-01,-2.790519893169403076e-01,-3.217056989669799805e-01,6.966897845268249512e-02,3.260594233870506287e-02,3.286544978618621826e-02,1.798046380281448364e-01,1.376202516257762909e-02,2.979628741741180420e-01,-2.654486000537872314e-01,-1.761471331119537354e-01,-9.106219559907913208e-02,-1.325879395008087158e-01,1.401380598545074463e-01,-5.833985283970832825e-03,4.831796046346426010e-03,5.580253154039382935e-02,2.377046197652816772e-01,1.478255540132522583e-01,3.927628323435783386e-02,1.279749125242233276e-01,1.039409041404724121e-01,9.311597049236297607e-02,1.226821076124906540e-02,1.237569097429513931e-02,1.130794733762741089e-01,1.454030275344848633e-01,3.484984626993536949e-03,5.595627799630165100e-02,-1.268555968999862671e-01,-1.281075477600097656e-01,-4.421339184045791626e-02,4.255240783095359802e-03,-3.006801754236221313e-02,-2.240771502256393433e-01,3.432592749595642090e-01,3.041863143444061279e-01,1.948918253183364868e-01,1.310209929943084717e-01,-3.723725378513336182e-01,-3.059450685977935791e-01,-2.046611607074737549e-01,-1.638594865798950195e-01,3.423781394958496094e-01,2.794661223888397217e-01,1.320361346006393433e-01,1.135531216859817505e-01,-7.076405733823776245e-02,-4.628709517419338226e-03,2.614501416683197021e-01,3.260345458984375000e-01,4.208046495914459229e-01,3.875871300697326660e-01,3.732387125492095947e-01,3.100158870220184326e-01,3.784970641136169434e-01,4.660060703754425049e-01,8.865435421466827393e-02,-1.627006009221076965e-02,1.591940224170684814e-01,-2.981360554695129395e-01,-2.396834343671798706e-01,6.048854812979698181e-02,-1.556061208248138428e-01,8.544484525918960571e-02
3.331348299980163574e-01,2.241575419902801514e-01,4.503634870052337646e-01,0.000000000000000000e+00,-2.785195969045162201e-02,6.617659330368041992e-02,3.763596415519714355e-01,3.906245529651641846e-01,-1.598760038614273071e-01,5.450169369578361511e-02,1.392883062362670898e-01,2.766169309616088867e-01,1.839764267206192017e-01,6.469839811325073242e-02,-1.597771197557449341e-01,-8.182952553033828735e-02,1.145078390836715698e-01,6.652884185314178467e-02,3.707659244537353516e-01,3.769595921039581299e-01,-1.452408432960510254e-01,-2.011494487524032593e-01,5.153899788856506348e-01,5.861123204231262207e-01,2.016947418451309204e-01,2.271673083305358887e-01,8.908083289861679077e-02,8.569735102355480194e-03,2.135801464319229126e-01,1.815350204706192017e-01,2.524277865886688232e-01,4.495276212692260742e-01,1.837196499109268188e-01,2.805969715118408203e-01,1.563708037137985229e-01,8.603610098361968994e-02,-1.584833264350891113e-01,-1.629347205162048340e-01,-3.528179526329040527e-01,-2.671201825141906738e-01,-2.114927172660827637e-01,-2.052902281284332275e-01,-2.446520924568176270e-01,-8.902019262313842773e-02,-1.050665229558944702e-01,-1.309735476970672607e-01,-2.610494196414947510e-01,-2.641591727733612061e-01,-1.171324700117111206e-01,-6.711853295564651489e-02,-9.226590394973754883e-02,-7.745805382728576660e-02,-2.302556335926055908e-01,-1.612978130578994751e-01,-3.734647929668426514e-01,-3.761189877986907959e-01,2.029408812522888184e-01,1.177101284265518188e-01,-1.300684064626693726e-01,1.497397664934396744e-02,1.322584878653287888e-02,1.571254134178161621e-01,4.465146735310554504e-02,8.034956455230712891e-02,2.274424582719802856e-01,2.534272074699401855e-01,-6.799985188990831375e-03,1.415906101465225220e-01,1.414645314216613770e-01,1.610800027847290039e-01,5.093663558363914490e-02,1.279492974281311035e-01,2.753689587116241455e-01,2.793594300746917725e-01,-1.089421361684799194e-01,-4.576696828007698059e-02,3.072407841682434082e-02,-4.135790746659040451e-03,9.539737552404403687e-02,-1.450236793607473373e-02,3.003099001944065094e-02,6.496785581111907959e-02,-3.586758375167846680e-01,-2.299528568983078003e-01,3.155250474810600281e-02,-5.301110446453094482e-02,-2.075277119874954224e-01,-1.467284411191940308e-01,-2.077992856502532959e-01,-2.095378339290618896e-01,-2.316229641437530518e-01,-2.413380593061447144e-01,-1.600018590688705444e-01,-1.868308931589126587e-01,-2.333402335643768311e-01,-2.291472703218460083e-01,-2.986771166324615479e-01,-1.738064438104629517e-01,-1.403384804725646973e-01,-1.110995039343833923e-01,-1.116558909416198730e-01,6.771409511566162109e-02,2.947930432856082916e-02,3.363538905978202820e-02,7.111641764640808105e-02,2.176553942263126373e-02,7.854558527469635010e-02,1.546978764235973358e-02,-1.116895824670791626e-01,-8.943817019462585449e-02,1.833608932793140411e-02,-3.186714351177215576e-01,-2.392012476921081543e-01,-4.467128217220306396e-02,-7.023800164461135864e-02,2.042745947837829590e-01
-5.252764374017715454e-02,4.099348187446594238e-02,2.350258529186248779e-01,-2.785195969045162201e-02,0.000000000000000000e+00,7.098539471626281738e-01,-3.776527345180511475e-01,-4.030417501926422119e-01,2.554733455181121826e-01,6.300424337387084961e-01,-3.906985223293304443e-01,-4.370157718658447266e-01,-3.799753487110137939e-01,-2.578864693641662598e-01,5.260450839996337891e-01,5.067628622055053711e-01,-3.542574942111968994e-01,-3.697871565818786621e-01,-4.618568345904350281e-03,-1.285566985607147217e-01,2.330818623304367065e-01,2.174017727375030518e-01,7.933635264635086060e-02,1.409394741058349609e-01,7.202627062797546387e-01,6.919790506362915039e-01,6.790672540664672852e-01,6.553523540496826172e-01,-1.891795843839645386e-01,1.706483401358127594e-02,2.334515750408172607e-02,7.301072776317596436e-02,-3.708009421825408936e-01,-3.454706072807312012e-01,-3.832649067044258118e-02,1.218560355482622981e-04,7.529119402170181274e-02,2.814456820487976074e-02,1.737066954374313354e-01,2.509752213954925537e-01,6.391846388578414917e-02,1.017042901366949081e-02,-3.445287346839904785e-01,-2.923890054225921631e-01,-4.895226955413818359e-01,-4.547467231750488281e-01,-2.367275357246398926e-01,-2.354110628366470337e-01,-4.315887391567230225e-01,-4.062875211238861084e-01,-4.319569766521453857e-01,-4.093559980392456055e-01,-1.582333892583847046e-01,-1.856338679790496826e-01,-5.387024022638797760e-03,-1.326073706150054932e-01,-1.290794014930725098e-01,2.541409060359001160e-02,-3.843831121921539307e-01,-8.967578411102294922e-02,-2.875427305698394775e-01,-3.333865404129028320e-01,-2.833607792854309082e-01,-4.420518279075622559e-01,-1.275002211332321167e-01,-2.371344417333602905e-01,-3.628448247909545898e-01,-3.337449431419372559e-01,7.035265117883682251e-02,-1.133355684578418732e-02,3.428751230239868164e-01,3.232065737247467041e-01,-1.250159144401550293e-01,3.173632547259330750e-02,9.147363156080245972e-02,-1.524174958467483521e-01,-1.590896397829055786e-02,5.920004099607467651e-02,1.885885745286941528e-01,3.457650840282440186e-01,-1.207335665822029114e-01,-1.628924161195755005e-01,-7.454518228769302368e-02,-1.307514905929565430e-01,4.580302163958549500e-02,-7.283619197551161051e-05,3.585032224655151367e-01,3.351636230945587158e-01,3.119288086891174316e-01,2.227597087621688843e-01,-2.772708237171173096e-01,-2.130675315856933594e-01,2.188278585672378540e-01,2.042640000581741333e-01,2.978283762931823730e-01,2.872490882873535156e-01,1.861627101898193359e-01,4.846864193677902222e-02,-2.606363594532012939e-01,-2.063928395509719849e-01,3.218859434127807617e-01,3.707918226718902588e-01,3.560181856155395508e-01,2.902345061302185059e-01,3.585255444049835205e-01,3.475141525268554688e-01,2.172876298427581787e-01,3.702154457569122314e-01,-1.349879354238510132e-01,1.178396195173263550e-01,9.570566564798355103e-02,-2.116094976663589478e-01,-1.532904505729675293e-01,3.047079741954803467e-01,-1.285098046064376831e-01,2.682994585484266281e-03
1.691485568881034851e-02,7.913256064057350159e-03,2.475607991218566895e-01,6.617659330368041992e-02,7.098539471626281738e-01,0.000000000000000000e+00,-2.141869813203811646e-01,-2.548723518848419189e-01,6.702576577663421631e-02,6.495424509048461914e-01,-3.228253722190856934e-01,-2.846488356590270996e-01,-2.605951428413391113e-01,-2.469721585512161255e-01,4.662012755870819092e-01,5.426159501075744629e-01,-3.642721474170684814e-01,-3.943867385387420654e-01,3.238478302955627441e-02,-9.273578971624374390e-02,2.391696721315383911e-01,1.816375255584716797e-01,8.329357951879501343e-02,1.662672907114028931e-01,7.050943970680236816e-01,7.163877487182617188e-01,6.228238940238952637e-01,6.663846969604492188e-01,-1.185724735260009766e-01,1.440575718879699707e-01,1.515215188264846802e-01,2.163679152727127075e-01,-3.226070404052734375e-01,-2.521644830703735352e-01,-5.823785811662673950e-02,-7.807379961013793945e-02,1.376181989908218384e-01,1.196642369031906128e-01,1.510027050971984863e-01,2.291590720415115356e-01,8.613475412130355835e-02,-5.561731010675430298e-02,-4.339736104011535645e-01,-3.282665610313415527e-01,-4.965451955795288086e-01,-5.169543623924255371e-01,-3.550788164138793945e-01,-3.509032428264617920e-01,-4.890533387660980225e-01,-4.379411041736602783e-01,-4.640897214412689209e-01,-4.385527968406677246e-01,-1.826023906469345093e-01,-1.745789796113967896e-01,-1.136628724634647369e-02,-1.339750140905380249e-01,-1.477952748537063599e-01,-1.217499491758644581e-03,-3.965086042881011963e-01,-4.460048675537109375e-02,-3.118351697921752930e-01,-2.535276114940643311e-01,-2.575602829456329346e-01,-2.983025014400482178e-01,-1.847590655088424683e-01,-2.059450894594192505e-01,-4.237746000289916992e-01,-3.681734502315521240e-01,4.849429428577423096e-02,-4.737248271703720093e-02,4.056501984596252441e-01,4.538879990577697754e-01,-4.434280097484588623e-02,1.902302801609039307e-01,5.677919089794158936e-02,-6.526920199394226074e-02,3.750050440430641174e-03,1.476606074720621109e-02,1.618525385856628418e-01,3.290156126022338867e-01,-1.220806613564491272e-01,-9.938518702983856201e-02,-1.153884902596473694e-01,-1.085876151919364929e-01,2.758426405489444733e-02,6.858649849891662598e-02,3.574449121952056885e-01,3.804440200328826904e-01,3.408701717853546143e-01,2.380881905555725098e-01,-1.950693875551223755e-01,-8.880563080310821533e-02,2.315642982721328735e-01,2.371602505445480347e-01,2.690773904323577881e-01,2.248767316341400146e-01,1.672060601413249969e-02,-7.412311434745788574e-02,-1.626969128847122192e-01,-9.475542604923248291e-02,3.460725247859954834e-01,3.549813628196716309e-01,3.353534042835235596e-01,2.907029688358306885e-01,3.517504930496215820e-01,3.498814702033996582e-01,3.371288180351257324e-01,4.047203660011291504e-01,-1.936313062906265259e-01,-6.442078202962875366e-02,-5.244554206728935242e-02,-1.578700542449951172e-01,-6.888889521360397339e-02,2.609834372997283936e-01,-2.024163901805877686e-01,1.378955543041229248e-01
1.930359452962875366e-01,5.893928557634353638e-02,1.100305393338203430e-01,3.763596415519714355e-01,-3.776527345180511475e-01,-2.141869813203811646e-01,0.000000000000000000e+00,5.305447578430175781e-01,-1.786899566650390625e-01,-1.284545660018920898e-01,4.540112912654876709e-01,4.374732375144958496e-01,5.563078522682189941e-01,3.161006271839141846e-01,-2.060426771640777588e-01,-2.011698335409164429e-01,2.723198831081390381e-01,2.781677544116973877e-01,3.335094451904296875e-01,2.193933576345443726e-01,-2.000860422849655151e-01,-1.889646947383880615e-01,2.478513866662979126e-01,1.849242746829986572e-01,-1.642783582210540771e-01,-1.341345310211181641e-01,-2.523597180843353271e-01,-2.345994561910629272e-01,3.810799717903137207e-01,3.089924752712249756e-01,2.979916632175445557e-01,3.249711990356445312e-01,4.316656887531280518e-01,4.387052655220031738e-01,3.625646606087684631e-02,-4.891566187143325806e-02,-3.108448088169097900e-01,-2.408202439546585083e-01,-3.749298155307769775e-01,-3.463019430637359619e-01,-2.274606227874755859e-01,-1.692118346691131592e-01,1.910912804305553436e-02,5.953379441052675247e-03,1.912499070167541504e-01,1.372093260288238525e-01,-1.477719843387603760e-01,-1.648517847061157227e-01,2.049171030521392822e-01,1.576964110136032104e-01,2.061617523431777954e-01,1.421113908290863037e-01,-2.021073997020721436e-01,-1.204276084899902344e-01,-3.297444283962249756e-01,-2.915188074111938477e-01,1.924759447574615479e-01,1.366787590086460114e-02,4.969882592558860779e-02,-2.221743315458297729e-01,3.903914391994476318e-01,3.780931830406188965e-01,5.083228945732116699e-01,4.655378162860870361e-01,3.632080256938934326e-01,1.593408584594726562e-01,1.613770127296447754e-01,2.943416126072406769e-02,-1.174782961606979370e-01,-9.265679121017456055e-02,-2.424922771751880646e-02,4.037240147590637207e-02,2.310645282268524170e-01,1.736201345920562744e-01,-4.701016470789909363e-02,2.160415798425674438e-01,6.192233785986900330e-02,-2.963538281619548798e-02,4.666918888688087463e-02,-9.642939269542694092e-02,1.768400669097900391e-01,2.666002810001373291e-01,-1.425527185201644897e-01,-7.947868108749389648e-02,8.465671539306640625e-02,-2.778990194201469421e-02,-3.740401566028594971e-01,-3.114063441753387451e-01,-3.072556257247924805e-01,-3.285712301731109619e-01,-5.063207074999809265e-02,-3.487109392881393433e-02,-2.144731432199478149e-01,-2.038667798042297363e-01,-3.347549140453338623e-01,-3.958245515823364258e-01,-3.338519632816314697e-01,-1.912751793861389160e-01,2.410852722823619843e-02,-4.932720679789781570e-03,-2.612278461456298828e-01,-1.833303570747375488e-01,-2.433726191520690918e-01,-2.088994532823562622e-01,-2.534488439559936523e-01,-2.630688250064849854e-01,-1.796171367168426514e-01,-2.662757337093353271e-01,-1.312547177076339722e-01,-2.387780845165252686e-01,-1.302533894777297974e-01,-1.025608479976654053e-01,-1.314186900854110718e-01,-2.293532490730285645e-01,-5.076722055673599243e-02,9.781274199485778809e-02
-2.761354856193065643e-02,-7.976853102445602417e-02,-1.945675760507583618e-01,3.906245529651641846e-01,-4.030417501926422119e-01,-2.548723518848419189e-01,5.305447578430175781e-01,0.000000000000000000e+00,-3.266200795769691467e-02,-7.690752297639846802e-02,4.033033549785614014e-01,5.915709137916564941e-01,3.898341357707977295e-01,1.845819950103759766e-01,-3.517495095729827881e-01,-3.078385591506958008e-01,1.264402121305465698e-01,1.877509206533432007e-01,9.632615000009536743e-02,6.041324883699417114e-02,-1.850748211145401001e-01,-1.237104684114456177e-01,2.572035193443298340e-01,5.840544030070304871e-02,-2.143632620573043823e-01,-2.144554853439331055e-01,-3.028683066368103027e-01,-3.310510516166687012e-01,1.738575994968414307e-01,5.326095968484878540e-02,3.174631623551249504e-03,2.013646960258483887e-01,3.507661819458007812e-01,3.802601993083953857e-01,9.160136431455612183e-02,2.134543843567371368e-02,-2.816212773323059082e-01,-2.350301146507263184e-01,-4.500568509101867676e-01,-4.339786171913146973e-01,-2.404636442661285400e-01,-2.661956548690795898e-01,2.049400508403778076e-01,1.276675313711166382e-01,3.501792550086975098e-01,3.263849020004272461e-01,-2.931356430053710938e-02,-1.414529234170913696e-02,3.864569365978240967e-01,3.723371624946594238e-01,4.200916290283203125e-01,3.831139206886291504e-01,-6.480566412210464478e-02,8.704990148544311523e-02,-3.561611175537109375e-01,-2.744219601154327393e-01,3.715284168720245361e-02,-1.558776348829269409e-01,-6.597013771533966064e-02,-2.771858870983123779e-01,4.388553500175476074e-01,5.218454003334045410e-01,3.347176015377044678e-01,5.008040666580200195e-01,2.273318767547607422e-01,3.536017835140228271e-01,1.663679480552673340e-01,2.484967112541198730e-01,-2.191164344549179077e-01,-1.169226393103599548e-01,-1.296706199645996094e-01,-7.683117687702178955e-02,1.598257273435592651e-01,1.489915549755096436e-01,1.899071410298347473e-02,8.503311872482299805e-02,-3.262089565396308899e-02,-1.135631129145622253e-01,-3.706112131476402283e-02,-1.558884233236312866e-01,1.004063487052917480e-01,2.506083250045776367e-01,-1.593890935182571411e-01,-3.503363812342286110e-03,2.562260068953037262e-02,7.254374027252197266e-02,-5.131658315658569336e-01,-3.995707631111145020e-01,-4.539026618003845215e-01,-4.146642386913299561e-01,1.679399758577346802e-01,1.126974746584892273e-01,-8.678348362445831299e-02,-9.662987291812896729e-02,-5.352209806442260742e-01,-5.071894526481628418e-01,-4.260292947292327881e-01,-1.902256757020950317e-01,4.309164732694625854e-02,3.927533328533172607e-02,-4.365563690662384033e-01,-3.346894681453704834e-01,-4.596716463565826416e-01,-4.049758017063140869e-01,-4.514076411724090576e-01,-4.158222973346710205e-01,-3.944459259510040283e-01,-5.042117238044738770e-01,-2.193355113267898560e-01,-1.339236795902252197e-01,-1.415321826934814453e-01,4.778601229190826416e-02,2.611676789820194244e-02,-1.991046816110610962e-01,1.772041618824005127e-01,5.266634747385978699e-02
-1.792822778224945068e-01,-7.270198315382003784e-02,3.827022761106491089e-02,-1.598760038614273071e-01,2.554733455181121826e-01,6.702576577663421631e-02,-1.786899566650390625e-01,-3.266200795769691467e-02,0.000000000000000000e+00,2.717139422893524170e-01,-1.635205447673797607e-01,-3.871699050068855286e-02,-4.142561554908752441e-02,-7.853240519762039185e-02,1.889776736497879028e-01,3.994940966367721558e-02,-7.657117396593093872e-02,1.058621555566787720e-01,-1.567606478929519653e-01,-7.918616384267807007e-02,6.024597212672233582e-02,4.691795259714126587e-02,8.207913488149642944e-03,-1.132100000977516174e-01,2.210612595081329346e-01,-6.963616609573364258e-02,7.516095042228698730e-02,-9.055023640394210815e-02,-1.856155097484588623e-01,-1.167684569954872131e-01,-5.263465046882629395e-01,-2.666224539279937744e-01,2.940878504887223244e-03,-3.656300157308578491e-02,1.796101331710815430e-01,2.493119984865188599e-01,-5.975117906928062439e-02,-2.161344438791275024e-01,-1.343845427036285400e-01,-7.695233076810836792e-02,-7.267094403505325317e-02,-4.031492024660110474e-02,1.894570887088775635e-01,6.894756108522415161e-02,7.240246981382369995e-02,7.605423778295516968e-02,1.121706441044807434e-01,1.507477611303329468e-01,2.443993240594863892e-01,2.177790552377700806e-01,1.975158751010894775e-01,2.000032365322113037e-01,-1.015305742621421814e-01,-2.240928448736667633e-02,-1.222176849842071533e-02,3.495560958981513977e-02,-5.068578943610191345e-02,-1.374919414520263672e-01,1.953854784369468689e-02,-1.549836248159408569e-01,2.525210678577423096e-01,1.585183888673782349e-01,1.918566077947616577e-01,1.302649825811386108e-01,1.656462848186492920e-01,1.762306839227676392e-01,2.528249919414520264e-01,1.816963553428649902e-01,-7.480815798044204712e-02,2.445541881024837494e-02,-1.009357869625091553e-01,-1.233117058873176575e-01,-4.880718141794204712e-02,-1.757795661687850952e-01,1.917298734188079834e-01,6.250739097595214844e-03,4.779846221208572388e-02,9.219354391098022461e-02,-5.996727384626865387e-03,-2.513574063777923584e-02,-1.717949509620666504e-01,-8.286201953887939453e-02,1.273119002580642700e-01,7.909069955348968506e-02,-1.714206933975219727e-01,-1.993701756000518799e-01,-3.093784488737583160e-02,-9.558326005935668945e-02,-1.958383321762084961e-01,-2.715636491775512695e-01,-2.840022534655872732e-05,-1.989376917481422424e-02,2.635943517088890076e-02,-1.434524171054363251e-02,-1.007787585258483887e-01,-6.345766782760620117e-02,1.179861277341842651e-01,1.406132280826568604e-01,-7.777570188045501709e-02,-1.855322532355785370e-02,-7.987543940544128418e-02,-9.114544093608856201e-02,-1.431016474962234497e-01,-1.903590410947799683e-01,-2.052174806594848633e-01,-1.641232520341873169e-01,-2.723253369331359863e-01,-1.953565031290054321e-01,-1.323349773883819580e-01,-2.326617948710918427e-02,2.217026799917221069e-01,-9.817968308925628662e-02,-1.488333940505981445e-02,-1.170813664793968201e-01,2.079673111438751221e-01,-1.595669239759445190e-01
-1.512387245893478394e-01,-7.067386060953140259e-02,1.897136569023132324e-01,5.450169369578361511e-02,6.300424337387084961e-01,6.495424509048461914e-01,-1.284545660018920898e-01,-7.690752297639846802e-02,2.717139422893524170e-01,0.000000000000000000e+00,-3.557344973087310791e-01,-2.355287373065948486e-01,-2.827833592891693115e-01,-2.046451121568679810e-01,5.361431241035461426e-01,5.943495631217956543e-01,-3.378925919532775879e-01,-3.104480504989624023e-01,4.752688854932785034e-02,-1.470440179109573364e-01,3.609581291675567627e-01,3.869201838970184326e-01,1.828064471483230591e-01,1.639866530895233154e-01,6.397877931594848633e-01,6.332892179489135742e-01,5.512858033180236816e-01,5.944234728813171387e-01,-1.240130215883255005e-01,1.076019555330276489e-01,8.731973171234130859e-02,2.191922366619110107e-01,-2.333410680294036865e-01,-1.864318400621414185e-01,1.143092215061187744e-01,2.212213911116123199e-02,6.199480220675468445e-02,6.340663135051727295e-02,1.021715849637985229e-01,1.994248628616333008e-01,1.489275991916656494e-01,1.570523343980312347e-02,-3.063832223415374756e-01,-2.933459579944610596e-01,-3.539272248744964600e-01,-3.822070956230163574e-01,-2.597400248050689697e-01,-2.849006056785583496e-01,-2.994655966758728027e-01,-2.665687799453735352e-01,-2.724330723285675049e-01,-3.099820911884307861e-01,-1.945619583129882812e-01,-1.786390841007232666e-01,-4.465247038751840591e-03,-8.185191452503204346e-02,-2.071032673120498657e-01,-6.447043269872665405e-02,-4.083937704563140869e-01,-2.797460258007049561e-01,-1.091257780790328979e-01,-8.702879399061203003e-02,-1.153897047042846680e-01,-1.151497289538383484e-01,-2.753786370158195496e-02,-1.067365333437919617e-01,-2.483820617198944092e-01,-2.841899394989013672e-01,-3.132988139986991882e-02,-1.231991499662399292e-01,3.842231929302215576e-01,3.581162691116333008e-01,-1.015089154243469238e-01,4.437580332159996033e-02,2.009723037481307983e-01,-5.950186401605606079e-03,4.493198543787002563e-02,6.230078265070915222e-02,1.342848688364028931e-01,3.419793844223022461e-01,-4.889484494924545288e-02,1.245175302028656006e-02,1.172737553715705872e-01,9.228356927633285522e-02,8.877015858888626099e-02,7.704890519380569458e-02,2.889361381530761719e-01,3.198499083518981934e-01,1.830015778541564941e-01,1.419479548931121826e-01,-1.137167289853096008e-01,-6.689099222421646118e-02,1.405857503414154053e-01,1.316365003585815430e-01,1.848095208406448364e-01,1.731607615947723389e-01,6.608576327562332153e-02,-4.716419428586959839e-02,-1.391629725694656372e-01,-1.236010938882827759e-01,9.115151315927505493e-02,1.368286460638046265e-01,1.357657164335250854e-01,6.713555008172988892e-02,9.739739447832107544e-02,6.190073490142822266e-02,8.890043944120407104e-02,1.671914905309677124e-01,-1.611041426658630371e-01,-1.343456190079450607e-02,-1.458526588976383209e-02,-1.976570934057235718e-01,-7.215566188097000122e-02,1.118635833263397217e-01,-9.359530359506607056e-02,1.063447725027799606e-02
2.763043344020843506e-01,1.758016645908355713e-01,-1.625767499208450317e-01,1.392883062362670898e-01,-3.906985223293304443e-01,-3.228253722190856934e-01,4.540112912654876709e-01,4.033033549785614014e-01,-1.635205447673797607e-01,-3.557344973087310791e-01,0.000000000000000000e+00,4.860027730464935303e-01,5.622554421424865723e-01,3.052891492843627930e-01,-3.596884310245513916e-01,-3.575218021869659424e-01,4.716402292251586914e-01,3.940548896789550781e-01,1.619949489831924438e-01,2.133937031030654907e-01,-2.564970552921295166e-01,-2.177427858114242554e-01,-6.942465156316757202e-02,-7.274574041366577148e-02,-3.318884670734405518e-01,-2.868700027465820312e-01,-3.299659788608551025e-01,-3.160210549831390381e-01,4.250341653823852539e-01,2.309512048959732056e-01,1.480385214090347290e-01,8.551496267318725586e-02,5.011048316955566406e-01,4.513903260231018066e-01,-6.963629275560379028e-02,-9.621859341859817505e-02,-2.774891555309295654e-01,-2.200521230697631836e-01,-3.270112872123718262e-01,-3.389589488506317139e-01,-2.230523079633712769e-01,-1.209693402051925659e-01,5.610528215765953064e-02,5.728185549378395081e-02,2.134553194046020508e-01,2.116969525814056396e-01,-8.876972645521163940e-02,-9.769847989082336426e-02,2.635152041912078857e-01,2.066919505596160889e-01,3.175591826438903809e-01,2.833874523639678955e-01,-1.305974423885345459e-01,-4.266638681292533875e-02,-3.542792201042175293e-01,-2.818755507469177246e-01,3.385727405548095703e-01,1.695755422115325928e-01,2.694371640682220459e-01,-5.014783143997192383e-02,4.195324778556823730e-01,4.037696421146392822e-01,4.507141709327697754e-01,4.204302728176116943e-01,9.237388521432876587e-02,4.332935810089111328e-02,1.721054762601852417e-01,1.001126021146774292e-01,-6.171224173158407211e-03,3.611221909523010254e-02,-5.336010083556175232e-02,4.575396329164505005e-02,3.130086064338684082e-01,2.285540252923965454e-01,1.901889336295425892e-03,2.035781890153884888e-01,1.247778236865997314e-01,4.030760377645492554e-02,5.741287767887115479e-02,-6.889139115810394287e-02,1.663803607225418091e-01,2.150805741548538208e-01,-1.790031641721725464e-01,-1.285363435745239258e-01,-3.579525649547576904e-02,-3.368879109621047974e-02,-4.642389416694641113e-01,-4.156524837017059326e-01,-3.590492010116577148e-01,-3.520148992538452148e-01,-6.480395048856735229e-02,-7.759426534175872803e-02,-3.330789506435394287e-01,-2.672314047813415527e-01,-3.509252965450286865e-01,-4.054174423217773438e-01,-2.911251485347747803e-01,-9.821204841136932373e-02,-6.483462452888488770e-02,-7.316979020833969116e-02,-3.290524184703826904e-01,-2.703998684883117676e-01,-2.957092821598052979e-01,-2.422840744256973267e-01,-3.200880885124206543e-01,-2.892488539218902588e-01,-2.928610146045684814e-01,-3.131168186664581299e-01,-7.517257332801818848e-02,-1.066541746258735657e-01,-1.605990976095199585e-01,-9.200537949800491333e-02,-1.045951098203659058e-01,-3.069671988487243652e-01,-1.225722134113311768e-01,-8.666647970676422119e-02
-4.437218233942985535e-02,-1.650902628898620605e-01,-4.547207802534103394e-02,2.766169309616088867e-01,-4.370157718658447266e-01,-2.846488356590270996e-01,4.374732375144958496e-01,5.915709137916564941e-01,-3.871699050068855286e-02,-2.355287373065948486e-01,4.860027730464935303e-01,0.000000000000000000e+00,5.168426632881164551e-01,4.473040103912353516e-01,-3.713528215885162354e-01,-3.021704554557800293e-01,1.718184500932693481e-01,2.446085959672927856e-01,-3.396737948060035706e-02,2.961588650941848755e-02,-2.641988992691040039e-01,-1.776864826679229736e-01,1.169447302818298340e-01,1.470094472169876099e-01,-2.314524203538894653e-01,-2.693085670471191406e-01,-3.414052724838256836e-01,-4.279250204563140869e-01,1.254722326993942261e-01,2.493010014295578003e-01,6.196760758757591248e-02,2.530626058578491211e-01,3.929501175880432129e-01,4.279332756996154785e-01,1.345155537128448486e-01,1.990501880645751953e-01,-1.238149255514144897e-01,-8.612497895956039429e-02,-2.602463960647583008e-01,-2.149232327938079834e-01,-2.018279880285263062e-01,-1.432394832372665405e-01,1.973759196698665619e-02,5.040201917290687561e-02,2.282377481460571289e-01,1.556658893823623657e-01,4.034838080406188965e-02,2.242057956755161285e-02,3.119681179523468018e-01,2.750804722309112549e-01,2.713177502155303955e-01,2.224127650260925293e-01,-1.020474806427955627e-01,2.430511638522148132e-02,-1.495361477136611938e-01,-1.239157468080520630e-01,-3.762106969952583313e-02,-1.643066406250000000e-01,1.367062330245971680e-01,-6.230803951621055603e-02,3.358727693557739258e-01,5.189238786697387695e-01,3.823945820331573486e-01,6.191966533660888672e-01,2.507123649120330811e-01,3.767813444137573242e-01,3.104393780231475830e-01,3.261624276638031006e-01,-2.852768898010253906e-01,-1.659920662641525269e-01,-1.696494519710540771e-01,-6.613008677959442139e-02,3.025346696376800537e-01,1.363629251718521118e-01,1.189173832535743713e-01,2.418985366821289062e-01,1.638574004173278809e-01,1.315269023180007935e-01,-2.377344369888305664e-01,-3.270628750324249268e-01,-6.722573190927505493e-02,7.745382934808731079e-02,-1.799958348274230957e-01,-9.403776377439498901e-02,-1.718148291110992432e-01,-4.604023322463035583e-02,-3.524632453918457031e-01,-2.966669499874114990e-01,-3.074090778827667236e-01,-2.662116289138793945e-01,1.790491938591003418e-01,1.712110042572021484e-01,-2.048609256744384766e-01,-1.572453677654266357e-01,-3.379684686660766602e-01,-3.824480175971984863e-01,-3.271592855453491211e-01,-1.884084343910217285e-01,1.929959505796432495e-01,2.312041074037551880e-01,-2.154102772474288940e-01,-1.486206650733947754e-01,-2.176300883293151855e-01,-1.804384291172027588e-01,-2.503427863121032715e-01,-2.539233565330505371e-01,-1.546271294355392456e-01,-2.556460499763488770e-01,-1.723731160163879395e-01,-3.176605105400085449e-01,1.788901910185813904e-02,-1.548766717314720154e-02,1.369716972112655640e-01,-1.917328983545303345e-01,7.611227780580520630e-02,2.015589624643325806e-01
2.081970423460006714e-01,5.098602548241615295e-02,4.982269927859306335e-02,1.839764267206192017e-01,-3.799753487110137939e-01,-2.605951428413391113e-01,5.563078522682189941e-01,3.898341357707977295e-01,-4.142561554908752441e-02,-2.827833592891693115e-01,5.622554421424865723e-01,5.168426632881164551e-01,0.000000000000000000e+00,3.824780881404876709e-01,-2.876328229904174805e-01,-3.094460964202880859e-01,3.639827370643615723e-01,4.344956874847412109e-01,1.601978093385696411e-01,1.905698329210281372e-01,-2.860301434993743896e-01,-3.188246786594390869e-01,1.468986719846725464e-01,1.503059267997741699e-01,-2.626806795597076416e-01,-2.772518396377563477e-01,-3.293688297271728516e-01,-4.227860271930694580e-01,3.907871544361114502e-01,1.958892941474914551e-01,1.792755573987960815e-01,1.797735989093780518e-01,4.295921921730041504e-01,3.867019712924957275e-01,-4.326318949460983276e-02,-1.002502441406250000e-01,-2.248307913541793823e-01,-1.937894672155380249e-01,-3.129956126213073730e-01,-2.659832537174224854e-01,-2.345917522907257080e-01,-1.907504051923751831e-01,2.909296890720725060e-03,3.557236492633819580e-02,2.073691785335540771e-01,1.780674755573272705e-01,-7.349720597267150879e-02,-1.213240474462509155e-01,2.189020961523056030e-01,1.383897364139556885e-01,1.451328247785568237e-01,1.112299412488937378e-01,-2.816132307052612305e-01,-1.091869324445724487e-01,-2.945328056812286377e-01,-2.373072504997253418e-01,2.083507627248764038e-01,-1.680617104284465313e-03,7.132763415575027466e-02,-1.205973029136657715e-01,2.870608568191528320e-01,3.210937678813934326e-01,3.873561620712280273e-01,3.910711407661437988e-01,2.934480309486389160e-01,1.771741956472396851e-01,2.225179523229598999e-01,9.964593499898910522e-02,-9.013920277357101440e-02,-5.044515430927276611e-02,-2.722977399826049805e-01,-1.021509990096092224e-01,1.915904134511947632e-01,2.381581366062164307e-01,-5.241975933313369751e-02,1.839413046836853027e-01,-5.586446821689605713e-02,-1.334477812051773071e-01,-5.480663850903511047e-02,-1.401765495538711548e-01,3.413495048880577087e-02,1.486934274435043335e-01,-2.033795565366744995e-01,-8.699472248554229736e-02,2.036800980567932129e-02,-7.199630886316299438e-02,-3.853351771831512451e-01,-2.766628563404083252e-01,-2.648588716983795166e-01,-3.030311465263366699e-01,-1.329834386706352234e-02,3.777860850095748901e-02,-2.160560637712478638e-01,-1.093066036701202393e-01,-3.312888145446777344e-01,-4.083723723888397217e-01,-3.222477436065673828e-01,-1.113701611757278442e-01,-1.339691923931241035e-03,3.386968374252319336e-02,-1.994073987007141113e-01,-1.254151314496994019e-01,-1.851909607648849487e-01,-1.363738775253295898e-01,-2.120082974433898926e-01,-2.158271223306655884e-01,-1.352025717496871948e-01,-2.033375054597854614e-01,-1.021236106753349304e-01,-2.817010879516601562e-01,-1.806435436010360718e-01,-5.776050500571727753e-03,-5.991389229893684387e-02,-1.962432265281677246e-01,-1.042687818408012390e-01,1.366906464099884033e-01
