0.000000000000000000e+00,4.891581535339355469e-01,1.637180894613265991e-01,2.413687705993652344e-01,-2.174633145332336426e-01,1.200435534119606018e-01,5.337341129779815674e-02,1.172954216599464417e-01,2.968188747763633728e-02,1.402298063039779663e-01,1.651149094104766846e-01,1.117555499076843262e-01,-8.563285320997238159e-02,-2.158707678318023682e-01,-4.682233557105064392e-02,6.508070975542068481e-02,2.391379922628402710e-01,2.307049781084060669e-01,4.336602389812469482e-01,5.281234979629516602e-01,-3.044359758496284485e-02,-5.886495113372802734e-02,6.577866524457931519e-02,8.582627773284912109e-02,-2.347470074892044067e-01,-2.189140170812606812e-01,-1.093516051769256592e-01,-9.082970768213272095e-02,7.066256552934646606e-02,-1.046400517225265503e-01,1.643903255462646484e-01,1.361175626516342163e-01,5.588620901107788086e-01,5.341156125068664551e-01,2.276474237442016602e-01,7.037303596735000610e-02,1.036436930298805237e-01,1.039267629384994507e-01,-9.222598373889923096e-02,1.560453623533248901e-01,1.406785696744918823e-01,-1.466488242149353027e-01,-1.698346138000488281e-01,-1.097532808780670166e-01,8.008243143558502197e-02,2.227732539176940918e-01,-1.700503975152969360e-01,-2.923611178994178772e-02,1.154773682355880737e-02,1.162873730063438416e-01,-1.121020615100860596e-01,-1.821638830006122589e-02,-2.342260479927062988e-01,-2.549105882644653320e-01,-1.098142862319946289e-01,2.792409248650074005e-02,7.449918985366821289e-01,5.411908030509948730e-01,3.866778016090393066e-01,3.321959674358367920e-01,4.945708215236663818e-01,4.138239026069641113e-01,4.370262622833251953e-01,4.142802357673645020e-01,2.394110560417175293e-01,3.880410194396972656e-01,3.929810523986816406e-01,4.559487700462341309e-01,5.007721185684204102e-01,3.695302307605743408e-01,1.999024897813796997e-01,1.445208936929702759e-01,3.362114727497100830e-01,3.840209245681762695e-01,-5.503235012292861938e-02,-6.007675454020500183e-02,2.246524393558502197e-01,3.242251574993133545e-01,1.208976493217051029e-03,1.993776559829711914e-01,1.829972416162490845e-01,2.729038000106811523e-01,-1.505524963140487671e-01,-1.868831813335418701e-01,4.415358230471611023e-02,3.327237963676452637e-01,-1.012422963976860046e-01,-6.062772125005722046e-02,-2.376634180545806885e-01,-2.137606032192707062e-03,-3.573177754878997803e-01,-2.834836244583129883e-01,-3.199738562107086182e-01,-3.262792229652404785e-01,-7.802840322256088257e-02,-5.909950658679008484e-02,1.868626661598682404e-02,1.193098127841949463e-01,3.218936175107955933e-02,-3.191471099853515625e-02,-7.700789719820022583e-02,-1.652241349220275879e-01,1.086762174963951111e-01,1.612833887338638306e-01,-3.094886429607868195e-02,2.667320705950260162e-02,-3.924527764320373535e-02,1.358751505613327026e-01,-8.877023123204708099e-03,1.367030665278434753e-03,-6.509716063737869263e-02,-1.387000679969787598e-01,-7.098594307899475098e-02,-3.290122607722878456e-03,-4.930204525589942932e-02,-3.708253148943185806e-03
4.891581535339355469e-01,0.000000000000000000e+00,7.984963059425354004e-02,2.544037103652954102e-01,-3.504171073436737061e-01,1.362435221672058105e-01,-5.905864387750625610e-02,3.759324848651885986e-01,-1.359895467758178711e-01,-1.169689595699310303e-01,-3.599174320697784424e-02,3.419766724109649658e-01,-1.320850551128387451e-01,3.890173882246017456e-02,-9.183555841445922852e-02,-1.560904830694198608e-01,7.752607017755508423e-02,5.567975044250488281e-01,1.728129088878631592e-01,5.472397208213806152e-01,-4.175825044512748718e-03,1.385416388511657715e-01,1.712214550934731960e-03,1.024818792939186096e-01,-2.895533442497253418e-01,-3.906184732913970947e-01,8.682377636432647705e-02,3.398539125919342041e-02,-7.624750584363937378e-02,1.961400359869003296e-01,7.865932583808898926e-02,8.749658614397048950e-02,4.495576918125152588e-01,6.034602522850036621e-01,5.842928960919380188e-02,-7.788971066474914551e-02,-1.556620001792907715e-01,2.549113035202026367e-01,-3.342763334512710571e-02,1.373580247163772583e-01,-1.860592886805534363e-02,8.547744154930114746e-02,-1.925441473722457886e-01,-1.165838539600372314e-01,3.294362127780914307e-02,3.167504072189331055e-02,-1.054312884807586670e-01,-1.857032068073749542e-02,-8.808492124080657959e-02,5.823671072721481323e-02,-2.638374827802181244e-02,4.187226295471191406e-02,5.415793508291244507e-02,-3.242466151714324951e-01,8.306994289159774780e-02,-2.395266592502593994e-01,5.690209865570068359e-01,7.171697020530700684e-01,1.207382231950759888e-01,2.816696465015411377e-01,3.203257024288177490e-01,4.755848050117492676e-01,2.793309986591339111e-01,5.808334946632385254e-01,6.176163628697395325e-02,4.090719819068908691e-01,1.873586326837539673e-01,1.568859517574310303e-01,3.447306752204895020e-01,6.041502952575683594e-02,8.953983336687088013e-02,-1.709472686052322388e-01,1.917766183614730835e-01,4.977219700813293457e-01,1.856620796024799347e-02,-1.446180790662765503e-01,1.980706155300140381e-01,1.467041820287704468e-01,1.355997771024703979e-01,4.519195761531591415e-03,3.416951596736907959e-01,4.882110953330993652e-01,-1.912570446729660034e-01,-1.686857044696807861e-01,2.773969769477844238e-01,1.794430613517761230e-02,-3.179673105478286743e-02,-2.043424546718597412e-01,5.745895951986312866e-02,-4.360541701316833496e-01,-1.521353721618652344e-01,-3.416514098644256592e-01,-1.859323829412460327e-01,-3.761239349842071533e-01,-5.173747241497039795e-02,-1.677539013326168060e-02,-4.430457018315792084e-03,5.674573779106140137e-02,-8.611068874597549438e-02,-9.270656853914260864e-02,1.090234965085983276e-01,-3.088922500610351562e-01,1.556645333766937256e-01,-3.380558639764785767e-02,8.632707595825195312e-02,-1.404397785663604736e-01,1.729556471109390259e-01,-9.701673686504364014e-02,5.030449479818344116e-02,1.275532394647598267e-01,-1.450059264898300171e-01,-2.206595093011856079e-01,-6.547230482101440430e-02,9.982799738645553589e-02,1.715758815407752991e-02,-1.051312386989593506e-01
1.637180894613265991e-01,7.984963059425354004e-02,0.000000000000000000e+00,5.961268544197082520e-01,3.054027259349822998e-01,3.612572848796844482e-01,6.334092020988464355e-01,3.737268447875976562e-01,1.256547123193740845e-01,3.567549884319305420e-01,-1.289707124233245850e-01,3.561671674251556396e-01,3.522442281246185303e-01,3.478104174137115479e-01,4.426327645778656006e-01,4.521245360374450684e-01,-2.211683839559555054e-01,-1.245302706956863403e-01,2.481381297111511230e-01,-3.804958611726760864e-02,-1.498910635709762573e-01,-4.467440024018287659e-02,6.444491147994995117e-01,7.221960425376892090e-01,2.277882099151611328e-01,3.129855990409851074e-01,-1.475383937358856201e-01,-1.489819437265396118e-01,-7.783528417348861694e-02,7.727775257080793381e-03,6.535589694976806641e-01,6.475920081138610840e-01,6.101245060563087463e-02,9.947159886360168457e-02,-1.871241629123687744e-01,-6.529668718576431274e-02,-5.085445567965507507e-02,-5.004147440195083618e-02,-3.411756455898284912e-01,-2.933496236801147461e-01,-2.444737106561660767e-01,-6.082610040903091431e-02,-2.277987152338027954e-01,-2.658393383026123047e-01,4.748911261558532715e-01,3.188679218292236328e-01,-4.518453776836395264e-01,-3.704621195793151855e-01,4.428966939449310303e-01,4.310508072376251221e-01,1.597591191530227661e-01,8.884174376726150513e-02,-2.499078363180160522e-01,-3.284115493297576904e-01,-4.092272222042083740e-01,-1.744960397481918335e-01,4.820539057254791260e-02,-4.771043732762336731e-02,5.266361236572265625e-01,2.948269546031951904e-01,2.142442911863327026e-01,1.315853595733642578e-01,-2.122442424297332764e-01,-1.978881508111953735e-01,9.658647328615188599e-02,2.308131009340286255e-01,1.861479431390762329e-01,1.714115440845489502e-01,1.485526412725448608e-01,-1.139945909380912781e-01,2.763237357139587402e-01,3.533749580383300781e-01,-7.727538794279098511e-02,1.225491315126419067e-01,-2.022807113826274872e-02,1.880337148904800415e-01,-2.627192139625549316e-01,-1.862366646528244019e-01,-3.170427083969116211e-01,-2.174790352582931519e-01,-4.633840024471282959e-01,-1.945659518241882324e-01,2.306413203477859497e-01,2.729463577270507812e-01,-3.319229483604431152e-01,-2.341345250606536865e-01,4.531233906745910645e-01,4.784145355224609375e-01,-2.929397225379943848e-01,-7.914655655622482300e-02,-6.677276641130447388e-02,-2.160250544548034668e-01,-3.668446242809295654e-01,-3.463040888309478760e-01,-2.237965762615203857e-01,-3.220912516117095947e-01,-2.574163675308227539e-01,-1.365572363138198853e-01,-8.978029340505599976e-02,-2.213090658187866211e-01,-1.770326793193817139e-01,-3.475836217403411865e-01,6.435992568731307983e-02,1.262003183364868164e-01,-2.649738192558288574e-01,-5.809686332941055298e-02,2.720576478168368340e-03,2.864099442958831787e-01,-7.568508386611938477e-02,-1.908006072044372559e-01,-3.739160597324371338e-01,-1.648219823837280273e-01,-1.807628720998764038e-01,-4.086804687976837158e-01,-3.568277657032012939e-01,-1.382631063461303711e-01
2.413687705993652344e-01,2.544037103652954102e-01,5.961268544197082520e-01,0.000000000000000000e+00,1.561920493841171265e-01,3.831159695982933044e-02,6.172661185264587402e-01,6.633415222167968750e-01,-2.153157740831375122e-01,3.278673440217971802e-02,9.771098196506500244e-02,5.136440992355346680e-01,3.215546607971191406e-01,3.773456513881683350e-01,1.208104863762855530e-01,5.535715073347091675e-02,-4.177662730216979980e-02,1.448395550251007080e-01,5.580948591232299805e-01,3.268061578273773193e-01,-2.561492323875427246e-01,-9.425199031829833984e-02,7.152819037437438965e-01,7.102417945861816406e-01,1.644000709056854248e-01,6.415969878435134888e-02,-1.140838861465454102e-01,-1.074789240956306458e-01,-1.089134067296981812e-01,-3.032846841961145401e-03,3.197842538356781006e-01,4.458960890769958496e-01,3.003587722778320312e-01,3.758330643177032471e-01,3.136398270726203918e-02,-7.677347958087921143e-02,-2.298407107591629028e-01,-1.643653213977813721e-01,-3.089987300336360931e-02,-1.195774599909782410e-01,-9.020750969648361206e-02,4.284808412194252014e-02,-1.729480177164077759e-01,-1.883879601955413818e-01,5.294675379991531372e-02,3.420463576912879944e-02,-3.350698053836822510e-01,-1.919878274202346802e-01,-8.668090403079986572e-02,-7.896197028458118439e-03,-1.312078088521957397e-01,-4.167284816503524780e-02,-2.792734503746032715e-01,-1.212719380855560303e-01,-3.247036933898925781e-01,-9.732041507959365845e-02,1.517239809036254883e-01,6.844380497932434082e-02,1.940203309059143066e-01,-2.885993011295795441e-02,2.748111188411712646e-01,6.566897779703140259e-02,7.267784327268600464e-02,8.158437162637710571e-02,-6.595377624034881592e-02,1.156521216034889221e-01,1.797783188521862030e-02,9.460306167602539062e-02,3.408585116267204285e-02,4.862644523382186890e-02,4.870160296559333801e-02,1.872779987752437592e-02,6.024672091007232666e-02,1.081980764865875244e-01,4.111991450190544128e-02,2.260616719722747803e-01,8.435420691967010498e-02,7.663940638303756714e-02,-2.292556464672088623e-01,-1.508005559444427490e-01,-1.870467066764831543e-01,-1.191020905971527100e-01,1.353779062628746033e-02,8.391007781028747559e-03,4.501542448997497559e-02,-3.016641549766063690e-02,1.887086182832717896e-01,1.523045450448989868e-01,-1.965288221836090088e-01,-3.953487798571586609e-02,-2.498398274183273315e-01,-1.043377593159675598e-01,-2.273472547531127930e-01,-2.454621791839599609e-01,-2.060849070549011230e-01,-2.500600218772888184e-01,-3.523279130458831787e-01,-2.512970268726348877e-01,-3.268916010856628418e-01,-3.290182352066040039e-01,-3.884708881378173828e-01,-2.816393375396728516e-01,-3.332825899124145508e-01,-2.727723419666290283e-01,-1.541831940412521362e-01,-8.536884933710098267e-02,-2.243853174149990082e-02,-1.109632626175880432e-01,-1.838911883533000946e-02,-1.533359587192535400e-01,-3.315708041191101074e-01,-2.528885304927825928e-01,-3.656353652477264404e-01,-2.602702379226684570e-01,-2.877195179462432861e-01,-1.458980441093444824e-01
-2.174633145332336426e-01,-3.504171073436737061e-01,3.054027259349822998e-01,1.561920493841171265e-01,0.000000000000000000e+00,-5.686470121145248413e-02,3.981212675571441650e-01,-7.588262204080820084e-03,1.188888922333717346e-01,1.078832373023033142e-01,1.199880242347717285e-01,6.768902391195297241e-02,2.762636244297027588e-01,2.438892573118209839e-01,3.572059571743011475e-01,3.131070137023925781e-01,-1.304136067628860474e-01,-3.382681012153625488e-01,-8.178853243589401245e-02,-3.076859116554260254e-01,-5.829814821481704712e-03,-1.921274513006210327e-01,3.309201598167419434e-01,2.309539169073104858e-01,6.223663687705993652e-01,5.829724669456481934e-01,1.577702313661575317e-01,2.091521620750427246e-01,-5.098672583699226379e-03,-8.008941262960433960e-02,6.224553287029266357e-02,4.748619347810745239e-02,-2.055219411849975586e-01,-3.170281052589416504e-01,-2.911660671234130859e-01,-2.288921028375625610e-01,-6.059476640075445175e-03,-1.402081996202468872e-01,-3.768796473741531372e-02,-1.567545235157012939e-01,-1.882790029048919678e-01,-3.643528744578361511e-02,-1.249872241169214249e-02,-1.144177615642547607e-01,5.472208186984062195e-02,-5.543774738907814026e-02,-1.615104228258132935e-01,-1.943089514970779419e-01,1.702782660722732544e-01,8.916191011667251587e-02,1.969201676547527313e-02,4.416570439934730530e-02,-9.841859340667724609e-02,1.136725991964340210e-01,-2.871458232402801514e-01,1.449812389910221100e-02,-2.184505015611648560e-01,-4.450319707393646240e-01,3.323553502559661865e-02,-2.471808195114135742e-01,-1.275771707296371460e-01,-3.907823562622070312e-01,-1.892577409744262695e-01,-3.426072895526885986e-01,-2.723473012447357178e-01,-3.096305429935455322e-01,-3.185302317142486572e-01,-2.779799699783325195e-01,-2.765921950340270996e-01,-1.961119174957275391e-01,-1.710890829563140869e-01,1.595745533704757690e-01,-1.923473328351974487e-01,-4.427020549774169922e-01,2.375406026840209961e-01,3.849540948867797852e-01,-1.281494647264480591e-01,-1.194414570927619934e-01,-2.376412451267242432e-01,-8.758499473333358765e-02,-4.430585801601409912e-01,-3.360764980316162109e-01,2.852622270584106445e-01,2.996951043605804443e-01,-2.683611214160919189e-01,-6.282374262809753418e-02,3.567897975444793701e-01,4.079097509384155273e-01,-1.026667207479476929e-01,2.527212798595428467e-01,1.476279646158218384e-01,2.856395244598388672e-01,1.364269554615020752e-01,1.978864967823028564e-01,-6.979036331176757812e-02,-1.575787216424942017e-01,-1.739379614591598511e-01,-1.214396953582763672e-01,-8.422669768333435059e-02,-8.681669831275939941e-02,-2.618379592895507812e-01,7.899916917085647583e-02,-2.081699967384338379e-01,-4.014600813388824463e-02,-2.653638720512390137e-01,-2.212565205991268158e-02,-2.323789596557617188e-01,4.346508532762527466e-02,-1.083656698465347290e-01,-1.012001261115074158e-01,-1.968377679586410522e-01,-2.082568220794200897e-02,-5.700278654694557190e-02,-2.759558856487274170e-01,-1.206917688250541687e-01,-9.949000924825668335e-02
1.200435534119606018e-01,1.362435221672058105e-01,3.612572848796844482e-01,3.831159695982933044e-02,-5.686470121145248413e-02,0.000000000000000000e+00,9.900621138513088226e-03,-1.087402775883674622e-01,3.692219555377960205e-01,5.310944914817810059e-01,-4.448778033256530762e-01,-3.460717573761940002e-02,-1.512235105037689209e-01,-2.487486973404884338e-02,4.092825353145599365e-01,5.137959718704223633e-01,-2.396087199449539185e-01,-2.967460267245769501e-02,-7.164721935987472534e-02,-2.235893309116363525e-01,1.789531111717224121e-02,1.817329823970794678e-01,1.115123182535171509e-02,2.703569829463958740e-01,-1.026036217808723450e-01,1.288016289472579956e-01,-1.543312221765518188e-01,-1.837318241596221924e-01,1.000694558024406433e-02,1.744553148746490479e-01,5.131393671035766602e-01,3.523339629173278809e-01,-1.502384394407272339e-01,-7.046338170766830444e-02,-3.577622026205062866e-02,9.393742680549621582e-02,2.515736222267150879e-01,3.085289895534515381e-01,-3.318063020706176758e-01,-8.736218512058258057e-02,-1.210576817393302917e-01,-8.864259719848632812e-02,-1.095740403980016708e-02,1.060725655406713486e-02,5.917941331863403320e-01,4.496353268623352051e-01,-1.211870759725570679e-01,-1.442890912294387817e-01,5.680750012397766113e-01,5.441548824310302734e-01,4.115382432937622070e-01,2.564787268638610840e-01,1.000981107354164124e-01,-4.350678622722625732e-01,2.747071534395217896e-02,-8.320360630750656128e-02,1.512022763490676880e-01,2.580938935279846191e-01,5.224455595016479492e-01,6.089438199996948242e-01,1.517211794853210449e-01,3.333416879177093506e-01,-1.949673146009445190e-01,-9.526286274194717407e-02,3.187590539455413818e-01,3.740334212779998779e-01,4.861971139907836914e-01,3.031471669673919678e-01,4.366536438465118408e-01,7.721439749002456665e-02,3.597793877124786377e-01,3.106813728809356689e-01,-1.918911933898925781e-02,3.467276096343994141e-01,-1.239188313484191895e-01,-1.521236300468444824e-01,-2.781916558742523193e-01,-2.542150318622589111e-01,-4.519876465201377869e-02,-2.391905933618545532e-01,-1.453895568847656250e-01,3.133698552846908569e-02,1.752381473779678345e-01,2.909442484378814697e-01,-2.347871959209442139e-01,-2.175072580575942993e-01,3.442044854164123535e-01,3.202134668827056885e-01,-7.279226183891296387e-02,-2.564058303833007812e-01,2.072037458419799805e-01,-2.214808613061904907e-01,-1.715671867132186890e-01,-3.247348666191101074e-01,5.633918568491935730e-02,-6.589102745056152344e-02,2.158509194850921631e-01,1.752309203147888184e-01,3.541359305381774902e-01,2.270454168319702148e-01,3.210607767105102539e-01,-3.120256662368774414e-01,5.047025680541992188e-01,3.325767815113067627e-01,1.944707147777080536e-02,4.455199523363262415e-04,8.794368803501129150e-02,4.320909678936004639e-01,-3.610380738973617554e-02,-4.058406502008438110e-02,2.560793608427047729e-02,1.784636229276657104e-01,2.961238026618957520e-01,8.288853615522384644e-02,5.201592296361923218e-02,-1.879726652987301350e-03
5.337341129779815674e-02,-5.905864387750625610e-02,6.334092020988464355e-01,6.172661185264587402e-01,3.981212675571441650e-01,9.900621138513088226e-03,0.000000000000000000e+00,4.945804476737976074e-01,-1.610667258501052856e-02,1.382501125335693359e-01,2.700682580471038818e-01,4.859399795532226562e-01,5.734161734580993652e-01,5.211448073387145996e-01,2.958028912544250488e-01,1.876562386751174927e-01,-4.961954429745674133e-02,-6.018332019448280334e-02,3.161733746528625488e-01,1.413485966622829437e-02,-3.028387427330017090e-01,-2.010249346494674683e-01,7.508144378662109375e-01,6.542345285415649414e-01,3.076061308383941650e-01,2.604187726974487305e-01,-8.456318080425262451e-02,-6.868776679039001465e-02,-7.999760098755359650e-03,-2.167099528014659882e-02,3.491410613059997559e-01,4.863835573196411133e-01,8.388761430978775024e-02,6.605655699968338013e-02,-1.716363281011581421e-01,-1.515105366706848145e-01,-1.866319924592971802e-01,-2.753272950649261475e-01,-1.844928115606307983e-01,-3.181341290473937988e-01,-2.317679524421691895e-01,-9.365439414978027344e-02,-1.634929925203323364e-01,-1.711786985397338867e-01,1.637627333402633667e-01,7.269752025604248047e-02,-4.476431608200073242e-01,-3.210240900516510010e-01,1.271909028291702271e-01,1.394891291856765747e-01,-3.402777016162872314e-02,6.878063827753067017e-02,-3.136402368545532227e-01,-3.691447898745536804e-02,-4.621988832950592041e-01,-1.766079217195510864e-01,-9.534545987844467163e-02,-2.652933597564697266e-01,1.871444135904312134e-01,-1.403951346874237061e-01,6.977303326129913330e-02,-1.571085304021835327e-01,-1.169646382331848145e-01,-1.613127738237380981e-01,-1.392506808042526245e-01,-8.441532403230667114e-02,-1.532688289880752563e-01,-5.919902771711349487e-02,-2.005663961172103882e-01,-1.999687105417251587e-01,1.050982251763343811e-02,1.822853982448577881e-01,2.635249169543385506e-03,-7.559722661972045898e-02,-1.486832089722156525e-02,3.483974635601043701e-01,-1.285026967525482178e-01,-1.008973941206932068e-01,-3.448364734649658203e-01,-1.161592304706573486e-01,-4.591840207576751709e-01,-3.308652341365814209e-01,1.192828938364982605e-01,1.183357238769531250e-01,-2.480615824460983276e-01,-6.015245988965034485e-02,2.819129526615142822e-01,3.231250345706939697e-01,-2.341644912958145142e-01,1.497132033109664917e-01,-1.782752722501754761e-01,1.979727670550346375e-02,-2.548972666263580322e-01,-1.285884380340576172e-01,-2.590890824794769287e-01,-3.050694167613983154e-01,-3.828097581863403320e-01,-2.943336069583892822e-01,-3.072137236595153809e-01,-3.814263045787811279e-01,-4.927104115486145020e-01,-1.487981975078582764e-01,-3.689178228378295898e-01,-2.342199832201004028e-01,-3.803482651710510254e-01,-9.421592950820922852e-02,-2.299465835094451904e-01,-2.011978067457675934e-02,-4.527064040303230286e-02,-2.000655680894851685e-01,-3.910062313079833984e-01,-2.429659515619277954e-01,-3.943521380424499512e-01,-5.317141413688659668e-01,-4.283400475978851318e-01,-1.862009763717651367e-01
1.172954216599464417e-01,3.759324848651885986e-01,3.737268447875976562e-01,6.633415222167968750e-01,-7.588262204080820084e-03,-1.087402775883674622e-01,4.945804476737976074e-01,0.000000000000000000e+00,-3.086478114128112793e-01,-1.885158866643905640e-01,2.206472158432006836e-01,6.147885322570800781e-01,3.831287026405334473e-01,5.287685394287109375e-01,3.489410504698753357e-02,-2.005945146083831787e-01,-8.909978717565536499e-02,3.240620791912078857e-01,3.819241225719451904e-01,3.872664868831634521e-01,-2.912073731422424316e-01,-5.990698188543319702e-02,5.639311671257019043e-01,4.974817633628845215e-01,8.272500336170196533e-02,-1.240410581231117249e-01,-2.943864837288856506e-02,-4.590770602226257324e-02,-1.088510677218437195e-01,1.210834980010986328e-01,1.724493652582168579e-01,3.722491562366485596e-01,2.439663112163543701e-01,4.142717421054840088e-01,-8.034106343984603882e-02,-1.754469424486160278e-01,-4.594676494598388672e-01,-1.662728041410446167e-01,4.313896410167217255e-03,-9.217295795679092407e-02,-1.420374065637588501e-01,1.060576960444450378e-01,-2.031944096088409424e-01,-1.448291242122650146e-01,-8.552365005016326904e-02,-1.616760492324829102e-01,-2.731572389602661133e-01,-2.092844545841217041e-01,-2.368776053190231323e-01,-1.434370428323745728e-01,-1.138185486197471619e-01,-4.004987701773643494e-02,-1.140687540173530579e-01,-7.761427015066146851e-02,-1.587938368320465088e-01,-2.552012801170349121e-01,6.678251177072525024e-02,1.493549793958663940e-01,-5.215989425778388977e-02,-1.124274432659149170e-01,1.718967407941818237e-01,1.640435010194778442e-01,5.768097192049026489e-02,1.849641799926757812e-01,-1.430128514766693115e-01,3.334123641252517700e-02,-1.397782862186431885e-01,-1.407870948314666748e-01,-9.563520550727844238e-02,-1.786104291677474976e-01,1.407529972493648529e-02,-1.464248746633529663e-01,2.202151529490947723e-02,2.278140485286712646e-01,4.931638389825820923e-02,1.315907388925552368e-01,8.981727808713912964e-02,1.597637496888637543e-02,-1.108747497200965881e-01,-1.209956482052803040e-01,1.336046610958874226e-03,3.166773542761802673e-02,-1.459639519453048706e-01,-2.010853141546249390e-01,2.445658296346664429e-01,-1.322337388992309570e-01,8.636388927698135376e-02,-1.159722208976745605e-01,8.192729437723755836e-04,-2.467576116323471069e-01,-2.915717363357543945e-01,-2.255058884620666504e-01,-2.057588696479797363e-01,-2.429783493280410767e-01,-2.738748490810394287e-01,-2.523877322673797607e-01,-4.043584167957305908e-01,-3.557603359222412109e-01,-4.928009212017059326e-01,-4.334156513214111328e-01,-2.720543742179870605e-01,-2.493706792593002319e-01,-3.273470401763916016e-01,-3.966808319091796875e-01,-1.216521933674812317e-01,-2.687801718711853027e-01,-6.794170942157506943e-03,-3.231031894683837891e-01,1.654199324548244476e-02,-9.999887645244598389e-02,-3.751655519008636475e-01,-4.019983410835266113e-01,-4.213903248310089111e-01,-2.788515388965606689e-01,-2.935752570629119873e-01,-1.933511793613433838e-01
2.968188747763633728e-02,-1.359895467758178711e-01,1.256547123193740845e-01,-2.153157740831375122e-01,1.188888922333717346e-01,3.692219555377960205e-01,-1.610667258501052856e-02,-3.086478114128112793e-01,0.000000000000000000e+00,6.546891331672668457e-01,-1.813247501850128174e-01,-2.842502593994140625e-01,-2.500775754451751709e-01,-1.862414777278900146e-01,3.452244997024536133e-01,3.828219175338745117e-01,-2.323276400566101074e-01,-2.736550569534301758e-01,-1.725964546203613281e-01,-3.289819657802581787e-01,-8.150827139616012573e-02,-6.063167005777359009e-02,-1.175325587391853333e-01,-1.028977707028388977e-02,-7.715364545583724976e-02,2.187635004520416260e-01,-4.805856943130493164e-02,-2.051818743348121643e-02,-9.959129244089126587e-02,-1.935372203588485718e-01,2.299766242504119873e-01,1.286825537681579590e-01,-1.491604000329971313e-01,-1.572293639183044434e-01,-8.353253453969955444e-02,1.616011112928390503e-01,2.429558336734771729e-01,1.730594933032989502e-01,-2.515731751918792725e-01,-1.171287298202514648e-01,-3.303846716880798340e-02,-1.781883984804153442e-01,-1.737067252397537231e-01,-1.290168166160583496e-01,4.071198999881744385e-01,3.786983489990234375e-01,-2.310322672128677368e-01,-3.375526368618011475e-01,4.866330325603485107e-01,4.846435785293579102e-01,1.560346782207489014e-01,7.505125552415847778e-02,-8.300545066595077515e-02,-4.001652300357818604e-01,-1.005460694432258606e-01,-9.635256975889205933e-02,1.290803309530019760e-02,-2.377960644662380219e-02,3.706964552402496338e-01,4.154950380325317383e-01,6.984522193670272827e-02,1.310777217149734497e-01,-2.111229300498962402e-01,-2.425431907176971436e-01,1.563924998044967651e-01,1.122758090496063232e-01,2.632905840873718262e-01,1.734821945428848267e-01,1.730168610811233521e-01,-3.224293887615203857e-02,3.167291283607482910e-01,4.302080273628234863e-01,2.683329395949840546e-02,8.032806217670440674e-02,1.282989047467708588e-02,5.114621296525001526e-02,-1.842397153377532959e-01,-1.813371032476425171e-01,-1.089407503604888916e-01,-1.008975654840469360e-01,-2.102836519479751587e-01,-1.303706467151641846e-01,-3.022327460348606110e-02,1.091234982013702393e-01,-3.862385153770446777e-01,-1.956185996532440186e-01,1.633427590131759644e-01,2.907187044620513916e-01,-1.830561906099319458e-01,-5.868130549788475037e-02,7.442409545183181763e-02,-2.305697649717330933e-01,-2.050037980079650879e-01,-2.494090348482131958e-01,-2.248625423817429692e-05,-5.595529079437255859e-02,1.495648026466369629e-01,1.647345870733261108e-01,2.765375077724456787e-01,8.066777139902114868e-02,1.787826716899871826e-01,-2.146770507097244263e-01,3.769764006137847900e-01,3.183228671550750732e-01,-1.295288503170013428e-01,1.312835607677698135e-02,-2.808129973709583282e-02,3.708340227603912354e-01,-3.417715430259704590e-02,-3.412173688411712646e-02,-6.585847586393356323e-03,4.964050278067588806e-02,1.741432100534439087e-01,-1.320699453353881836e-01,-1.006887704133987427e-01,3.527105227112770081e-02
1.402298063039779663e-01,-1.169689595699310303e-01,3.567549884319305420e-01,3.278673440217971802e-02,1.078832373023033142e-01,5.310944914817810059e-01,1.382501125335693359e-01,-1.885158866643905640e-01,6.546891331672668457e-01,0.000000000000000000e+00,-3.276986181735992432e-01,-2.350410670042037964e-01,-2.004702538251876831e-01,-1.268366128206253052e-01,4.624918997287750244e-01,5.969583988189697266e-01,-2.273747324943542480e-01,-2.199821025133132935e-01,6.228076759725809097e-03,-2.693696022033691406e-01,-6.466487795114517212e-02,-3.654184984043240547e-03,9.478280693292617798e-02,2.489493936300277710e-01,-7.756431400775909424e-02,3.013082444667816162e-01,-1.402846276760101318e-01,-1.298936605453491211e-01,-7.402732968330383301e-02,-7.340838760137557983e-02,4.295045137405395508e-01,2.446327507495880127e-01,-1.499751359224319458e-01,-1.576434522867202759e-01,-6.926938146352767944e-02,1.409154534339904785e-01,3.004601597785949707e-01,1.885247975587844849e-01,-2.867836952209472656e-01,-9.371722489595413208e-02,-7.710011303424835205e-02,-1.197374761104583740e-01,-1.522980630397796631e-01,-1.705326884984970093e-01,5.335587263107299805e-01,4.622222185134887695e-01,-2.942088246345520020e-01,-2.985183298587799072e-01,5.860790014266967773e-01,5.445902943611145020e-01,2.070013284683227539e-01,9.243481606245040894e-02,-1.036848276853561401e-01,-4.625900685787200928e-01,-1.195635572075843811e-01,-2.931912243366241455e-02,1.291175484657287598e-01,4.934908449649810791e-02,5.923938751220703125e-01,5.437018871307373047e-01,1.952382028102874756e-01,2.063469439744949341e-01,-1.754365414381027222e-01,-2.381931245326995850e-01,2.362399250268936157e-01,1.870288699865341187e-01,4.316004514694213867e-01,2.782878875732421875e-01,3.611513674259185791e-01,1.159513816237449646e-01,3.845375478267669678e-01,4.594451487064361572e-01,2.227251790463924408e-02,1.545815765857696533e-01,-4.577019065618515015e-02,5.583345144987106323e-02,-2.710509896278381348e-01,-2.273736745119094849e-01,-1.719877123832702637e-01,-1.624185442924499512e-01,-2.785563468933105469e-01,-1.445497423410415649e-01,5.035842210054397583e-02,2.144984453916549683e-01,-3.884428441524505615e-01,-1.420072615146636963e-01,3.026466369628906250e-01,4.376828074455261230e-01,-2.157098650932312012e-01,-2.668964862823486328e-02,6.745852530002593994e-02,-2.590990364551544189e-01,-3.099206686019897461e-01,-3.516066074371337891e-01,8.680468052625656128e-02,-6.838216632604598999e-02,1.811929792165756226e-01,2.219699770212173462e-01,3.416218459606170654e-01,1.260323375463485718e-01,1.552675217390060425e-01,-3.305383622646331787e-01,3.853819370269775391e-01,3.350528478622436523e-01,-1.591489315032958984e-01,-4.488653503358364105e-03,-9.210578165948390961e-03,4.806496798992156982e-01,-7.024163007736206055e-02,-3.802980482578277588e-02,7.956119254231452942e-03,9.745977818965911865e-02,1.913586109876632690e-01,-1.441501080989837646e-01,-1.349638700485229492e-01,6.733462680131196976e-03
1.651149094104766846e-01,-3.599174320697784424e-02,-1.289707124233245850e-01,9.771098196506500244e-02,1.199880242347717285e-01,-4.448778033256530762e-01,2.700682580471038818e-01,2.206472158432006836e-01,-1.813247501850128174e-01,-3.276986181735992432e-01,0.000000000000000000e+00,2.959353029727935791e-01,4.442347884178161621e-01,2.069008648395538330e-01,-2.119151800870895386e-01,-3.029770553112030029e-01,2.888529300689697266e-01,7.440772652626037598e-02,1.257087737321853638e-01,2.394810914993286133e-01,-1.624353080987930298e-01,-1.856705546379089355e-01,1.200854033231735229e-01,-1.224251165986061096e-01,3.894388675689697266e-02,-1.506846845149993896e-01,8.192542195320129395e-02,9.194398671388626099e-02,1.714091151952743530e-01,-1.319409310817718506e-01,-2.120850831270217896e-01,-1.495396811515092850e-02,3.181940317153930664e-01,2.020049244165420532e-01,7.188312709331512451e-02,-1.789610832929611206e-01,-2.566111087799072266e-01,-3.184419870376586914e-01,1.154869645833969116e-01,-4.883421957492828369e-02,2.020557373762130737e-01,1.315906364470720291e-02,3.142347559332847595e-02,7.357116043567657471e-02,-3.626559376716613770e-01,-1.915352642536163330e-01,-6.142535805702209473e-02,2.382610179483890533e-02,-3.728031218051910400e-01,-2.782819271087646484e-01,-2.942510545253753662e-01,-3.066914528608322144e-02,-1.828856170177459717e-01,3.144793212413787842e-01,-1.118264421820640564e-01,7.319612801074981689e-02,3.999641910195350647e-02,-1.598369926214218140e-01,-3.414911329746246338e-01,-4.815838336944580078e-01,-3.763681650161743164e-02,-2.525585293769836426e-01,2.904161810874938965e-01,1.375301182270050049e-01,-2.250605970621109009e-01,-2.309837490320205688e-01,-3.649294972419738770e-01,-1.564973592758178711e-01,-3.602243065834045410e-01,-3.462814027443528175e-03,-1.896807700395584106e-01,-2.995288372039794922e-02,2.440309524536132812e-01,-1.366961449384689331e-01,1.177885849028825760e-02,1.170052140951156616e-01,3.561969101428985596e-01,3.826371133327484131e-01,-9.383773058652877808e-02,3.395709097385406494e-01,5.968261137604713440e-02,-3.417272819206118584e-04,-2.064248323440551758e-01,-3.373718559741973877e-01,1.172509193420410156e-01,2.877851426601409912e-01,-3.072377145290374756e-01,-2.659994959831237793e-01,-1.428844034671783447e-01,2.709715366363525391e-01,-2.760311961174011230e-01,2.136661261320114136e-01,6.517057120800018311e-02,1.843958348035812378e-01,-1.752182990312576294e-01,-1.127662062644958496e-01,-2.890965938568115234e-01,-2.332750558853149414e-01,-3.258099555969238281e-01,-2.801920473575592041e-01,-4.391081035137176514e-01,2.314220368862152100e-01,-5.070456862449645996e-01,-3.096623122692108154e-01,-1.336751729249954224e-01,1.618399657309055328e-02,-2.253881394863128662e-01,-3.662194907665252686e-01,-1.275552529841661453e-02,-4.966977611184120178e-02,-1.884515732526779175e-01,-2.056289911270141602e-01,-3.287352025508880615e-01,-1.783692091703414917e-01,-1.397062093019485474e-01,-4.186867922544479370e-02
1.117555499076843262e-01,3.419766724109649658e-01,3.561671674251556396e-01,5.136440992355346680e-01,6.768902391195297241e-02,-3.460717573761940002e-02,4.859399795532226562e-01,6.147885322570800781e-01,-2.842502593994140625e-01,-2.350410670042037964e-01,2.959353029727935791e-01,0.000000000000000000e+00,4.830508828163146973e-01,6.130551695823669434e-01,1.019204556941986084e-01,-4.862396046519279480e-02,3.550942987203598022e-02,3.683725297451019287e-01,2.791293561458587646e-01,3.112577199935913086e-01,-1.897969543933868408e-01,-4.695125296711921692e-02,4.690643250942230225e-01,4.337157011032104492e-01,1.769355982542037964e-01,9.339581243693828583e-03,-4.833599925041198730e-02,-3.817601129412651062e-02,8.107455819845199585e-02,2.488505095243453979e-01,2.135376483201980591e-01,3.623829782009124756e-01,2.629818022251129150e-01,3.497091233730316162e-01,-5.562919005751609802e-02,-1.643670648336410522e-01,-4.015909135341644287e-01,-1.493468433618545532e-01,1.948281563818454742e-02,-8.627869933843612671e-02,-1.483897566795349121e-01,1.053602322936058044e-01,-1.122593283653259277e-01,-2.106342837214469910e-02,1.476387144066393375e-03,-2.944488078355789185e-02,-2.725486457347869873e-01,-1.807864904403686523e-01,-1.181215718388557434e-01,-1.687475852668285370e-02,-3.770288825035095215e-02,1.506016403436660767e-01,-1.559028774499893188e-01,3.615698544308543205e-03,-2.504500150680541992e-01,-2.037731707096099854e-01,8.354017883539199829e-02,1.038652434945106506e-01,1.557820755988359451e-02,-1.336319297552108765e-01,1.728405207395553589e-01,7.839948683977127075e-02,9.313872456550598145e-02,2.216738164424896240e-01,-1.222925707697868347e-01,8.703336119651794434e-02,-1.206736564636230469e-01,-4.204792901873588562e-02,-1.371594369411468506e-01,-1.260637938976287842e-01,1.189354993402957916e-02,3.481715172529220581e-02,1.095434799790382385e-01,1.618735939264297485e-01,-2.020115777850151062e-02,1.337201148271560669e-01,5.128720775246620178e-02,5.728913098573684692e-02,-1.363548040390014648e-01,-1.337834540754556656e-02,-7.459729164838790894e-02,4.172392189502716064e-02,5.013126879930496216e-02,-2.943816222250461578e-02,6.416498869657516479e-02,-1.426459569483995438e-02,1.217707991600036621e-01,1.886409823782742023e-03,-7.609444111585617065e-02,-9.383621811866760254e-02,-2.566670477390289307e-01,-9.029287099838256836e-02,-1.967573463916778564e-01,-1.970130801200866699e-01,-2.308537364006042480e-01,-1.960403919219970703e-01,-3.746816813945770264e-01,-2.870733737945556641e-01,-4.114513099193572998e-01,-3.850707411766052246e-01,-3.595890402793884277e-01,-1.780807077884674072e-01,-3.457845151424407959e-01,-3.339609503746032715e-01,-1.828788369894027710e-01,-1.877875179052352905e-01,-8.809453994035720825e-02,-2.580974400043487549e-01,-6.286570429801940918e-02,-1.077340543270111084e-01,-3.658878505229949951e-01,-3.398964405059814453e-01,-4.030141234397888184e-01,-3.279011249542236328e-01,-2.969427406787872314e-01,-1.818067580461502075e-01
-8.563285320997238159e-02,-1.320850551128387451e-01,3.522442281246185303e-01,3.215546607971191406e-01,2.762636244297027588e-01,-1.512235105037689209e-01,5.734161734580993652e-01,3.831287026405334473e-01,-2.500775754451751709e-01,-2.004702538251876831e-01,4.442347884178161621e-01,4.830508828163146973e-01,0.000000000000000000e+00,5.775337815284729004e-01,2.074051499366760254e-01,8.539994060993194580e-02,1.250744163990020752e-01,2.973014721646904945e-03,1.575436145067214966e-01,5.133339017629623413e-02,-1.583398431539535522e-01,-1.183484494686126709e-01,4.374159276485443115e-01,3.029986023902893066e-01,3.729296028614044189e-01,1.986912339925765991e-01,-8.579646050930023193e-02,-3.935117647051811218e-02,2.137472182512283325e-01,6.339152157306671143e-02,2.267320752143859863e-01,3.829374909400939941e-01,7.594893127679824829e-02,-3.918793983757495880e-03,-1.387252658605575562e-01,-2.153542637825012207e-01,-3.267373442649841309e-01,-3.185230195522308350e-01,-7.250802963972091675e-02,-2.180991172790527344e-01,-6.854674965143203735e-02,5.755130946636199951e-02,1.290870271623134613e-02,-8.319421671330928802e-03,-4.642181098461151123e-03,-7.083952892571687698e-03,-1.879164129495620728e-01,-1.396963447332382202e-01,-2.564859390258789062e-02,-1.488284394145011902e-02,-3.354073688387870789e-02,1.140352338552474976e-01,-2.048655152320861816e-01,2.256242930889129639e-01,-3.210639953613281250e-01,3.818432241678237915e-02,-1.914824992418289185e-01,-3.430786132812500000e-01,-1.039172485470771790e-01,-3.487597107887268066e-01,-9.806903451681137085e-02,-2.686438262462615967e-01,-9.831435047090053558e-03,-8.054542541503906250e-02,-2.428754866123199463e-01,-1.331467926502227783e-01,-3.164210617542266846e-01,-1.816636472940444946e-01,-3.742745816707611084e-01,-1.708212494850158691e-01,-4.353596270084381104e-02,1.176998168230056763e-01,-5.345062166452407837e-02,-1.770544201135635376e-01,4.347994551062583923e-02,2.177342176437377930e-01,-2.453167364001274109e-02,6.841758638620376587e-02,-1.637461036443710327e-01,6.654407829046249390e-02,-2.365784347057342529e-01,-1.511404216289520264e-01,2.458474934101104736e-01,5.303748697042465210e-02,-4.338330775499343872e-02,2.624084614217281342e-02,1.247639134526252747e-01,1.492532342672348022e-01,-1.607075631618499756e-01,1.700482070446014404e-01,-1.266324669122695923e-01,1.107721626758575439e-01,-5.463915318250656128e-02,6.902383267879486084e-02,-2.551667988300323486e-01,-2.404335141181945801e-01,-3.910363614559173584e-01,-2.969915270805358887e-01,-3.345822691917419434e-01,-3.374460041522979736e-01,-4.043987691402435303e-01,-1.196897123008966446e-03,-4.037193953990936279e-01,-2.357083261013031006e-01,-3.093471825122833252e-01,-7.547534257173538208e-02,-1.554374396800994873e-01,-1.759256869554519653e-01,-1.922012493014335632e-02,-1.356938332319259644e-01,-3.082552552223205566e-01,-1.862916201353073120e-01,-3.730968832969665527e-01,-3.705204725265502930e-01,-2.997416555881500244e-01,-9.161653369665145874e-02
