0.000000000000000000e+00,5.162978172302246094e-01,2.396294027566909790e-01,3.480660170316696167e-02,-7.785423099994659424e-02,4.828875884413719177e-02,1.567774415016174316e-01,9.016655385494232178e-02,-2.477772161364555359e-02,4.298502951860427856e-02,3.732188344001770020e-01,1.904678344726562500e-01,2.137891054153442383e-01,4.807366058230400085e-02,-3.081184625625610352e-02,-5.269474536180496216e-02,-3.407448157668113708e-02,1.142933145165443420e-01,3.612677454948425293e-01,3.604277372360229492e-01,-7.783357053995132446e-02,-1.541114449501037598e-01,6.887727975845336914e-02,5.708006396889686584e-02,-2.966975048184394836e-02,2.796371700242161751e-03,8.558838069438934326e-02,1.096692234277725220e-01,1.355496495962142944e-01,1.200413331389427185e-02,1.770145744085311890e-01,-4.147979617118835449e-02,1.223609372973442078e-01,8.399256318807601929e-02,-1.236704438924789429e-01,-1.859916299581527710e-01,-1.086353436112403870e-01,-8.726757019758224487e-02,-8.125800639390945435e-02,-9.202393144369125366e-02,-2.908332832157611847e-02,-6.441354751586914062e-02,-1.189061850309371948e-01,-2.031076103448867798e-01,-1.875950247049331665e-01,-2.191080600023269653e-01,-1.657719910144805908e-01,-3.061088025569915771e-01,-1.970337927341461182e-01,-1.564742624759674072e-01,-2.554022371768951416e-01,-2.123709917068481445e-01,-1.220556274056434631e-01,-2.067065685987472534e-01,3.500392660498619080e-02,-8.785978704690933228e-02,4.344096183776855469e-01,3.809227347373962402e-01,1.940807104110717773e-01,1.862817704677581787e-01,1.072663143277168274e-01,-6.445731222629547119e-02,5.081776157021522522e-02,7.018687576055526733e-02,-6.709405034780502319e-02,-1.322927772998809814e-01,-1.474171280860900879e-01,-2.489865422248840332e-01,1.211613640189170837e-01,1.297695487737655640e-01,2.218410372734069824e-01,1.745398193597793579e-01,1.283332109451293945e-01,2.527619302272796631e-01,4.750601947307586670e-02,9.537158161401748657e-02,2.404989600181579590e-01,2.940504848957061768e-01,6.781547516584396362e-02,-9.695350378751754761e-02,5.345220863819122314e-02,-3.866840898990631104e-02,-9.878958761692047119e-02,-5.006777122616767883e-02,1.961022615432739258e-01,-2.257349342107772827e-01,-7.556785829365253448e-03,-7.902776449918746948e-02,2.407691329717636108e-01,-1.523255952633917332e-03,-1.705445349216461182e-01,-6.590770184993743896e-02,-1.478904485702514648e-01,-2.028362266719341278e-02,-4.117624089121818542e-02,9.277471899986267090e-02,1.539523992687463760e-02,1.844894587993621826e-01,9.346180409193038940e-02,2.043801695108413696e-01,9.518717415630817413e-03,-8.921337127685546875e-02,6.739955395460128784e-02,1.288136690855026245e-01,-1.641153693199157715e-01,-9.903881698846817017e-02,-1.776085048913955688e-01,-7.479458302259445190e-02,-9.426721930503845215e-02,-7.817857712507247925e-02,-8.529518544673919678e-02,7.665321975946426392e-02,-3.332926332950592041e-02,4.061511158943176270e-02,-8.864301443099975586e-02,-2.276167869567871094e-01
5.162978172302246094e-01,0.000000000000000000e+00,1.025605052709579468e-01,2.716555446386337280e-02,-1.101545840501785278e-01,-3.223808854818344116e-02,1.004638671875000000e-01,1.430843472480773926e-01,-8.801747858524322510e-02,-4.464304447174072266e-02,3.302851021289825439e-01,2.924019098281860352e-01,9.837371110916137695e-02,-2.078061737120151520e-02,7.245707791298627853e-03,-6.341295689344406128e-02,7.641052454710006714e-02,2.290994375944137573e-01,1.464906781911849976e-01,4.373069405555725098e-01,-8.994445204734802246e-02,-8.606301248073577881e-02,-1.599032431840896606e-01,-2.120102290064096451e-03,-1.197698116302490234e-01,5.478252843022346497e-02,4.730832949280738831e-02,7.150990515947341919e-02,2.077751606702804565e-01,7.121902704238891602e-02,2.106634378433227539e-01,-5.404312908649444580e-02,2.027761191129684448e-01,1.988095194101333618e-01,-1.773540824651718140e-01,-9.714224189519882202e-02,-1.117683351039886475e-01,-8.493211120367050171e-02,-3.050955943763256073e-02,-1.067717969417572021e-01,-1.236082240939140320e-01,-1.030580550432205200e-01,-1.240577399730682373e-01,-1.645452827215194702e-01,-1.809011697769165039e-01,-1.348270475864410400e-01,-8.722369372844696045e-02,-2.326939553022384644e-01,-1.173818111419677734e-01,-1.263108551502227783e-01,-2.509722411632537842e-01,-1.651524007320404053e-01,-1.125578805804252625e-01,-1.419068574905395508e-01,1.104518622159957886e-01,7.213202863931655884e-02,4.651437997817993164e-01,5.536981821060180664e-01,1.630443036556243896e-01,2.697147428989410400e-01,1.060385555028915405e-01,3.820645809173583984e-02,1.848130375146865845e-01,3.237468600273132324e-01,-2.153831720352172852e-01,-2.611989080905914307e-01,-1.529702395200729370e-01,-1.682272255420684814e-01,7.018291205167770386e-02,1.482005715370178223e-01,2.882001698017120361e-01,2.650976479053497314e-01,2.771188616752624512e-01,2.326159924268722534e-01,-1.157281547784805298e-02,-4.714874550700187683e-03,2.172296345233917236e-01,2.809604406356811523e-01,2.373738400638103485e-02,1.794145442545413971e-02,1.322972774505615234e-01,1.457092612981796265e-01,-9.937231987714767456e-02,-1.215177550911903381e-01,1.439754664897918701e-01,-1.263242214918136597e-01,2.126508019864559174e-02,-5.930482968688011169e-02,1.836570948362350464e-01,1.019613072276115417e-01,-1.324873268604278564e-01,-1.680610924959182739e-01,-2.018789947032928467e-01,-2.466251999139785767e-01,3.657263144850730896e-02,6.176117435097694397e-02,1.013285592198371887e-01,2.083575725555419922e-01,1.931021064519882202e-01,1.368826478719711304e-01,9.339675307273864746e-02,-7.531496137380599976e-02,2.231745123863220215e-01,1.430605351924896240e-01,-1.569129973649978638e-01,-1.533204615116119385e-01,-2.565024495124816895e-01,-1.623722761869430542e-01,-7.710033655166625977e-02,-4.035781323909759521e-02,-8.834251016378402710e-02,1.762525178492069244e-02,-5.137420818209648132e-02,2.954752743244171143e-02,-7.954487949609756470e-02,-3.020738661289215088e-01
2.396294027566909790e-01,1.025605052709579468e-01,0.000000000000000000e+00,2.282716482877731323e-01,1.705846400000154972e-03,-9.817498177289962769e-02,5.107014179229736328e-01,3.146157264709472656e-01,1.429026871919631958e-01,-6.728257983922958374e-02,2.009250372648239136e-01,9.973265975713729858e-02,2.516330778598785400e-01,-3.189783543348312378e-02,9.006645530462265015e-02,6.513233482837677002e-02,4.925917088985443115e-02,-1.890942803584039211e-03,4.117822647094726562e-01,2.362595647573471069e-01,-6.674396246671676636e-02,-1.667065471410751343e-01,2.965789139270782471e-01,4.535197317600250244e-01,-6.509469449520111084e-02,1.781523041427135468e-02,5.590263754129409790e-02,8.405768126249313354e-02,1.608305722475051880e-01,1.127401515841484070e-01,2.524593770503997803e-01,9.797203540802001953e-02,1.147579476237297058e-01,1.276619583368301392e-01,2.194666117429733276e-01,1.190017461776733398e-01,-3.415603935718536377e-02,-9.110470116138458252e-02,-2.187407463788986206e-01,-1.278382688760757446e-01,-8.469284325838088989e-02,-7.894556224346160889e-02,5.267290771007537842e-02,7.432115823030471802e-02,-2.691105194389820099e-02,-5.635448731482028961e-03,1.171665452420711517e-02,-1.033425703644752502e-01,-1.399005204439163208e-01,6.572341080754995346e-03,-2.357673197984695435e-01,-8.677373826503753662e-02,-1.970994770526885986e-01,-1.631506979465484619e-01,1.707215607166290283e-02,-4.088421165943145752e-02,1.527638453990221024e-02,-1.266305614262819290e-02,5.667420104146003723e-02,-2.595032565295696259e-02,-1.469872076995670795e-03,-3.162693604826927185e-02,-3.930715844035148621e-02,-4.276392236351966858e-02,1.663847416639328003e-01,1.002936065196990967e-01,1.612055599689483643e-01,7.076248526573181152e-02,9.800127148628234863e-02,3.226996958255767822e-02,1.329420357942581177e-01,1.803717464208602905e-01,6.384519487619400024e-02,1.768237203359603882e-01,3.488926962018013000e-02,2.306520007550716400e-02,2.505935728549957275e-01,1.785048991441726685e-01,-9.240480512380599976e-02,-7.175698131322860718e-02,-1.017703786492347717e-01,-4.878672212362289429e-02,4.255704116076231003e-03,-8.713488280773162842e-02,6.582075357437133789e-02,-1.638624519109725952e-01,1.205079630017280579e-01,4.726387932896614075e-02,9.413040429353713989e-02,-1.076284330338239670e-02,-3.304750025272369385e-01,-2.213026881217956543e-01,-4.210378229618072510e-01,-1.180773153901100159e-01,3.195279836654663086e-02,-1.054397597908973694e-02,1.754401251673698425e-02,6.779931485652923584e-02,-6.146992370486259460e-02,6.770075112581253052e-02,-1.992221921682357788e-01,-2.287644445896148682e-01,-7.175080478191375732e-02,2.181404680013656616e-01,-6.911294162273406982e-02,-9.800727665424346924e-02,3.245300054550170898e-02,-2.573420293629169464e-02,-5.590340867638587952e-02,4.454920813441276550e-02,-1.416428107768297195e-02,-1.158586591482162476e-01,-2.574896812438964844e-01,-5.976625531911849976e-02,-6.935258954763412476e-02,-1.306317374110221863e-02
3.480660170316696167e-02,2.716555446386337280e-02,2.282716482877731323e-01,0.000000000000000000e+00,5.486016348004341125e-02,-7.056173682212829590e-02,3.020291924476623535e-01,4.701470732688903809e-01,-1.262539923191070557e-01,-1.617936491966247559e-01,8.239875733852386475e-02,4.429617896676063538e-02,1.039212495088577271e-01,1.156572923064231873e-01,4.224541783332824707e-02,2.048085071146488190e-02,-9.725789725780487061e-02,-2.147763781249523163e-02,2.043771557509899139e-02,1.696697324514389038e-01,-4.082117974758148193e-02,-7.010143995285034180e-02,1.811048239469528198e-01,3.821659982204437256e-01,-7.415909320116043091e-02,9.717922657728195190e-03,-1.137955859303474426e-02,-5.204650387167930603e-02,1.033428385853767395e-01,-7.230330258607864380e-02,3.792810440063476562e-02,8.365709334611892700e-02,1.506928652524948120e-01,1.856249719858169556e-01,-1.647036708891391754e-02,5.855956673622131348e-02,-1.031036451458930969e-01,-1.908927597105503082e-02,-3.272385895252227783e-02,-3.282416239380836487e-02,1.305494159460067749e-01,4.930335655808448792e-02,-2.264557033777236938e-01,-1.751838922500610352e-01,-8.417865633964538574e-02,-3.818572685122489929e-02,-2.030622661113739014e-01,-2.223367691040039062e-01,-2.652363479137420654e-01,-2.011152654886245728e-01,-1.482380628585815430e-01,-8.874467760324478149e-02,-1.616122275590896606e-01,-1.792982965707778931e-01,-1.219174489378929138e-01,-1.964335441589355469e-01,-7.197302579879760742e-02,5.801653861999511719e-02,1.449507325887680054e-01,8.260471373796463013e-02,2.410212457180023193e-01,1.888073831796646118e-01,1.695162057876586914e-01,1.435002088546752930e-01,-3.891285136342048645e-02,2.181915491819381714e-01,2.255468517541885376e-01,3.103767335414886475e-01,1.654665023088455200e-01,4.320226982235908508e-02,1.621237695217132568e-01,1.673845499753952026e-01,1.155867427587509155e-01,9.613119065761566162e-02,6.712680310010910034e-02,-8.918366581201553345e-02,9.036169201135635376e-02,3.793365880846977234e-02,-1.458192169666290283e-01,-6.530370097607374191e-03,3.920605406165122986e-03,-4.993523284792900085e-02,5.638223513960838318e-02,-6.684330105781555176e-02,-5.788113549351692200e-02,7.403315603733062744e-02,-3.076280094683170319e-02,-3.071870282292366028e-02,1.750638335943222046e-01,7.078127935528755188e-03,-1.752284914255142212e-01,-1.644816100597381592e-01,-7.509987801313400269e-02,-3.817859664559364319e-02,-1.050650626420974731e-01,1.881190016865730286e-02,3.184399008750915527e-02,1.026270166039466858e-01,-1.429655104875564575e-01,-5.313820019364356995e-02,5.017071589827537537e-02,-2.658123895525932312e-02,-2.746292855590581894e-03,5.616004019975662231e-02,-6.629922986030578613e-02,-7.179922610521316528e-02,-7.303344458341598511e-02,5.880400910973548889e-02,-5.472274124622344971e-02,2.805744856595993042e-02,-4.188606515526771545e-02,-1.243466213345527649e-01,-1.565869152545928955e-01,-1.472398638725280762e-01,-9.629962593317031860e-02,-7.254381477832794189e-02
-7.785423099994659424e-02,-1.101545840501785278e-01,1.705846400000154972e-03,5.486016348004341125e-02,0.000000000000000000e+00,5.227269530296325684e-01,-1.011612713336944580e-01,-1.992827653884887695e-02,2.328841537237167358e-01,3.777471780776977539e-01,-1.543654203414916992e-01,-1.452694535255432129e-01,-8.391973376274108887e-02,5.727620422840118408e-02,2.212925255298614502e-01,1.730188131332397461e-01,-1.918736696243286133e-01,-2.840572595596313477e-01,-2.588760107755661011e-02,-8.388997614383697510e-02,4.159113392233848572e-02,1.553985476493835449e-01,1.861839741468429565e-01,3.733887523412704468e-02,4.287499487400054932e-01,5.033833980560302734e-01,6.825900077819824219e-02,1.835996061563491821e-01,-1.663315296173095703e-01,-8.913380652666091919e-02,-7.275652140378952026e-02,-3.611350059509277344e-02,-2.466973476111888885e-02,-2.653257921338081360e-02,1.180030703544616699e-01,1.268126219511032104e-01,6.457059085369110107e-02,6.500510126352310181e-02,4.589781910181045532e-02,4.757055640220642090e-02,1.610022336244583130e-01,8.246047049760818481e-02,1.007489785552024841e-01,9.939733147621154785e-02,6.516518443822860718e-02,5.840609967708587646e-02,1.129808798432350159e-01,1.191999837756156921e-01,5.848036333918571472e-02,6.608945131301879883e-02,9.363801777362823486e-02,1.120546907186508179e-01,2.137149125337600708e-02,-1.121879927814006805e-02,9.995039552450180054e-02,7.839770615100860596e-02,-1.929967105388641357e-01,-1.889040917158126831e-01,-2.483145520091056824e-02,-1.336102336645126343e-01,-1.372055858373641968e-01,-1.326825916767120361e-01,-1.178837865591049194e-01,-1.318878829479217529e-01,2.696570195257663727e-02,1.667756438255310059e-01,8.746940642595291138e-02,1.315277814865112305e-01,-3.446275740861892700e-02,-5.011837184429168701e-02,-7.582463324069976807e-02,-8.732297271490097046e-02,-9.946754574775695801e-02,2.595161274075508118e-02,1.764680445194244385e-01,8.644884079694747925e-02,8.944338560104370117e-02,3.458690643310546875e-02,7.097722031176090240e-03,3.396133333444595337e-02,4.840174317359924316e-02,-2.000037953257560730e-02,2.047256976366043091e-01,1.206899285316467285e-01,5.797883495688438416e-02,9.261392056941986084e-02,8.461134135723114014e-02,2.116493135690689087e-01,7.816617726348340511e-04,9.237627685070037842e-02,-4.058759286999702454e-02,-8.495661616325378418e-02,2.506798692047595978e-02,6.013145297765731812e-02,1.138247177004814148e-01,-9.799762070178985596e-02,-7.581334561109542847e-02,-1.664810925722122192e-01,-1.597190201282501221e-01,-1.927901208400726318e-01,-1.659583672881126404e-02,1.805219426751136780e-02,-4.827163368463516235e-02,-7.879225909709930420e-02,3.805502504110336304e-02,3.820711374282836914e-02,8.406873047351837158e-02,8.005948364734649658e-02,-1.109133958816528320e-01,-3.642394393682479858e-02,-6.074568256735801697e-02,-1.421909034252166748e-01,2.257477864623069763e-02,-3.023122623562812805e-02,7.912199944257736206e-02,3.647617623209953308e-02
4.828875884413719177e-02,-3.223808854818344116e-02,-9.817498177289962769e-02,-7.056173682212829590e-02,5.227269530296325684e-01,0.000000000000000000e+00,-1.565465033054351807e-01,-5.752132087945938110e-02,1.421694606542587280e-01,3.769202530384063721e-01,-1.071589365601539612e-01,9.477215819060802460e-03,-8.594684302806854248e-02,5.824199691414833069e-02,1.296102106571197510e-01,1.463522762060165405e-01,-1.093428581953048706e-01,-1.566027551889419556e-01,1.698767952620983124e-02,-5.918526649475097656e-02,1.092041358351707458e-01,-1.330460906028747559e-01,1.562620848417282104e-01,-6.414937973022460938e-02,3.885615468025207520e-01,5.228071808815002441e-01,2.700038254261016846e-01,3.450273871421813965e-01,-6.545890122652053833e-02,-6.542285531759262085e-02,-2.317001484334468842e-02,-2.182592637836933136e-02,3.648825362324714661e-02,-8.037963882088661194e-03,7.679594308137893677e-02,1.213829219341278076e-01,-1.717278361320495605e-01,-7.038428634405136108e-02,-1.191508322954177856e-01,-1.629669964313507080e-01,2.399526983499526978e-01,8.339960128068923950e-02,2.195179909467697144e-01,1.805356144905090332e-01,1.954343169927597046e-01,8.384607732295989990e-02,1.712798923254013062e-01,1.349527537822723389e-01,1.646263897418975830e-01,1.492751538753509521e-01,1.388059854507446289e-01,1.310055553913116455e-01,-5.318649113178253174e-03,7.102692872285842896e-02,7.406844198703765869e-02,7.628099620342254639e-02,-2.177866734564304352e-02,-3.042242303490638733e-02,1.308936476707458496e-01,6.779649853706359863e-02,-1.099053174257278442e-01,-5.543882772326469421e-02,-1.539048254489898682e-01,-1.851720362901687622e-01,3.933812305331230164e-02,1.593834161758422852e-01,5.360227450728416443e-02,7.914496958255767822e-02,2.647289820015430450e-02,8.446227759122848511e-02,6.950641516596078873e-03,-3.748371079564094543e-02,8.223820477724075317e-02,1.509613841772079468e-01,1.817741394042968750e-01,3.881053067743778229e-03,1.259130090475082397e-01,1.110242530703544617e-01,7.776170969009399414e-02,-3.487067529931664467e-03,1.929216086864471436e-03,1.824303530156612396e-03,-1.533831097185611725e-02,9.294558316469192505e-03,-8.311790972948074341e-02,4.456337541341781616e-02,-2.409318685531616211e-01,-7.951738685369491577e-02,-5.369745194911956787e-02,3.989250585436820984e-02,3.495758399367332458e-02,5.156176909804344177e-02,1.064046695828437805e-01,1.713143289089202881e-01,-7.043322920799255371e-02,8.230069279670715332e-02,-3.142165765166282654e-02,-6.001658737659454346e-02,-3.375317156314849854e-02,-7.671950012445449829e-02,8.345738798379898071e-02,7.677024602890014648e-02,-1.217755898833274841e-01,-3.509478271007537842e-02,-8.053522557020187378e-02,-6.966261565685272217e-02,5.645849183201789856e-02,9.766838699579238892e-02,2.176201436668634415e-03,-1.613700762391090393e-02,-9.382959455251693726e-03,-5.028505623340606689e-02,9.215358644723892212e-02,2.662356756627559662e-02,3.333910927176475525e-02,-5.917930603027343750e-02
1.567774415016174316e-01,1.004638671875000000e-01,5.107014179229736328e-01,3.020291924476623535e-01,-1.011612713336944580e-01,-1.565465033054351807e-01,0.000000000000000000e+00,4.121240079402923584e-01,7.903742045164108276e-02,-1.059914529323577881e-01,2.857362926006317139e-01,1.572217196226119995e-01,4.226129949092864990e-01,-2.484808675944805145e-02,9.648890048265457153e-02,-7.294558733701705933e-02,-4.974333569407463074e-02,-3.062112443149089813e-02,2.012924402952194214e-01,1.491525620222091675e-01,-1.096241697669029236e-01,-2.085309922695159912e-01,1.382549554109573364e-01,3.481039106845855713e-01,-1.395308822393417358e-01,-6.706062704324722290e-02,-3.019305318593978882e-02,-2.847208827733993530e-02,2.372927814722061157e-01,-4.907113034278154373e-03,2.313477694988250732e-01,1.571309268474578857e-01,1.808405816555023193e-01,2.021504193544387817e-01,-2.030613087117671967e-02,-3.572557121515274048e-02,-1.800416558980941772e-01,-2.050919979810714722e-01,-2.061842679977416992e-01,-1.849382072687149048e-01,-1.230776086449623108e-01,-1.045827195048332214e-01,8.599277585744857788e-02,1.275759041309356689e-01,1.059271171689033508e-01,1.130497083067893982e-01,5.552062019705772400e-02,-7.742453832179307938e-03,-3.370399773120880127e-02,1.138771101832389832e-01,-7.974406331777572632e-02,6.312598288059234619e-02,-1.016012504696846008e-01,-9.036634117364883423e-02,5.842047557234764099e-02,-2.035155892372131348e-02,1.391925965435802937e-03,3.739786148071289062e-02,2.547793686389923096e-01,1.837279498577117920e-01,2.228589206933975220e-01,1.627263724803924561e-01,3.966664522886276245e-02,9.584202617406845093e-02,4.199235141277313232e-02,1.033556610345840454e-01,2.656081616878509521e-01,1.923038065433502197e-01,1.996968388557434082e-01,2.187397330999374390e-01,1.966013610363006592e-01,2.771396338939666748e-01,1.040635481476783752e-01,1.070739701390266418e-01,-4.058595746755599976e-02,-1.015760824084281921e-01,2.038337737321853638e-01,1.148077547550201416e-01,-1.154677290469408035e-02,2.177289128303527832e-02,-1.289427652955055237e-02,3.538413904607295990e-03,-7.225762307643890381e-02,-2.368397414684295654e-01,-2.135525085031986237e-02,-6.021328642964363098e-02,-2.818030677735805511e-02,-8.211536705493927002e-02,1.034617424011230469e-01,-1.474619377404451370e-02,-1.830101311206817627e-01,-9.705940634012222290e-02,-2.603206634521484375e-01,-8.841229975223541260e-02,-2.347177127376198769e-03,1.569547224789857864e-03,-1.022052168846130371e-01,8.145822584629058838e-02,-2.208804339170455933e-02,4.233013466000556946e-02,-3.156442940235137939e-02,-3.755771368741989136e-02,1.852141693234443665e-03,1.251935809850692749e-01,-6.594595313072204590e-02,-1.509525720030069351e-02,-1.179916635155677795e-01,-2.883887849748134613e-02,-2.763622999191284180e-02,-8.653710782527923584e-02,-1.349966675043106079e-01,-9.562111645936965942e-02,-1.179818585515022278e-01,1.046646852046251297e-02,-3.370933979749679565e-02,-1.050395220518112183e-01
9.016655385494232178e-02,1.430843472480773926e-01,3.146157264709472656e-01,4.701470732688903809e-01,-1.992827653884887695e-02,-5.752132087945938110e-02,4.121240079402923584e-01,0.000000000000000000e+00,7.297177612781524658e-02,-6.519112735986709595e-02,2.765895128250122070e-01,2.623041570186614990e-01,2.189111709594726562e-01,4.248136281967163086e-02,-3.294075280427932739e-02,-1.261242777109146118e-01,-4.308879002928733826e-02,-3.028290532529354095e-02,8.714614808559417725e-02,2.216276228427886963e-01,-1.602166891098022461e-01,-1.692898571491241455e-01,7.546599954366683960e-02,3.458582460880279541e-01,-4.606232419610023499e-02,3.788910061120986938e-02,-1.510566566139459610e-03,-1.580558717250823975e-02,1.438927352428436279e-01,-3.263298422098159790e-03,1.526706814765930176e-01,9.823331236839294434e-02,2.498261332511901855e-01,3.445209562778472900e-01,1.107855066657066345e-01,1.529963612556457520e-01,-1.245913580060005188e-01,-9.173152595758438110e-02,-1.936594694852828979e-01,-1.448933035135269165e-01,-9.834021329879760742e-02,-5.471643432974815369e-02,-6.718340516090393066e-02,-4.383089020848274231e-02,-4.314376413822174072e-02,1.344243716448545456e-02,-1.248556375503540039e-01,-1.505959033966064453e-01,-2.106336355209350586e-01,-7.809125632047653198e-02,-1.921404749155044556e-01,-7.376439124345779419e-02,-1.497618257999420166e-01,-1.483894586563110352e-01,-9.114553034305572510e-02,-8.829718828201293945e-02,2.506992593407630920e-02,1.583810597658157349e-01,2.476162761449813843e-01,2.311170250177383423e-01,3.524783551692962646e-01,3.845915496349334717e-01,6.005415692925453186e-02,1.818313449621200562e-01,2.979550918098539114e-04,2.679475843906402588e-01,2.192868441343307495e-01,3.065953850746154785e-01,2.395172417163848877e-01,1.452111899852752686e-01,1.248726695775985718e-01,1.658361852169036865e-01,7.620523124933242798e-02,1.416407972574234009e-01,2.573516406118869781e-02,-4.277607426047325134e-02,1.608963310718536377e-01,1.404215991497039795e-01,-1.485382616519927979e-01,-3.870118176564574242e-03,-1.704971306025981903e-02,7.598799467086791992e-02,-1.888316590338945389e-03,-1.071178540587425232e-01,-9.235405363142490387e-03,-1.558091957122087479e-02,4.147300496697425842e-02,4.236246924847364426e-03,1.460503190755844116e-01,1.276554912328720093e-01,-1.475508809089660645e-01,-2.427114993333816528e-01,-2.060322463512420654e-01,-1.776228249073028564e-01,-2.709350921213626862e-02,-3.885951265692710876e-02,1.155518402811139822e-04,9.275287389755249023e-02,-7.317771017551422119e-02,1.475065201520919800e-02,-6.367500126361846924e-02,-4.124210774898529053e-02,-1.505206106230616570e-03,2.113095819950103760e-01,-3.082710877060890198e-02,-1.099288091063499451e-01,-1.163159310817718506e-01,-1.241064164787530899e-02,-6.723571568727493286e-02,1.819654554128646851e-02,-3.249397128820419312e-02,-1.031927540898323059e-01,-2.305825948715209961e-01,-2.739977277815341949e-02,-2.986123971641063690e-02,-1.140560507774353027e-01
-2.477772161364555359e-02,-8.801747858524322510e-02,1.429026871919631958e-01,-1.262539923191070557e-01,2.328841537237167358e-01,1.421694606542587280e-01,7.903742045164108276e-02,7.297177612781524658e-02,0.000000000000000000e+00,4.692207574844360352e-01,-8.292029798030853271e-02,7.715284079313278198e-02,7.434832304716110229e-02,-7.853945344686508179e-02,7.492881268262863159e-02,7.990483194589614868e-03,-9.510400891304016113e-02,-5.525870993733406067e-02,1.264263838529586792e-01,-1.235344819724559784e-02,-1.860869526863098145e-01,-2.312735095620155334e-02,2.980321273207664490e-02,5.456655286252498627e-03,2.745738923549652100e-01,2.019567638635635376e-01,-4.377212375402450562e-02,-1.023071166127920151e-02,9.675648808479309082e-02,1.161056607961654663e-01,-5.685019865632057190e-02,-5.048077926039695740e-02,1.630902662873268127e-02,-7.367807626724243164e-02,1.823579818010330200e-01,1.028383672237396240e-01,1.762289404869079590e-01,1.155793294310569763e-01,-1.682339459657669067e-01,-3.331526368856430054e-02,-2.716153860092163086e-01,-2.183063775300979614e-01,1.734878122806549072e-01,1.094953566789627075e-01,3.630836680531501770e-02,1.530278623104095459e-01,1.662154346704483032e-01,2.365008369088172913e-02,-1.728465780615806580e-02,1.093549057841300964e-01,6.359767168760299683e-02,1.656573861837387085e-01,5.979812890291213989e-02,5.254827439785003662e-02,9.388063102960586548e-02,1.784616261720657349e-01,-6.767023354768753052e-02,-1.539647672325372696e-02,1.495707780122756958e-01,8.448056876659393311e-02,3.961240127682685852e-02,-2.491310425102710724e-02,-1.482567787170410156e-01,-6.500823050737380981e-02,5.338230356574058533e-02,1.377903074026107788e-01,1.502113938331604004e-01,1.400109231472015381e-01,3.476556017994880676e-02,7.311140000820159912e-02,-1.508993655443191528e-01,3.815243719145655632e-03,8.355085738003253937e-03,3.161371499300003052e-02,-1.205263659358024597e-01,6.369911134243011475e-02,9.806171804666519165e-02,1.871278285980224609e-01,-1.109673008322715759e-01,-2.233633995056152344e-01,-1.312599033117294312e-01,9.395760297775268555e-02,3.673123940825462341e-02,4.338432475924491882e-02,8.388360962271690369e-03,5.231777206063270569e-02,2.425881922245025635e-01,1.431886404752731323e-01,-5.817253142595291138e-02,9.271778166294097900e-02,-1.043741255998611450e-01,-1.422702819108963013e-01,-1.924432814121246338e-01,-1.126319766044616699e-01,2.878360822796821594e-02,-4.328899085521697998e-02,9.996496140956878662e-02,-1.062950491905212402e-01,-2.091279812157154083e-02,4.383921995759010315e-02,-1.923614591360092163e-01,-8.403284847736358643e-02,-2.014889195561408997e-02,9.075836837291717529e-02,1.692667752504348755e-01,1.377178430557250977e-01,1.560716331005096436e-01,7.829028367996215820e-02,1.882495544850826263e-02,1.646337360143661499e-01,3.556920564733445644e-04,-1.075656735338270664e-03,-8.228371292352676392e-02,2.552193962037563324e-02,1.472258269786834717e-01,1.094330027699470520e-01
4.298502951860427856e-02,-4.464304447174072266e-02,-6.728257983922958374e-02,-1.617936491966247559e-01,3.777471780776977539e-01,3.769202530384063721e-01,-1.059914529323577881e-01,-6.519112735986709595e-02,4.692207574844360352e-01,0.000000000000000000e+00,-1.708082556724548340e-01,-5.278824642300605774e-02,1.913448423147201538e-02,-4.726553708314895630e-02,1.808552592992782593e-01,2.138061374425888062e-01,-1.284904032945632935e-01,-5.846309289336204529e-02,3.812068328261375427e-02,-8.572995662689208984e-02,-7.890520244836807251e-02,5.762590840458869934e-02,-1.897330954670906067e-02,-7.275321334600448608e-02,3.320069313049316406e-01,3.447702229022979736e-01,9.561404585838317871e-02,1.146859005093574524e-01,-4.917866364121437073e-02,1.062057353556156158e-02,-1.055874153971672058e-01,-1.219125688076019287e-01,-1.605155766010284424e-01,-2.102230638265609741e-01,5.878151208162307739e-02,5.242801085114479065e-02,1.310936957597732544e-01,1.594643741846084595e-01,-9.461221098899841309e-02,-1.656121015548706055e-02,-1.556743215769529343e-02,-3.035260364413261414e-02,1.470657736063003540e-01,6.336444616317749023e-02,6.176780164241790771e-02,7.898568361997604370e-02,1.490302979946136475e-01,9.921374171972274780e-02,3.192393854260444641e-02,1.283624172210693359e-01,6.819858402013778687e-02,6.523286551237106323e-02,-5.188642535358667374e-03,-1.345254364423453808e-03,1.714671105146408081e-01,1.634174734354019165e-01,5.909098777920007706e-03,1.720322854816913605e-02,5.639119818806648254e-02,5.570149049162864685e-02,-9.258493036031723022e-02,-6.703488528728485107e-02,-1.631113737821578979e-01,-2.067218422889709473e-01,-1.006172411143779755e-02,1.097321286797523499e-01,-8.255694061517715454e-02,-1.218196563422679901e-02,-1.068966090679168701e-01,-7.883515208959579468e-03,-7.541334629058837891e-02,-5.481185019016265869e-02,-1.481492654420435429e-03,1.190295964479446411e-01,3.021235950291156769e-02,8.599442988634109497e-02,1.204316392540931702e-01,1.428907662630081177e-01,-6.290380656719207764e-02,-1.816853880882263184e-01,4.036521166563034058e-02,8.061346411705017090e-02,6.780730187892913818e-02,8.171603828668594360e-02,2.583738788962364197e-02,6.295628380030393600e-03,5.049566179513931274e-02,9.766171127557754517e-02,6.900549679994583130e-02,1.142009720206260681e-01,1.458289008587598801e-02,-2.437594719231128693e-02,6.184388883411884308e-03,3.969287872314453125e-02,3.903215751051902771e-02,3.284632042050361633e-02,1.150395572185516357e-01,-6.826750934123992920e-02,2.659957297146320343e-02,5.419477820396423340e-02,1.504696719348430634e-02,5.704075470566749573e-02,-1.934227719902992249e-02,4.724003002047538757e-02,3.630030527710914612e-02,1.259114500135183334e-02,1.277140676975250244e-01,9.519863873720169067e-02,-1.435863971710205078e-02,4.878177866339683533e-02,7.405063509941101074e-02,1.272029895335435867e-02,9.131588786840438843e-02,-6.340229883790016174e-03,5.525275692343711853e-02,4.027163982391357422e-02
3.732188344001770020e-01,3.302851021289825439e-01,2.009250372648239136e-01,8.239875733852386475e-02,-1.543654203414916992e-01,-1.071589365601539612e-01,2.857362926006317139e-01,2.765895128250122070e-01,-8.292029798030853271e-02,-1.708082556724548340e-01,0.000000000000000000e+00,2.936263084411621094e-01,3.835503458976745605e-01,1.433193236589431763e-01,4.771177098155021667e-02,-7.836540788412094116e-02,-5.147971212863922119e-02,5.973517894744873047e-03,1.214244067668914795e-01,2.699652314186096191e-01,1.158844027668237686e-02,-1.101631820201873779e-01,-2.179306000471115112e-02,8.406300097703933716e-02,-8.992664515972137451e-02,-5.258395895361900330e-02,6.186297535896301270e-02,1.392850875854492188e-01,2.246934473514556885e-01,5.775871127843856812e-02,1.177171319723129272e-01,-6.794180721044540405e-02,1.531824022531509399e-01,2.335227727890014648e-01,-1.810534596443176270e-01,-2.405224889516830444e-01,-2.173268496990203857e-01,-1.956143230199813843e-01,-1.339173614978790283e-01,-1.436838209629058838e-01,-9.167791157960891724e-02,-9.898871183395385742e-02,-1.719925403594970703e-01,-1.443689316511154175e-01,-1.827434450387954712e-01,-1.848483085632324219e-01,-1.544586867094039917e-01,-2.275126129388809204e-01,-1.559647917747497559e-01,-9.745799005031585693e-02,-1.833125054836273193e-01,-1.445500850677490234e-01,-7.167729735374450684e-02,-1.891801059246063232e-01,3.582110255956649780e-02,-4.564690589904785156e-02,1.638070791959762573e-01,2.330497056245803833e-01,1.812017560005187988e-01,1.487966626882553101e-01,3.040950596332550049e-01,1.170452758669853210e-01,1.172823607921600342e-01,2.384230643510818481e-01,-1.900380998849868774e-01,-1.989476233720779419e-01,-8.354360610246658325e-02,-1.649102270603179932e-01,1.837898045778274536e-01,1.696873605251312256e-01,2.895117998123168945e-01,1.746481508016586304e-01,1.213889196515083313e-01,1.037648692727088928e-01,-3.940996155142784119e-02,-5.251830909401178360e-03,1.333671659231185913e-01,1.064652204513549805e-01,6.978365778923034668e-02,-1.609843410551548004e-02,3.255593031644821167e-02,-3.645913302898406982e-02,-1.675655543804168701e-01,-2.101427167654037476e-01,6.732546538114547729e-02,-2.231453061103820801e-01,-3.402161598205566406e-02,-9.599198400974273682e-02,2.352417409420013428e-01,5.815072730183601379e-02,-2.313214987516403198e-01,-1.460762023925781250e-01,-2.571081221103668213e-01,-9.507192671298980713e-02,4.715356230735778809e-02,1.602220535278320312e-02,-6.606966257095336914e-02,1.156373918056488037e-01,1.512398570775985718e-02,1.491851806640625000e-01,6.169722601771354675e-02,6.142222508788108826e-02,6.194967404007911682e-02,1.481306403875350952e-01,-1.125472784042358398e-01,-1.518796980381011963e-01,-6.857161968946456909e-02,2.148714475333690643e-02,1.191028044559061527e-03,-4.923809319734573364e-02,-9.977348893880844116e-02,-3.653051704168319702e-02,-2.354316413402557373e-01,5.613915994763374329e-02,-1.452660262584686279e-01,-1.122285500168800354e-01
1.904678344726562500e-01,2.924019098281860352e-01,9.973265975713729858e-02,4.429617896676063538e-02,-1.452694535255432129e-01,9.477215819060802460e-03,1.572217196226119995e-01,2.623041570186614990e-01,7.715284079313278198e-02,-5.278824642300605774e-02,2.936263084411621094e-01,0.000000000000000000e+00,1.880020797252655029e-01,1.587174385786056519e-01,6.151185184717178345e-02,-1.931346580386161804e-02,-4.625983536243438721e-02,1.186320558190345764e-01,1.190760172903537750e-02,1.903568506240844727e-01,9.608221799135208130e-02,-2.212436944246292114e-01,-1.025807633996009827e-01,9.259342402219772339e-02,-3.283575922250747681e-02,8.912820369005203247e-02,1.311818659305572510e-01,4.766863211989402771e-02,3.024198710918426514e-01,2.454523146152496338e-01,2.092116326093673706e-01,6.603197753429412842e-02,1.725821346044540405e-01,2.165078967809677124e-01,-3.620516136288642883e-02,-7.130597252398729324e-03,-1.541224420070648193e-01,-1.260684579610824585e-01,-1.997626572847366333e-01,-2.882637977600097656e-01,-1.321714222431182861e-01,-2.121509760618209839e-01,2.103839814662933350e-02,2.305152639746665955e-02,2.251092903316020966e-02,6.486950814723968506e-02,4.520828276872634888e-02,-1.542132794857025146e-01,3.102506697177886963e-02,-2.046383358538150787e-02,-1.772114187479019165e-01,-6.083485484123229980e-02,-7.867784798145294189e-02,-7.057610899209976196e-02,1.696970164775848389e-01,1.220709085464477539e-01,1.212276220321655273e-01,2.098466753959655762e-01,2.561697363853454590e-01,2.722989916801452637e-01,1.784554570913314819e-01,3.036957681179046631e-01,1.626945137977600098e-01,2.404726445674896240e-01,1.440923288464546204e-02,6.508467346429824829e-02,1.332950592041015625e-01,1.038829535245895386e-01,8.357170037925243378e-03,1.726720333099365234e-01,2.071577012538909912e-01,1.533796340227127075e-01,2.457095086574554443e-01,1.989153474569320679e-01,1.954082399606704712e-02,2.847320213913917542e-02,2.880252301692962646e-01,3.261827230453491211e-01,-5.917939543724060059e-02,-9.209001064300537109e-02,-1.806835234165191650e-01,4.693784192204475403e-02,-2.182784378528594971e-01,-1.822194457054138184e-01,1.759338080883026123e-01,2.887796610593795776e-02,1.362484320998191833e-02,-1.364738866686820984e-02,4.864258319139480591e-02,1.374816894531250000e-01,7.856745272874832153e-03,-1.538453251123428345e-01,-2.181045562028884888e-01,-1.940055787563323975e-01,-7.158877328038215637e-03,-1.161267533898353577e-01,3.532830253243446350e-02,2.294349484145641327e-03,8.236718922853469849e-02,1.620036065578460693e-01,7.663933187723159790e-02,-1.018408313393592834e-01,7.669682055711746216e-02,1.194024235010147095e-01,-1.561435610055923462e-01,-2.552326619625091553e-01,-2.585928887128829956e-04,8.048083633184432983e-03,3.011593408882617950e-02,1.551030278205871582e-01,-2.266776412725448608e-01,6.540767848491668701e-02,-1.251183152198791504e-01,1.211937591433525085e-01,5.779938027262687683e-02,-1.340613514184951782e-01
2.137891054153442383e-01,9.837371110916137695e-02,2.516330778598785400e-01,1.039212495088577271e-01,-8.391973376274108887e-02,-8.594684302806854248e-02,4.226129949092864990e-01,2.189111709594726562e-01,7.434832304716110229e-02,1.913448423147201538e-02,3.835503458976745605e-01,1.880020797252655029e-01,0.000000000000000000e+00,1.226793378591537476e-01,3.096242249011993408e-01,2.825208567082881927e-02,-2.301823496818542480e-01,-1.074460297822952271e-01,1.200763285160064697e-01,3.057799488306045532e-02,-6.423968821763992310e-02,-1.399414092302322388e-01,1.588839441537857056e-01,2.302634268999099731e-01,-1.880505681037902832e-02,3.457295522093772888e-02,-3.172529861330986023e-02,1.738763786852359772e-02,9.733360260725021362e-02,-6.213366240262985229e-02,1.146571859717369080e-01,4.908496513962745667e-02,1.325603295117616653e-02,1.157407686114311218e-01,-1.054541543126106262e-01,-2.209123522043228149e-01,-9.598851948976516724e-02,-6.613159924745559692e-02,-1.354180723428726196e-01,-1.773811876773834229e-01,-1.041646897792816162e-01,-6.403575092554092407e-02,1.892111380584537983e-03,-3.511427715420722961e-02,-4.486909508705139160e-02,-8.667872101068496704e-02,-8.201064914464950562e-02,-1.397289931774139404e-01,-9.870421141386032104e-02,-2.265918301418423653e-03,-4.183146730065345764e-02,3.681553527712821960e-02,-7.935777306556701660e-02,-5.953978374600410461e-02,8.114608377218246460e-02,2.780965063720941544e-03,-1.878634467720985413e-02,8.600191771984100342e-02,1.736398041248321533e-01,1.244855001568794250e-01,1.814517527818679810e-01,7.648104429244995117e-02,3.772185742855072021e-02,6.479571014642715454e-02,-1.866707205772399902e-02,-6.591279804706573486e-02,-9.734927862882614136e-02,-1.542397886514663696e-01,1.526987254619598389e-01,6.396011263132095337e-02,1.548337489366531372e-01,1.341521441936492920e-01,-2.292341738939285278e-02,8.064018189907073975e-02,-5.584328994154930115e-02,7.501003891229629517e-02,1.520361155271530151e-01,1.205729413777589798e-02,-1.372879184782505035e-02,-1.176767423748970032e-01,-5.778370797634124756e-02,9.808816015720367432e-03,-1.224142760038375854e-01,-2.764039635658264160e-01,1.056357920169830322e-01,-1.417392939329147339e-01,-4.677711799740791321e-02,-8.712282776832580566e-02,2.179856449365615845e-01,7.403340190649032593e-02,-1.637851148843765259e-01,-1.022957963868975639e-03,-1.667598932981491089e-01,7.729870080947875977e-02,-5.281886830925941467e-02,4.126774519681930542e-02,-1.210439018905162811e-02,2.219830173999071121e-03,4.288958758115768433e-02,1.580426096916198730e-01,2.126912400126457214e-02,3.151855245232582092e-02,-1.445043645799160004e-02,4.377611726522445679e-02,-1.215611100196838379e-01,-7.551888376474380493e-02,4.797958582639694214e-02,1.343243420124053955e-01,1.503496319055557251e-01,-3.080276027321815491e-02,-1.854676753282546997e-01,-1.943040825426578522e-02,-1.325527280569076538e-01,-1.437789481133222580e-02,-6.768079102039337158e-02,1.422719191759824753e-02
