0.000000000000000000e+00,6.906120777130126953e-01,2.953161597251892090e-01,3.705248832702636719e-01,-3.796879649162292480e-01,-1.854890584945678711e-01,2.765744626522064209e-01,3.096554875373840332e-01,-1.406930536031723022e-01,-2.967780530452728271e-01,2.872477769851684570e-01,3.395850062370300293e-01,1.177310291677713394e-02,1.133013069629669189e-01,-4.019230008125305176e-01,-3.799831569194793701e-01,3.390976786613464355e-02,1.105299368500709534e-01,4.119651615619659424e-01,4.478484988212585449e-01,-3.345529735088348389e-01,-3.455004394054412842e-01,2.367486059665679932e-01,1.053217202425003052e-01,-3.879009187221527100e-01,-4.719091355800628662e-01,-4.478855729103088379e-01,-2.726995646953582764e-01,-2.077191472053527832e-01,-2.640241682529449463e-01,-1.367006450891494751e-01,-9.449275583028793335e-02,4.279071390628814697e-01,2.461730539798736572e-01,-1.042720004916191101e-01,5.552837252616882324e-02,-3.075429797172546387e-01,-3.931188881397247314e-01,2.013350836932659149e-02,-2.759463787078857422e-01,-8.670537918806076050e-02,-1.904242038726806641e-01,1.926099061965942383e-01,2.064159065485000610e-01,2.822790108621120453e-02,2.264873087406158447e-01,1.184067577123641968e-01,1.038845926523208618e-01,1.176246181130409241e-01,1.217005848884582520e-01,4.188851639628410339e-02,1.640334166586399078e-02,3.622785583138465881e-02,-7.000824809074401855e-02,1.897628903388977051e-01,2.534714937210083008e-01,5.631453990936279297e-01,5.864725708961486816e-01,5.503470301628112793e-01,4.884456992149353027e-01,4.365950822830200195e-01,6.496554240584373474e-03,3.062672317028045654e-01,7.303509116172790527e-02,-6.545165181159973145e-02,-9.784919023513793945e-02,2.579219341278076172e-01,2.163466811180114746e-01,4.586031436920166016e-01,5.329540371894836426e-01,-2.174097299575805664e-01,-2.687943279743194580e-01,2.236797660589218140e-02,4.084288701415061951e-02,-1.107600703835487366e-01,1.712970435619354248e-02,-6.439847499132156372e-02,-2.500798366963863373e-02,-9.399364143610000610e-02,2.892711386084556580e-02,4.253851249814033508e-02,3.735905513167381287e-02,-2.429810613393783569e-01,-2.325605601072311401e-01,2.316442690789699554e-02,3.367075230926275253e-03,-2.889122366905212402e-01,-2.138444483280181885e-01,1.628851331770420074e-02,-6.533921509981155396e-02,-6.942482292652130127e-02,-5.134418234229087830e-02,-1.120571121573448181e-01,7.654317468404769897e-02,-1.886263787746429443e-01,-8.728605508804321289e-02,-1.186238750815391541e-01,-1.254049688577651978e-01,-1.135494932532310486e-01,-1.381534188985824585e-01,1.907222867012023926e-01,3.761940868571400642e-03,8.426094800233840942e-02,1.758106797933578491e-01,1.544902771711349487e-01,6.309638265520334244e-03,-1.851783692836761475e-01,-1.907837688922882080e-01,-1.648772954940795898e-01,-4.932559281587600708e-02,-9.881869703531265259e-02,-1.284129023551940918e-01,-1.483322530984878540e-01,2.295613586902618408e-01,-6.462244689464569092e-02,-9.776233136653900146e-02
6.906120777130126953e-01,0.000000000000000000e+00,2.846662700176239014e-01,2.945804297924041748e-01,-2.332576364278793335e-01,-1.030651032924652100e-01,2.140276134014129639e-01,2.678387761116027832e-01,-5.132297426462173462e-02,-2.295703738927841187e-01,1.797856986522674561e-01,2.648382782936096191e-01,-5.198201164603233337e-02,2.973119542002677917e-02,-2.930445075035095215e-01,-2.350537329912185669e-01,7.902236282825469971e-02,2.392785102128982544e-01,5.604426860809326172e-01,5.061702132225036621e-01,-2.316213846206665039e-01,-2.204057723283767700e-01,1.868993341922760010e-01,6.551744788885116577e-02,-3.611164689064025879e-01,-4.060582220554351807e-01,-3.285088241100311279e-01,-2.114984989166259766e-01,-9.550431370735168457e-02,-1.290558874607086182e-01,-1.241029724478721619e-01,-7.435045391321182251e-02,3.803049325942993164e-01,2.193067371845245361e-01,-2.031829357147216797e-01,-5.733887478709220886e-02,-2.579275965690612793e-01,-3.043801486492156982e-01,-9.233074961230158806e-04,-2.010362148284912109e-01,-1.070507336407899857e-02,-4.654121771454811096e-02,1.625265181064605713e-01,1.919808536767959595e-01,-1.619069837033748627e-02,1.968667805194854736e-01,1.072619035840034485e-01,8.878146111965179443e-02,4.480901733040809631e-02,1.256429217755794525e-02,-6.491699069738388062e-02,-9.173313528299331665e-02,-3.615581197664141655e-03,-1.633716523647308350e-01,2.037606686353683472e-01,1.913215965032577515e-01,6.022034883499145508e-01,6.518807411193847656e-01,4.551720917224884033e-01,4.345325827598571777e-01,3.197886645793914795e-01,-9.019450098276138306e-02,2.525759339332580566e-01,8.113308250904083252e-02,-2.246173918247222900e-01,-2.553489804267883301e-01,1.509339958429336548e-01,1.230460852384567261e-01,5.517635941505432129e-01,5.893836021423339844e-01,-1.248273923993110657e-01,-2.734636068344116211e-01,5.136537179350852966e-02,1.203468665480613708e-01,-4.095263779163360596e-02,8.197337388992309570e-02,-1.123066898435354233e-02,-2.256453968584537506e-02,7.307415828108787537e-03,6.433150917291641235e-02,1.654386520385742188e-01,1.007610633969306946e-01,-1.152060776948928833e-01,-9.618465602397918701e-02,2.322013862431049347e-02,-8.598411083221435547e-02,-1.712316423654556274e-01,-1.324015408754348755e-01,1.849842257797718048e-02,-1.773096024990081787e-01,-9.150924533605575562e-02,-1.197621077299118042e-01,-1.448536217212677002e-01,-6.655219942331314087e-02,-1.578427851200103760e-01,-7.701673358678817749e-02,-9.489861130714416504e-02,-8.259012550115585327e-02,-1.461959183216094971e-01,-1.623550355434417725e-01,1.095029562711715698e-01,-1.443366557359695435e-01,1.047245487570762634e-01,9.302242845296859741e-02,7.783927023410797119e-02,-7.376585900783538818e-02,-1.433527022600173950e-01,-1.399125158786773682e-01,-1.746838688850402832e-01,-5.689141899347305298e-02,-1.380516588687896729e-01,-1.550160199403762817e-01,-2.278447151184082031e-01,9.437999874353408813e-02,-1.407793015241622925e-01,-5.068471655249595642e-02
2.953161597251892090e-01,2.846662700176239014e-01,0.000000000000000000e+00,4.876024127006530762e-01,2.828323096036911011e-02,-6.219599395990371704e-03,5.780687928199768066e-01,3.368503600358963013e-02,2.401708662509918213e-01,2.233096659183502197e-01,3.528671711683273315e-02,-3.337083011865615845e-02,2.675255239009857178e-01,-2.552890479564666748e-01,3.980008885264396667e-02,-1.356459259986877441e-01,-1.569454744458198547e-02,1.350332703441381454e-02,3.561801910400390625e-01,3.125998675823211670e-01,-5.991462245583534241e-02,-2.815242484211921692e-02,6.508482098579406738e-01,5.983023047447204590e-01,1.224994286894798279e-01,3.515433520078659058e-03,3.807192668318748474e-02,1.124047040939331055e-01,-1.994489431381225586e-01,-1.933977305889129639e-01,1.506700962781906128e-01,2.349403351545333862e-01,2.930606901645660400e-01,1.813659965991973877e-01,1.672654449939727783e-01,1.398468017578125000e-01,-1.711210310459136963e-01,-1.605600714683532715e-01,-6.863284111022949219e-02,-2.658011317253112793e-01,1.680707484483718872e-01,-7.721485942602157593e-02,-1.635169386863708496e-01,-4.989007860422134399e-02,-3.483593836426734924e-02,-2.703360319137573242e-01,-2.887036651372909546e-02,-6.925943493843078613e-02,-3.785138428211212158e-01,-2.473145276308059692e-01,-4.590053856372833252e-01,-3.726157248020172119e-01,-4.559778869152069092e-01,-5.282636284828186035e-01,-1.263962239027023315e-01,-1.316791772842407227e-01,6.333839148283004761e-02,9.583751112222671509e-02,1.205782592296600342e-02,-3.371708840131759644e-02,-8.139988034963607788e-02,-1.426751166582107544e-01,-1.867055743932723999e-01,-1.440655589103698730e-01,4.281162470579147339e-02,-1.601992100477218628e-01,4.123902618885040283e-01,1.447214484214782715e-01,3.355978131294250488e-01,2.534324824810028076e-01,4.875021055340766907e-02,1.395177990198135376e-01,-5.361106991767883301e-02,-4.599990323185920715e-02,2.206337824463844299e-02,2.215269580483436584e-02,5.394422635436058044e-02,5.240672826766967773e-02,-2.113293409347534180e-01,-5.745553597807884216e-02,-2.087006866931915283e-01,-1.760092526674270630e-01,1.038615591824054718e-02,-2.997267805039882660e-02,-5.934437364339828491e-02,-5.329626798629760742e-01,8.262331783771514893e-02,-1.167078167200088501e-01,-7.087829709053039551e-02,-4.858724176883697510e-01,-5.438097938895225525e-02,-1.582954227924346924e-01,1.201343163847923279e-02,-1.100000441074371338e-01,-9.632867574691772461e-02,-4.160936176776885986e-02,2.313204705715179443e-01,2.370433509349822998e-01,-4.609711095690727234e-02,3.988800197839736938e-02,1.178611442446708679e-01,7.597798854112625122e-02,4.599914252758026123e-01,3.982127308845520020e-01,2.590727508068084717e-01,1.514205038547515869e-01,3.419984281063079834e-01,2.476340830326080322e-01,3.871321445330977440e-03,-9.194189682602882385e-03,1.465811282396316528e-01,-2.220973186194896698e-02,-2.360322922468185425e-01,-1.390631049871444702e-01,-1.374636143445968628e-01,1.460008472204208374e-01
3.705248832702636719e-01,2.945804297924041748e-01,4.876024127006530762e-01,0.000000000000000000e+00,-9.032162278890609741e-02,-6.023322790861129761e-02,4.437490403652191162e-01,4.281104505062103271e-01,9.058395028114318848e-02,1.411161124706268311e-01,-1.058196425437927246e-01,1.913908272981643677e-01,-2.867424860596656799e-02,5.010908469557762146e-02,-1.650497019290924072e-01,-1.777082830667495728e-01,1.830948330461978912e-02,-5.518285557627677917e-02,2.855076193809509277e-01,3.978632688522338867e-01,-7.617248594760894775e-02,-2.014108188450336456e-02,4.218444824218750000e-01,4.681405425071716309e-01,-1.239195689558982849e-01,-1.806427836418151855e-01,-2.265498787164688110e-01,-1.381514519453048706e-01,-2.160867899656295776e-01,-1.945423483848571777e-01,-1.175291389226913452e-01,3.738601505756378174e-02,2.495087534189224243e-01,1.732824742794036865e-01,-8.350147306919097900e-02,1.088051199913024902e-01,-2.959664463996887207e-01,-1.770299077033996582e-01,-1.382604837417602539e-01,-2.149454057216644287e-01,1.599109023809432983e-01,-4.522676393389701843e-02,-6.664128601551055908e-02,-3.190081566572189331e-02,-4.968415945768356323e-02,-1.777610480785369873e-01,1.539717763662338257e-01,-1.725267246365547180e-02,-2.231889665126800537e-01,-7.545676827430725098e-02,-2.247937768697738647e-01,-1.604893356561660767e-01,-2.266679108142852783e-01,-2.957706451416015625e-01,4.479300975799560547e-02,3.728619217872619629e-02,8.700605481863021851e-02,1.470043361186981201e-01,2.360596954822540283e-01,2.139062583446502686e-01,3.024960309267044067e-02,1.136872917413711548e-01,-7.922089099884033203e-02,7.985260337591171265e-02,-1.658623814582824707e-01,-6.385121494531631470e-02,2.110775262117385864e-01,1.712971627712249756e-01,1.951720863580703735e-01,2.102822512388229370e-01,-1.057590246200561523e-01,1.054920442402362823e-02,-2.369471080601215363e-02,6.822581589221954346e-02,-7.271704822778701782e-02,8.608080446720123291e-02,6.472179293632507324e-02,8.858133852481842041e-02,-3.097285330295562744e-01,-8.318812400102615356e-02,-1.837068498134613037e-01,-9.537091851234436035e-02,-7.019050419330596924e-02,-1.322311758995056152e-01,-1.812166124582290649e-01,-2.366653829813003540e-01,-9.144435077905654907e-02,-1.836199015378952026e-01,-6.404349207878112793e-02,-1.847229003906250000e-01,-1.103452444076538086e-01,-2.240255475044250488e-01,-4.667803272604942322e-02,-8.934508264064788818e-02,-1.349005103111267090e-01,9.550671279430389404e-02,9.321787953376770020e-02,1.103266403079032898e-01,-1.005648896098136902e-01,-1.298360973596572876e-01,2.067280858755111694e-01,1.164311319589614868e-01,3.451064825057983398e-01,3.848147690296173096e-01,2.205015867948532104e-01,1.338699012994766235e-01,8.378201723098754883e-02,1.256571710109710693e-01,1.502529233694076538e-01,-1.720892451703548431e-02,-1.188892945647239685e-01,-2.133683413267135620e-01,-2.559302151203155518e-01,9.875482879579067230e-03,-1.121891885995864868e-01,1.689104288816452026e-01
-3.796879649162292480e-01,-2.332576364278793335e-01,2.828323096036911011e-02,-9.032162278890609741e-02,0.000000000000000000e+00,4.073558449745178223e-01,-7.070598751306533813e-02,-2.029899358749389648e-01,5.750720500946044922e-01,5.697275996208190918e-01,-7.541282474994659424e-02,-1.448673605918884277e-01,1.008418723940849304e-01,-7.616727054119110107e-02,5.535251498222351074e-01,4.018024802207946777e-01,3.966663777828216553e-02,-2.318734303116798401e-02,2.302732504904270172e-02,-1.151248067617416382e-01,2.341390997171401978e-01,3.513291478157043457e-01,-2.539275772869586945e-02,7.110531628131866455e-02,2.835276126861572266e-01,3.623310625553131104e-01,4.848107397556304932e-01,4.275724291801452637e-01,2.190680056810379028e-01,1.980907171964645386e-01,1.768079847097396851e-01,2.489810883998870850e-01,-1.775234639644622803e-01,-3.518568351864814758e-02,-1.395292878150939941e-01,-1.133649274706840515e-01,3.586626797914505005e-02,1.219018921256065369e-01,-1.334215849637985229e-01,2.081032544374465942e-01,1.807017326354980469e-01,1.207650080323219299e-01,-3.615378439426422119e-01,-3.382641077041625977e-01,-1.783540993928909302e-01,-3.785129785537719727e-01,-2.666181623935699463e-01,-3.851181566715240479e-01,-3.262116909027099609e-01,-2.886734008789062500e-01,-3.513411581516265869e-01,-2.516885697841644287e-01,-3.470381796360015869e-01,-2.887749969959259033e-01,-2.270985841751098633e-01,-3.129803538322448730e-01,-3.345330059528350830e-01,-3.262988924980163574e-01,-3.098488748073577881e-01,-3.569570779800415039e-01,-3.582758903503417969e-01,-7.446774840354919434e-02,-2.581038475036621094e-01,-7.134725153446197510e-02,-7.643976807594299316e-02,-9.601803869009017944e-02,-1.567168831825256348e-01,-2.448374927043914795e-01,-6.434118747711181641e-02,-2.083608210086822510e-01,3.227618932723999023e-01,2.874276041984558105e-01,1.246478185057640076e-01,1.607564389705657959e-01,1.937644332647323608e-01,1.507263332605361938e-01,7.530423253774642944e-02,1.321789901703596115e-02,9.932690300047397614e-03,5.954212322831153870e-02,-1.609227806329727173e-01,-7.586645334959030151e-02,2.261408418416976929e-01,9.216666221618652344e-02,-1.215753480792045593e-01,-2.491798251867294312e-01,4.330332577228546143e-01,1.676859408617019653e-01,1.383135747164487839e-02,-2.267007231712341309e-01,-1.714944690465927124e-01,-3.381330072879791260e-01,-8.849135786294937134e-02,-3.194638490676879883e-01,-7.428400963544845581e-02,-5.297970399260520935e-02,4.004204273223876953e-02,1.771178841590881348e-02,-1.519020050764083862e-01,-1.494205892086029053e-01,-1.365780234336853027e-01,-7.829359173774719238e-02,1.495902985334396362e-01,2.604075334966182709e-02,7.756792940199375153e-03,1.546791195869445801e-01,2.334153950214385986e-01,4.083451628684997559e-01,1.047845259308815002e-01,1.914270818233489990e-01,1.820942014455795288e-01,-1.076974198222160339e-01,-2.015892565250396729e-01,-3.334763050079345703e-01,-5.152164027094841003e-02,2.087566554546356201e-01
-1.854890584945678711e-01,-1.030651032924652100e-01,-6.219599395990371704e-03,-6.023322790861129761e-02,4.073558449745178223e-01,0.000000000000000000e+00,-1.153572052717208862e-01,-8.533277548849582672e-03,3.607936203479766846e-01,2.481392323970794678e-01,3.961189463734626770e-02,-2.991439402103424072e-02,-4.618999734520912170e-02,1.208120286464691162e-01,3.767594099044799805e-01,5.091008543968200684e-01,-4.437203705310821533e-02,-3.858311101794242859e-02,1.695606112480163574e-01,-2.867689169943332672e-02,1.196418553590774536e-01,7.074378430843353271e-02,7.121462374925613403e-02,1.406905055046081543e-01,1.241714507341384888e-01,2.343161106109619141e-01,2.310506999492645264e-01,4.500431716442108154e-01,8.637452498078346252e-03,1.764923930168151855e-01,1.939584910869598389e-01,3.284582197666168213e-01,-8.524689078330993652e-02,6.574162840843200684e-02,1.169070508331060410e-02,-3.672857210040092468e-02,1.758709102869033813e-01,-9.910393506288528442e-03,1.196586936712265015e-01,-5.660611391067504883e-02,-1.406673938035964966e-01,-9.351676702499389648e-02,-2.145790010690689087e-01,-1.714818775653839111e-01,-5.555147305130958557e-02,-1.454291641712188721e-01,-2.821290194988250732e-01,-9.257221221923828125e-02,-1.497731953859329224e-01,-1.032155677676200867e-01,-2.605250477790832520e-01,-2.005056440830230713e-01,-3.324345350265502930e-01,-2.784357070922851562e-01,-2.574422657489776611e-01,-1.088209897279739380e-01,-5.157851055264472961e-02,-1.546762287616729736e-01,-8.709465712308883667e-02,-6.702993810176849365e-02,-1.771185398101806641e-01,9.604915231466293335e-02,6.542306393384933472e-03,-6.651097442954778671e-03,9.252495132386684418e-03,-1.276759356260299683e-01,5.153360590338706970e-02,6.527868658304214478e-02,6.490616500377655029e-02,5.329563096165657043e-02,7.864003628492355347e-02,9.887193888425827026e-02,1.133414879441261292e-01,2.144219912588596344e-02,4.357204586267471313e-02,-6.012375280261039734e-02,-1.846965551376342773e-01,3.460901556536555290e-03,7.270354777574539185e-02,1.599582582712173462e-01,-4.886131361126899719e-02,1.188602857291698456e-02,5.294528976082801819e-02,6.477171182632446289e-02,-2.207020521163940430e-01,-7.033871859312057495e-02,2.349269986152648926e-01,4.181467890739440918e-01,-3.814595341682434082e-01,-1.763972267508506775e-02,-6.639159470796585083e-02,1.193319726735353470e-02,1.506840884685516357e-01,-1.429735273122787476e-01,7.730689644813537598e-02,-2.256592065095901489e-01,-9.957256168127059937e-02,-8.250177651643753052e-02,-1.679913401603698730e-01,-4.846762865781784058e-02,4.758678376674652100e-02,-1.083073616027832031e-01,6.607496645301580429e-03,-7.313553988933563232e-02,-6.713908910751342773e-02,-1.154916919767856598e-02,1.899307966232299805e-01,2.710951566696166992e-01,-1.349229514598846436e-01,-5.139489099383354187e-02,2.566705346107482910e-01,-8.432963490486145020e-02,-1.325316168367862701e-02,-3.696391582489013672e-01,-2.370029985904693604e-01,-1.226157024502754211e-01
2.765744626522064209e-01,2.140276134014129639e-01,5.780687928199768066e-01,4.437490403652191162e-01,-7.070598751306533813e-02,-1.153572052717208862e-01,0.000000000000000000e+00,2.257284373044967651e-01,1.352817267179489136e-01,2.247151136398315430e-01,1.032283306121826172e-01,8.896847069263458252e-02,3.915134668350219727e-01,-5.952207744121551514e-02,-6.526127457618713379e-02,-1.935406029224395752e-01,-1.156334355473518372e-01,-6.097309663891792297e-02,2.393707484006881714e-01,2.213559895753860474e-01,-1.022163182497024536e-01,-1.215664222836494446e-01,4.999144375324249268e-01,4.656361043453216553e-01,4.854559525847434998e-02,-2.365285065025091171e-03,-2.380821295082569122e-02,2.567690424621105194e-02,-8.366052806377410889e-02,-1.722096055746078491e-01,1.489608138799667358e-01,1.888104826211929321e-01,3.772758245468139648e-01,2.446338385343551636e-01,7.297340035438537598e-02,8.956653624773025513e-02,-1.996715962886810303e-01,-2.071833163499832153e-01,-1.066446378827095032e-01,-2.146447747945785522e-01,6.818821281194686890e-02,-1.243024095892906189e-01,-1.040591374039649963e-01,-3.839332610368728638e-02,-9.010173380374908447e-02,-2.277517169713973999e-01,-7.060249894857406616e-02,-1.046810969710350037e-01,-2.702094316482543945e-01,-1.584725826978683472e-01,-2.465181499719619751e-01,-2.632111907005310059e-01,-2.798824608325958252e-01,-3.540185391902923584e-01,-2.033715546131134033e-01,-1.563411355018615723e-01,2.471986599266529083e-02,4.848176613450050354e-02,4.083437472581863403e-02,9.614028967916965485e-03,8.202692121267318726e-02,3.933647181838750839e-03,-1.541401594877243042e-01,-6.361241638660430908e-02,2.119875885546207428e-02,-9.681707248091697693e-03,3.254723548889160156e-01,2.166468054056167603e-01,1.637846678495407104e-01,1.564232707023620605e-01,1.485948115587234497e-01,2.077946811914443970e-01,-2.539415145292878151e-04,5.427280440926551819e-03,9.777145460247993469e-03,-6.146381050348281860e-02,1.464341133832931519e-01,1.171556264162063599e-01,-9.547714143991470337e-02,1.330741401761770248e-02,-1.658990085124969482e-01,-2.268226295709609985e-01,-2.739403583109378815e-02,-8.412212133407592773e-02,-9.270003437995910645e-02,-4.264068305492401123e-01,-9.530408680438995361e-02,-2.148190736770629883e-01,-3.246270120143890381e-02,-3.864659070968627930e-01,9.797126054763793945e-02,-1.583890467882156372e-01,-2.399576362222433090e-03,-8.563502877950668335e-02,-1.257590651512145996e-01,-5.906481668353080750e-02,1.397371590137481689e-01,1.066166907548904419e-01,-7.158172875642776489e-02,-1.011578552424907684e-02,5.764575302600860596e-02,8.926440775394439697e-02,3.251073658466339111e-01,3.412694931030273438e-01,2.372671812772750854e-01,1.250327825546264648e-01,2.617460787296295166e-01,9.294752031564712524e-02,-8.057735860347747803e-03,1.523494813591241837e-02,2.513312175869941711e-02,-1.380541827529668808e-02,-1.876551359891891479e-01,-3.956663981080055237e-02,-8.760205656290054321e-02,1.555807143449783325e-01
3.096554875373840332e-01,2.678387761116027832e-01,3.368503600358963013e-02,4.281104505062103271e-01,-2.029899358749389648e-01,-8.533277548849582672e-03,2.257284373044967651e-01,0.000000000000000000e+00,-1.928226649761199951e-01,-9.392938017845153809e-02,1.115829646587371826e-01,4.045923650264739990e-01,-9.366346895694732666e-02,4.553397595882415771e-01,-3.400588333606719971e-01,-1.216094344854354858e-01,-1.106427907943725586e-01,-1.226381212472915649e-01,1.589904725551605225e-01,2.154382467269897461e-01,-2.450195550918579102e-01,-1.608922630548477173e-01,1.831703931093215942e-01,1.746657639741897583e-01,-2.626284062862396240e-01,-2.510449886322021484e-01,-3.160893321037292480e-01,-2.250936329364776611e-01,-8.864966779947280884e-02,-2.467678114771842957e-02,-6.961226463317871094e-02,4.717588052153587341e-02,2.158655971288681030e-01,2.456870824098587036e-01,-2.115026414394378662e-01,2.175017818808555603e-02,-2.257875353097915649e-01,-2.949669063091278076e-01,-1.587709039449691772e-01,-3.192267417907714844e-01,-1.279915571212768555e-01,-1.336232274770736694e-01,4.957752674818038940e-02,3.892080858349800110e-02,-7.362530380487442017e-02,5.760297551751136780e-02,7.536205649375915527e-02,1.214264612644910812e-02,1.930542886257171631e-01,2.308542579412460327e-01,1.830889880657196045e-01,1.156296953558921814e-01,1.532858461141586304e-01,7.806376367807388306e-02,4.188026767224073410e-03,1.143453642725944519e-02,1.616383790969848633e-01,1.521426588296890259e-01,3.764372467994689941e-01,3.843711018562316895e-01,3.057872354984283447e-01,4.750554859638214111e-01,2.293459177017211914e-01,3.825231492519378662e-01,-1.634364426136016846e-01,5.916178598999977112e-02,-6.006313115358352661e-02,1.115207597613334656e-01,-7.842929661273956299e-02,1.008957624435424805e-01,-3.038588538765907288e-02,-5.112815648317337036e-02,4.779989272356033325e-02,1.593745797872543335e-01,-1.841810941696166992e-01,-6.910515576601028442e-02,-2.604910172522068024e-02,6.755087524652481079e-02,-9.161859005689620972e-02,7.971950806677341461e-03,1.393768098205327988e-02,-4.248189181089401245e-02,-2.791414856910705566e-01,-3.143462836742401123e-01,-2.638069391250610352e-01,8.540081232786178589e-02,-3.414358496665954590e-01,-1.941885352134704590e-01,-1.636999845504760742e-01,5.309551581740379333e-02,1.532205492258071899e-01,-5.931156873703002930e-02,1.226966902613639832e-01,4.433581233024597168e-02,-1.313380599021911621e-01,-7.333360612392425537e-03,-1.161537244915962219e-01,-1.413719058036804199e-01,4.053423553705215454e-02,-7.290670275688171387e-02,2.718756794929504395e-01,4.004662111401557922e-02,2.971612848341464996e-02,7.088290154933929443e-02,1.309021413326263428e-01,4.161386564373970032e-02,-1.336909830570220947e-01,-1.317761391401290894e-01,2.156506292521953583e-02,-8.390399068593978882e-02,-1.292649358510971069e-01,-8.506121486425399780e-02,-3.677148371934890747e-02,2.160929292440414429e-01,2.260304242372512817e-02,1.205479912459850311e-02
-1.406930536031723022e-01,-5.132297426462173462e-02,2.401708662509918213e-01,9.058395028114318848e-02,5.750720500946044922e-01,3.607936203479766846e-01,1.352817267179489136e-01,-1.928226649761199951e-01,0.000000000000000000e+00,5.636832714080810547e-01,-1.053275391459465027e-01,-1.414247453212738037e-01,1.525184363126754761e-01,-2.577207982540130615e-01,4.630326628684997559e-01,3.147367238998413086e-01,5.203116312623023987e-02,4.268519207835197449e-02,1.852475702762603760e-01,-1.510876882821321487e-02,2.023967951536178589e-01,2.155973315238952637e-01,1.385953426361083984e-01,1.177800968289375305e-01,1.394055336713790894e-01,1.559064090251922607e-01,3.323288559913635254e-01,3.477581441402435303e-01,1.013398692011833191e-01,1.142884418368339539e-02,1.440791320055723190e-02,1.770330816507339478e-01,-1.530541386455297470e-02,1.691777817904949188e-02,-2.896214835345745087e-02,-6.759856641292572021e-02,-5.437897518277168274e-02,4.043352603912353516e-02,-4.806055873632431030e-02,1.726248413324356079e-01,3.170806467533111572e-01,8.151254057884216309e-02,-3.356518745422363281e-01,-2.962859272956848145e-01,-1.084712296724319458e-01,-2.520114183425903320e-01,-2.041506320238113403e-01,-2.796360552310943604e-01,-3.482279777526855469e-01,-3.690324425697326660e-01,-4.485922455787658691e-01,-3.989923298358917236e-01,-3.959702551364898682e-01,-3.959591090679168701e-01,-1.735141724348068237e-01,-2.202135324478149414e-01,-1.580603271722793579e-01,-1.183078363537788391e-01,-2.484106272459030151e-01,-2.845335304737091064e-01,-1.878334134817123413e-01,-1.738934665918350220e-01,-3.302799463272094727e-01,-2.497225701808929443e-01,5.012723430991172791e-02,-1.139920726418495178e-01,3.066779673099517822e-02,-1.024228110909461975e-01,2.043069154024124146e-01,3.637132793664932251e-02,1.928084194660186768e-01,1.096123531460762024e-01,8.282150328159332275e-02,6.117056682705879211e-02,2.218594700098037720e-01,2.617152631282806396e-01,7.245045900344848633e-02,-6.463924795389175415e-02,-3.942502196878194809e-03,9.709859639406204224e-02,-1.661837697029113770e-01,-4.715776443481445312e-02,3.155338168144226074e-01,1.369790881872177124e-01,2.434504590928554535e-02,-3.388040065765380859e-01,5.068073272705078125e-01,1.210271790623664856e-01,1.579319536685943604e-01,-3.632275164127349854e-01,-2.726794183254241943e-01,-3.026238679885864258e-01,-1.279099434614181519e-01,-2.813077270984649658e-01,-1.466543525457382202e-01,-9.936247020959854126e-02,5.822680145502090454e-02,-9.888000041246414185e-02,-3.019327819347381592e-01,-3.222173750400543213e-01,-2.916711270809173584e-01,-1.838997751474380493e-01,9.646265953779220581e-02,6.519255787134170532e-02,1.377979409880936146e-03,1.371927708387374878e-01,2.006294131278991699e-01,2.993975877761840820e-01,3.345759585499763489e-02,1.335863620042800903e-01,1.505613774061203003e-01,-2.099600285291671753e-01,-3.137719631195068359e-01,-3.591127693653106689e-01,-5.093871057033538818e-02,2.233145833015441895e-01
-2.967780530452728271e-01,-2.295703738927841187e-01,2.233096659183502197e-01,1.411161124706268311e-01,5.697275996208190918e-01,2.481392323970794678e-01,2.247151136398315430e-01,-9.392938017845153809e-02,5.636832714080810547e-01,0.000000000000000000e+00,-1.223917379975318909e-01,-1.251882314682006836e-02,2.348334938287734985e-01,-1.218360662460327148e-01,4.779202342033386230e-01,2.910569310188293457e-01,2.659851312637329102e-02,-5.432666465640068054e-02,4.109896346926689148e-02,-3.155158832669258118e-02,2.221623808145523071e-01,3.501882553100585938e-01,1.324212849140167236e-01,2.730244994163513184e-01,3.802157640457153320e-01,4.251504838466644287e-01,4.640426039695739746e-01,4.394725561141967773e-01,1.757357865571975708e-01,1.406739801168441772e-01,1.700654476881027222e-01,2.448341995477676392e-01,-9.670586884021759033e-02,9.852692484855651855e-03,-8.831660449504852295e-02,2.133922092616558075e-02,-9.725498408079147339e-02,3.160507231950759888e-02,-1.988525241613388062e-01,1.643537431955337524e-01,3.050472438335418701e-01,1.038677394390106201e-01,-4.191305339336395264e-01,-3.626669049263000488e-01,-1.915767341852188110e-01,-5.007438063621520996e-01,-1.960160434246063232e-01,-3.823103308677673340e-01,-4.610407054424285889e-01,-2.903957962989807129e-01,-3.849025964736938477e-01,-2.639407515525817871e-01,-3.720976710319519043e-01,-3.797295093536376953e-01,-2.751719653606414795e-01,-3.495939373970031738e-01,-4.458915591239929199e-01,-3.977538049221038818e-01,-3.107340633869171143e-01,-2.810291349887847900e-01,-3.752100169658660889e-01,5.926348268985748291e-03,-4.047305285930633545e-01,-8.202335238456726074e-02,-5.662939697504043579e-02,-4.248657077550888062e-02,-5.183000117540359497e-02,-1.072161197662353516e-01,-6.438129395246505737e-02,-1.916953176259994507e-01,3.607788085937500000e-01,3.702504932880401611e-01,8.636779338121414185e-02,2.273964434862136841e-01,2.145016789436340332e-01,3.430753201246261597e-02,2.171698212623596191e-01,1.278637200593948364e-01,-7.436655461788177490e-02,7.987751066684722900e-02,-2.447019219398498535e-01,-1.857294738292694092e-01,2.717102468013763428e-01,1.251330673694610596e-01,-1.306615918874740601e-01,-3.859829604625701904e-01,3.760510981082916260e-01,2.176897600293159485e-02,5.260249227285385132e-02,-3.160531818866729736e-01,-9.397043287754058838e-02,-4.018924236297607422e-01,-2.861304767429828644e-02,-3.110852837562561035e-01,-1.230305954813957214e-01,-1.318055298179388046e-02,1.438924521207809448e-01,6.093142554163932800e-02,-9.692929685115814209e-02,-1.403176188468933105e-01,-7.817909866571426392e-02,-3.834573179483413696e-02,3.135381639003753662e-01,2.866138219833374023e-01,9.871364384889602661e-02,1.832185536623001099e-01,3.828660845756530762e-01,4.812708497047424316e-01,8.139263838529586792e-02,1.372019648551940918e-01,1.877289265394210815e-01,-1.240505278110504150e-01,-3.120966851711273193e-01,-2.981216013431549072e-01,-1.246139500290155411e-02,2.987327575683593750e-01
2.872477769851684570e-01,1.797856986522674561e-01,3.528671711683273315e-02,-1.058196425437927246e-01,-7.541282474994659424e-02,3.961189463734626770e-02,1.032283306121826172e-01,1.115829646587371826e-01,-1.053275391459465027e-01,-1.223917379975318909e-01,0.000000000000000000e+00,3.190059065818786621e-01,4.114829003810882568e-01,3.180940151214599609e-01,-2.047485560178756714e-01,-2.068703323602676392e-01,1.518714278936386108e-01,1.530805379152297974e-01,7.190620899200439453e-02,6.492182612419128418e-02,-1.725852787494659424e-01,-2.455914616584777832e-01,8.827934414148330688e-02,6.806355714797973633e-02,-7.546803355216979980e-02,-3.144848719239234924e-02,-1.655312180519104004e-01,3.474849462509155273e-02,-1.060030609369277954e-02,1.904763095080852509e-02,2.786527574062347412e-01,2.585046291351318359e-01,1.497055590152740479e-01,2.232705652713775635e-01,-1.374837849289178848e-02,4.784265533089637756e-03,-1.188774406909942627e-01,-3.678195774555206299e-01,-1.115402430295944214e-01,-2.873471081256866455e-01,-2.132856696844100952e-01,-3.777958750724792480e-01,-1.960254833102226257e-02,2.257800288498401642e-02,9.645091742277145386e-02,1.290400922298431396e-01,-2.093236893415451050e-01,-2.007129192352294922e-01,1.833298504352569580e-01,1.880173683166503906e-01,1.123458668589591980e-01,7.071462273597717285e-02,-4.604407027363777161e-02,-2.856510691344738007e-02,-1.948978155851364136e-01,1.733923517167568207e-02,2.489015907049179077e-01,2.159377932548522949e-01,1.858913004398345947e-01,1.428722739219665527e-01,3.413378000259399414e-01,2.425679564476013184e-01,4.724089801311492920e-01,3.099323511123657227e-01,2.215938270092010498e-01,2.290240377187728882e-01,9.832021594047546387e-02,1.431287527084350586e-01,8.179184794425964355e-02,1.296987384557723999e-01,7.306241244077682495e-02,-2.681523934006690979e-02,9.737493842840194702e-02,6.338316202163696289e-02,-3.303409740328788757e-02,-1.373736858367919922e-01,-9.248121827840805054e-02,6.832443922758102417e-02,2.488195747137069702e-01,1.453455835580825806e-01,7.687677443027496338e-02,1.785773783922195435e-01,-1.703091114759445190e-01,-2.059644013643264771e-01,5.439238995313644409e-02,8.247050642967224121e-02,-2.457207292318344116e-01,-1.375478953123092651e-01,-6.755102425813674927e-02,-7.259891927242279053e-02,-5.835457891225814819e-02,5.397346615791320801e-02,-1.068347319960594177e-01,-7.686040550470352173e-02,-2.302181720733642578e-01,-3.798095285892486572e-01,-2.166894972324371338e-01,-2.591157555580139160e-01,-1.716872751712799072e-01,-6.995256990194320679e-02,1.214344948530197144e-01,-7.404556125402450562e-02,-5.408015847206115723e-02,-9.495679289102554321e-02,9.708657860755920410e-02,1.627876907587051392e-01,-9.093452244997024536e-02,-1.870970726013183594e-01,-3.633927404880523682e-01,5.655936151742935181e-02,2.394162863492965698e-01,9.312082082033157349e-02,-1.082833558320999146e-01,2.832505665719509125e-02,1.386049203574657440e-02,-8.129368722438812256e-02
3.395850062370300293e-01,2.648382782936096191e-01,-3.337083011865615845e-02,1.913908272981643677e-01,-1.448673605918884277e-01,-2.991439402103424072e-02,8.896847069263458252e-02,4.045923650264739990e-01,-1.414247453212738037e-01,-1.251882314682006836e-02,3.190059065818786621e-01,0.000000000000000000e+00,7.789666205644607544e-02,5.615066885948181152e-01,-2.771111130714416504e-01,-1.294077038764953613e-01,1.045243889093399048e-01,1.456945538520812988e-01,7.945273071527481079e-02,1.238455846905708313e-01,-1.941856890916824341e-01,-1.874122768640518188e-01,-6.989370100200176239e-03,1.004762202501296997e-01,-2.358433306217193604e-01,-1.043371483683586121e-01,-2.178121656179428101e-01,4.576536640524864197e-02,-1.465893983840942383e-01,2.860800735652446747e-02,1.142992228269577026e-01,1.344165205955505371e-01,8.192330598831176758e-02,9.119933843612670898e-02,-2.473690956830978394e-01,3.479414433240890503e-02,-3.177653551101684570e-01,-4.451766312122344971e-01,-2.338394671678543091e-01,-2.313695996999740601e-01,-1.450796574354171753e-01,-2.941291332244873047e-01,7.559120655059814453e-02,8.637445420026779175e-02,7.856706529855728149e-02,5.387113615870475769e-02,-1.274469867348670959e-02,-8.048637956380844116e-02,1.107254177331924438e-01,3.388292789459228516e-01,2.023314982652664185e-01,2.402946054935455322e-01,4.303693398833274841e-02,-3.460483253002166748e-02,1.217811256647109985e-01,2.128535211086273193e-01,6.872716546058654785e-02,9.505836665630340576e-02,4.230195283889770508e-01,4.842163324356079102e-01,2.534953355789184570e-01,3.503609299659729004e-01,3.134312033653259277e-01,4.566619396209716797e-01,-1.410632133483886719e-01,1.114586293697357178e-01,-3.169984370470046997e-02,1.650500595569610596e-01,7.874920964241027832e-03,5.577452108263969421e-02,-1.000193879008293152e-01,-9.585385769605636597e-02,-9.117785096168518066e-02,8.344120532274246216e-02,-1.038940176367759705e-01,-6.225056946277618408e-02,-4.256369173526763916e-02,7.734697312116622925e-02,-2.273799618706107140e-03,4.490849003195762634e-02,-1.339790076017379761e-01,3.838826343417167664e-02,-1.829089075326919556e-01,-2.192449420690536499e-01,-2.270360589027404785e-01,7.123828679323196411e-02,-2.718212902545928955e-01,-1.951797604560852051e-01,-6.156766414642333984e-02,3.642814233899116516e-02,-3.924938291311264038e-02,-1.360779106616973877e-01,-1.074823364615440369e-01,-1.857603192329406738e-01,-2.269987612962722778e-01,-3.198091387748718262e-01,-1.880808174610137939e-01,-2.347166240215301514e-01,-3.262125328183174133e-02,-1.537995636463165283e-01,3.661515116691589355e-01,3.914812579751014709e-02,2.059916704893112183e-01,1.695266366004943848e-01,7.162243872880935669e-02,1.148237884044647217e-01,3.197620064020156860e-02,-3.827188629657030106e-03,-2.599645256996154785e-01,-6.256248056888580322e-02,1.802289932966232300e-01,5.034900270402431488e-03,-1.636255830526351929e-01,5.629872530698776245e-02,-3.113752231001853943e-02,2.064629923552274704e-03
1.177310291677713394e-02,-5.198201164603233337e-02,2.675255239009857178e-01,-2.867424860596656799e-02,1.008418723940849304e-01,-4.618999734520912170e-02,3.915134668350219727e-01,-9.366346895694732666e-02,1.525184363126754761e-01,2.348334938287734985e-01,4.114829003810882568e-01,7.789666205644607544e-02,0.000000000000000000e+00,-1.664821058511734009e-02,1.573819369077682495e-01,-5.324939638376235962e-02,4.606458917260169983e-02,4.070037230849266052e-02,-4.521232098340988159e-02,9.137394838035106659e-03,1.091646626591682434e-01,1.070556044578552246e-01,1.749728620052337646e-01,2.155514210462570190e-01,3.228042125701904297e-01,2.685926556587219238e-01,1.979811489582061768e-01,2.242100089788436890e-01,1.535349488258361816e-01,6.311833858489990234e-02,2.517176270484924316e-01,2.652304470539093018e-01,5.712265614420175552e-03,3.088422492146492004e-02,7.419416308403015137e-02,-7.646318525075912476e-02,-6.531402468681335449e-02,-1.117338314652442932e-01,-1.894033998250961304e-01,-1.353763192892074585e-01,6.484951078891754150e-02,-1.702464222908020020e-01,-2.126366794109344482e-01,-7.680078595876693726e-02,3.667283058166503906e-02,-1.008215546607971191e-01,-1.787788420915603638e-01,-2.827885448932647705e-01,-9.832347929477691650e-02,-4.503681883215904236e-02,-9.452349692583084106e-02,-1.450137197971343994e-01,-2.117170095443725586e-01,-2.267187237739562988e-01,-2.561404109001159668e-01,-3.062255382537841797e-01,-1.113890036940574646e-01,-1.031362488865852356e-01,-1.131571531295776367e-01,-1.795564889907836914e-01,1.195595338940620422e-01,6.590510252863168716e-03,-9.455238468945026398e-03,4.989420250058174133e-02,2.584226429462432861e-01,2.314577251672744751e-01,1.006833910942077637e-01,4.519398137927055359e-02,-4.090377315878868103e-02,-7.247509807348251343e-02,2.541453242301940918e-01,2.119074314832687378e-01,-1.773501932621002197e-02,4.285720735788345337e-02,8.687487989664077759e-02,-5.812484771013259888e-02,2.979712188243865967e-02,6.585265696048736572e-02,5.810200423002243042e-02,1.649941205978393555e-01,-7.625774946063756943e-03,-2.622226811945438385e-02,2.652825042605400085e-02,-4.709541052579879761e-02,1.811541765928268433e-01,-2.732035219669342041e-01,-2.554371021687984467e-02,-2.247700989246368408e-01,8.812679350376129150e-02,-4.056175649166107178e-01,-4.442568495869636536e-02,-9.940647333860397339e-02,-1.047944724559783936e-01,-1.660915464162826538e-01,-1.695753633975982666e-01,-1.679168939590454102e-01,-2.409733086824417114e-02,5.971507634967565536e-03,-1.213972270488739014e-01,-1.713011972606182098e-02,-3.627536818385124207e-02,-5.173430219292640686e-02,1.033200398087501526e-01,3.453530743718147278e-02,8.492333441972732544e-02,1.342414170503616333e-01,1.761835068464279175e-01,1.996644772589206696e-02,-7.109424471855163574e-02,2.168072946369647980e-02,1.947031468152999878e-01,2.591685764491558075e-02,-1.791773140430450439e-01,-1.452831923961639404e-01,3.631277009844779968e-02,1.616041064262390137e-01
