0.000000000000000000e+00,2.055116146802902222e-01,1.348702907562255859e-01,1.353350561112165451e-02,-1.312596797943115234e-01,-6.083379266783595085e-04,2.527836561203002930e-01,4.815140366554260254e-02,-5.838779732584953308e-02,-1.569716483354568481e-01,2.782189846038818359e-01,2.358428537845611572e-01,3.622951805591583252e-01,1.152613088488578796e-01,1.381064504384994507e-01,-3.464672714471817017e-02,1.401130855083465576e-01,-2.726826965808868408e-01,1.356603354215621948e-01,-8.540363982319831848e-03,-1.257837563753128052e-01,-2.555491030216217041e-02,-4.585767909884452820e-02,-3.005283139646053314e-02,-2.571352720260620117e-01,-2.197552472352981567e-01,-2.758959531784057617e-01,-1.484351307153701782e-01,5.245326831936836243e-02,-2.465656846761703491e-01,-9.744009375572204590e-02,-1.362168639898300171e-01,-1.931331902742385864e-01,-2.177406698465347290e-01,-2.131259292364120483e-01,-2.068599760532379150e-01,-1.419595927000045776e-01,-2.408596128225326538e-01,2.463539130985736847e-02,6.742417812347412109e-03,-5.604478344321250916e-02,-1.097072958946228027e-01,-3.500258922576904297e-02,4.627504944801330566e-02,-1.436341255903244019e-01,7.157416548579931259e-03,1.183249726891517639e-01,6.081617996096611023e-02,-2.203796505928039551e-01,-4.700034856796264648e-02,1.242093276232481003e-02,5.775536596775054932e-02,-9.247802942991256714e-02,-1.339724212884902954e-01,2.087282687425613403e-01,2.008219957351684570e-01,4.144683182239532471e-01,7.073454558849334717e-03,5.291467308998107910e-01,3.173670470714569092e-01,2.797273695468902588e-01,-8.869366347789764404e-02,3.093497157096862793e-01,1.235897839069366455e-02,-2.075829207897186279e-01,-4.612458944320678711e-01,-1.347772479057312012e-01,-1.163955591619014740e-02,1.904440969228744507e-01,5.236937850713729858e-02,1.469788998365402222e-01,1.803093254566192627e-01,2.275038659572601318e-01,5.183614790439605713e-02,2.152032777667045593e-02,1.234390363097190857e-01,-8.601799607276916504e-02,-1.807156354188919067e-01,-1.079741120338439941e-02,-5.797190964221954346e-02,-7.625392079353332520e-02,-1.283904910087585449e-01,-4.910314828157424927e-02,-2.977765202522277832e-01,1.257981956005096436e-01,7.116036117076873779e-02,-2.145397663116455078e-01,-1.924267709255218506e-01,1.299414336681365967e-01,1.258264929056167603e-01,-6.031185016036033630e-02,-1.045835763216018677e-01,-1.210677102208137512e-01,-2.576100230216979980e-01,3.645392507314682007e-02,-4.010369628667831421e-02,-6.697365641593933105e-02,-3.407658636569976807e-02,2.068396657705307007e-01,1.624132841825485229e-01,1.064902916550636292e-01,4.767460376024246216e-02,9.278044104576110840e-02,1.619846820831298828e-01,8.244730532169342041e-02,2.039597183465957642e-01,1.419723033905029297e-01,2.497308850288391113e-01,1.961210370063781738e-01,-5.625025928020477295e-02,-5.451749265193939209e-02,1.515080314129590988e-02,8.033848553895950317e-02,5.763074010610580444e-02,-4.255636036396026611e-02,1.012803241610527039e-01
2.055116146802902222e-01,0.000000000000000000e+00,-1.284397691488265991e-01,3.387771546840667725e-01,-4.748047292232513428e-01,5.127098876982927322e-03,-1.897583752870559692e-01,4.369782507419586182e-01,-4.328405559062957764e-01,-3.146721720695495605e-01,2.876237332820892334e-01,4.871226549148559570e-01,1.897950321435928345e-01,5.066568255424499512e-01,1.350209116935729980e-01,1.319357603788375854e-01,1.633380800485610962e-01,1.151617020368576050e-01,1.454723924398422241e-01,4.779758155345916748e-01,-1.862718164920806885e-01,-6.345994025468826294e-02,9.419609606266021729e-02,1.609154045581817627e-01,-3.428266346454620361e-01,1.821959763765335083e-02,-3.385197520256042480e-01,-2.635439634323120117e-01,3.223705291748046875e-01,1.276002377271652222e-01,1.951096355915069580e-01,2.707100510597229004e-01,2.330315262079238892e-01,2.671097815036773682e-01,-1.068559810519218445e-01,-7.843477278947830200e-02,-3.034993708133697510e-01,-2.948587015271186829e-02,-1.082593128085136414e-01,6.865059584379196167e-02,-1.599656343460083008e-01,-1.004105061292648315e-01,-8.351550251245498657e-02,-5.061843991279602051e-02,-2.484219521284103394e-01,1.215071827173233032e-01,5.624938011169433594e-02,6.280434131622314453e-02,-4.636067748069763184e-01,-1.405639350414276123e-01,-3.642370700836181641e-01,1.269833743572235107e-01,-3.430876135826110840e-01,-2.416085153818130493e-01,-7.917931675910949707e-02,3.022956252098083496e-01,2.444479614496231079e-01,6.972544193267822266e-01,2.944467663764953613e-01,3.818396627902984619e-01,-2.859717793762683868e-02,2.576083242893218994e-01,9.469445794820785522e-02,4.548216760158538818e-01,-3.188180625438690186e-01,-2.261835336685180664e-02,4.533228650689125061e-02,1.855023950338363647e-01,5.436134934425354004e-01,5.610539317131042480e-01,3.583002462983131409e-02,4.706307053565979004e-01,3.417288362979888916e-01,3.523514866828918457e-01,-1.535838376730680466e-02,1.215602383017539978e-01,2.108191400766372681e-01,3.806943297386169434e-01,-1.620888113975524902e-01,4.528349637985229492e-01,-3.178259730339050293e-01,3.449535071849822998e-01,-2.799908816814422607e-01,-1.991978734731674194e-01,-2.957701086997985840e-01,4.214201867580413818e-01,-2.414381653070449829e-01,-1.773873269557952881e-01,-1.856677681207656860e-01,4.298636019229888916e-01,-5.309108495712280273e-01,-2.601549923419952393e-01,-4.061644077301025391e-01,-8.035894483327865601e-02,-1.372051090002059937e-01,-1.309872418642044067e-01,-2.703980803489685059e-01,-2.241969257593154907e-01,-2.832477092742919922e-01,-4.221590235829353333e-02,-7.855024188756942749e-02,4.394452273845672607e-01,-9.029636532068252563e-02,2.763733565807342529e-01,4.461506754159927368e-02,3.363189399242401123e-01,-6.376090645790100098e-02,1.150856316089630127e-01,-1.907084509730339050e-02,-1.617785245180130005e-01,7.968929130584001541e-04,4.752768203616142273e-02,-1.438738554716110229e-01,1.169214472174644470e-01,4.695806652307510376e-02,6.179369986057281494e-02
1.348702907562255859e-01,-1.284397691488265991e-01,0.000000000000000000e+00,3.498662710189819336e-01,4.591283202171325684e-02,-4.307918995618820190e-02,6.386137604713439941e-01,1.296217436902225018e-03,4.627435654401779175e-02,-8.545174449682235718e-02,2.435176074504852295e-02,-4.349855184555053711e-01,1.001164019107818604e-01,-1.937832683324813843e-01,2.989615499973297119e-01,5.890662223100662231e-02,-3.366258367896080017e-02,-9.522402286529541016e-02,3.641872406005859375e-01,1.520521640777587891e-01,-3.031888743862509727e-03,2.018896788358688354e-01,5.429969429969787598e-01,5.593516230583190918e-01,-9.747311123646795750e-04,9.424660354852676392e-02,1.757163107395172119e-01,1.272073835134506226e-01,1.679712906479835510e-02,-1.466347128152847290e-01,2.314141839742660522e-01,2.392266541719436646e-01,8.257427811622619629e-02,-3.637348860502243042e-02,2.596359252929687500e-01,2.115249335765838623e-01,-2.715948410332202911e-02,8.313471451401710510e-03,2.881368994712829590e-01,9.355084598064422607e-02,-1.236325409263372421e-02,6.175856571644544601e-03,-5.073555279523134232e-03,1.323888357728719711e-02,-1.199804991483688354e-02,-2.529138922691345215e-01,-2.294568717479705811e-01,-2.352007329463958740e-01,-1.813496202230453491e-01,-2.959550917148590088e-01,-2.380411773920059204e-01,-4.025143384933471680e-01,-2.245183140039443970e-01,5.655767023563385010e-02,3.681582212448120117e-02,-4.522530362010002136e-02,1.898032426834106445e-01,-1.610458344221115112e-01,2.816564589738845825e-02,-3.555786311626434326e-01,-1.234784871339797974e-01,-3.992035090923309326e-01,1.010852232575416565e-01,-2.351132333278656006e-01,2.950376272201538086e-01,-2.139638811349868774e-01,4.452022612094879150e-01,1.073116138577461243e-01,-5.635786056518554688e-02,-1.288952380418777466e-01,2.540242671966552734e-01,7.983072847127914429e-02,-4.633231833577156067e-02,-1.004311963915824890e-01,1.060392037034034729e-01,-1.518070790916681290e-02,3.128644824028015137e-02,-1.941428482532501221e-01,-1.427935510873794556e-01,-1.082208454608917236e-01,-1.704536080360412598e-01,-1.299341917037963867e-01,1.498383730649948120e-01,7.693612575531005859e-02,2.132704257965087891e-01,-2.311344295740127563e-01,2.246481031179428101e-01,2.319914549589157104e-01,6.082648783922195435e-02,-2.043492048978805542e-01,1.573813110589981079e-01,2.916874289512634277e-01,-8.894142508506774902e-02,2.329453639686107635e-02,1.012628674507141113e-01,3.175536394119262695e-01,6.849563866853713989e-02,-7.380079478025436401e-02,-1.390735805034637451e-02,1.966699063777923584e-01,6.226091086864471436e-02,-8.260756731033325195e-02,1.750040054321289062e-01,-4.721655324101448059e-02,2.586870789527893066e-01,2.419128715991973877e-01,2.246291041374206543e-01,2.040050178766250610e-01,3.725811839103698730e-02,-2.284055203199386597e-01,-2.265268415212631226e-01,-1.019433811306953430e-01,5.100021138787269592e-02,-6.269509438425302505e-03,3.451839089393615723e-02,7.007070630788803101e-02
1.353350561112165451e-02,3.387771546840667725e-01,3.498662710189819336e-01,0.000000000000000000e+00,-3.598903417587280273e-01,6.849989295005798340e-02,2.505975663661956787e-01,5.295521020889282227e-01,-3.610757291316986084e-01,-1.841270476579666138e-01,1.015700846910476685e-01,7.422337681055068970e-02,4.079657420516014099e-02,2.205719500780105591e-01,1.205797642469406128e-01,1.713761240243911743e-01,1.061732918024063110e-01,-9.090866893529891968e-02,2.224538624286651611e-01,4.007959961891174316e-01,-1.872059702873229980e-01,8.239386975765228271e-02,4.281446337699890137e-01,6.082067489624023438e-01,-2.859546840190887451e-01,-9.279393590986728668e-03,-1.747043728828430176e-01,6.123467348515987396e-03,2.347002476453781128e-01,1.057472750544548035e-01,2.283345311880111694e-01,3.528920114040374756e-01,1.817179620265960693e-01,2.583094239234924316e-01,1.616047620773315430e-01,1.746658831834793091e-01,-1.222412213683128357e-01,1.102037206292152405e-01,5.229663476347923279e-02,1.778570264577865601e-01,-6.331729143857955933e-02,7.818188518285751343e-02,-1.265009939670562744e-01,-1.291802972555160522e-01,-2.263122498989105225e-01,-1.129967197775840759e-01,-1.340851336717605591e-01,-1.311834752559661865e-01,-4.520505964756011963e-01,-3.806914687156677246e-01,-4.577438831329345703e-01,-1.946510672569274902e-01,-4.322620332241058350e-01,-1.549732536077499390e-01,-1.539772897958755493e-01,1.397022008895874023e-01,8.221664279699325562e-02,3.464815020561218262e-01,1.224762871861457825e-01,1.229363679885864258e-01,-7.671337574720382690e-02,2.565559744834899902e-01,5.166249349713325500e-02,2.377346158027648926e-01,4.660638421773910522e-02,1.099353954195976257e-01,3.026889264583587646e-01,2.973329126834869385e-01,2.868213355541229248e-01,1.955420374870300293e-01,1.569641977548599243e-01,3.824681639671325684e-01,5.690289288759231567e-02,1.115070134401321411e-01,-7.706686854362487793e-02,4.975350201129913330e-02,1.155421510338783264e-01,2.835778295993804932e-01,-6.384120881557464600e-02,2.388295680284500122e-01,-2.130155265331268311e-01,2.094108015298843384e-01,-1.854843795299530029e-01,-9.856233745813369751e-02,-1.067520007491111755e-01,2.325566262006759644e-01,2.556055085733532906e-03,-8.005331270396709442e-03,-1.539830416440963745e-01,2.262712866067886353e-01,-2.537897825241088867e-01,6.679126620292663574e-02,-2.430994212627410889e-01,-2.199129760265350342e-02,1.316423155367374420e-02,2.765287272632122040e-02,-3.237513825297355652e-02,-2.415484003722667694e-02,-2.142726182937622070e-01,8.204557746648788452e-02,7.966800779104232788e-02,3.205164372920989990e-01,1.068777069449424744e-01,2.749311327934265137e-01,4.443233460187911987e-02,3.238320350646972656e-01,4.006851837038993835e-02,1.859804987907409668e-01,6.388344615697860718e-02,-4.478058591485023499e-02,-6.995261460542678833e-02,5.774127319455146790e-02,1.062063220888376236e-02,4.690494015812873840e-02,8.645443618297576904e-02,4.930711537599563599e-02
-1.312596797943115234e-01,-4.748047292232513428e-01,4.591283202171325684e-02,-3.598903417587280273e-01,0.000000000000000000e+00,1.837372630834579468e-01,-6.943709403276443481e-02,-2.798741161823272705e-01,7.590137720108032227e-01,6.659636497497558594e-01,-5.592622756958007812e-01,-3.280938267707824707e-01,-4.924386739730834961e-01,-6.018883585929870605e-01,-2.985462248325347900e-01,-1.029470469802618027e-02,-1.836434006690979004e-01,-6.415705382823944092e-02,1.650171279907226562e-01,-2.093815952539443970e-01,1.364574879407882690e-01,7.682900875806808472e-02,-2.971844971179962158e-01,-2.782301306724548340e-01,6.920613050460815430e-01,3.594239354133605957e-01,4.791711866855621338e-01,3.094190359115600586e-01,-6.035449504852294922e-01,-2.294522076845169067e-01,-2.800695002079010010e-01,-4.129378199577331543e-01,-2.332539856433868408e-01,-2.984503805637359619e-01,-1.063856258988380432e-01,-4.243236780166625977e-02,2.798905074596405029e-01,4.115169495344161987e-02,2.199541181325912476e-01,-4.919762257486581802e-03,6.891944259405136108e-02,6.225345283746719360e-02,2.233927079942077398e-04,7.992894947528839111e-02,1.575162559747695923e-01,-1.753632128238677979e-01,-2.115086168050765991e-01,-1.480830162763595581e-01,3.522566854953765869e-01,1.088363379240036011e-01,2.400118410587310791e-01,-9.348903596401214600e-02,2.696396410465240479e-01,6.010393798351287842e-02,1.128372177481651306e-01,-1.998281478881835938e-01,-2.661587595939636230e-01,-5.247628688812255859e-01,-3.664500415325164795e-01,-3.014906048774719238e-01,-2.652578055858612061e-01,-2.916000187397003174e-01,-2.215289771556854248e-01,-4.359339773654937744e-01,6.924987584352493286e-02,1.896831579506397247e-02,-8.999635279178619385e-02,-8.751993626356124878e-02,-3.328793644905090332e-01,-2.582412362098693848e-01,4.983430728316307068e-02,-4.581620693206787109e-01,-2.080718576908111572e-01,-2.197382301092147827e-01,-6.435661017894744873e-02,-1.918005496263504028e-01,-1.331620067358016968e-01,-2.399718314409255981e-01,-6.045976188033819199e-03,-3.973098397254943848e-01,5.154165904968976974e-03,-2.573869824409484863e-01,1.703948229551315308e-01,9.155578166246414185e-02,2.208853960037231445e-01,-3.430871963500976562e-01,1.858369261026382446e-01,5.577400699257850647e-02,-2.190462080761790276e-03,-4.160419404506683350e-01,4.216827452182769775e-01,1.860665529966354370e-01,3.351566791534423828e-01,-4.698681179434061050e-03,9.873806685209274292e-02,1.971104443073272705e-01,1.485151648521423340e-01,1.387450844049453735e-01,1.866561621427536011e-01,3.542779013514518738e-02,6.136432755738496780e-03,-3.645429313182830811e-01,7.438477873802185059e-02,-1.492677927017211914e-01,1.175201013684272766e-01,-1.689920425415039062e-01,2.456385344266891479e-01,8.842660486698150635e-02,2.972825430333614349e-02,3.687934018671512604e-03,-1.897325068712234497e-01,-1.655872166156768799e-01,6.644236296415328979e-02,-8.155439794063568115e-02,-1.246556565165519714e-01,-3.618440404534339905e-02
-6.083379266783595085e-04,5.127098876982927322e-03,-4.307918995618820190e-02,6.849989295005798340e-02,1.837372630834579468e-01,0.000000000000000000e+00,-5.236148461699485779e-02,-3.334340453147888184e-02,1.944836378097534180e-01,2.210913598537445068e-01,-1.764396727085113525e-01,5.134313553571701050e-02,-2.105336487293243408e-01,-8.213009685277938843e-02,-4.906985536217689514e-02,3.016704916954040527e-01,-2.898725569248199463e-01,-1.737138479948043823e-01,8.624613285064697266e-02,4.501212388277053833e-02,-1.598742753267288208e-01,-3.635971620678901672e-02,-1.108101457357406616e-01,-8.832962252199649811e-03,3.889795765280723572e-02,9.332010149955749512e-02,1.154048889875411987e-01,3.620792031288146973e-01,-1.491032540798187256e-01,-1.039034798741340637e-01,-7.953664660453796387e-02,1.362593844532966614e-02,1.740207523107528687e-02,-3.369006514549255371e-02,-3.641678486019372940e-03,-6.091217976063489914e-03,-1.643977463245391846e-01,1.462092250585556030e-02,-8.144877105951309204e-02,1.673872470855712891e-01,4.958258476108312607e-03,-3.952488675713539124e-02,-1.228797659277915955e-01,-1.759702861309051514e-01,-2.883366644382476807e-01,-1.194434836506843567e-01,-1.497620493173599243e-01,-1.652779579162597656e-01,-1.625068634748458862e-01,-2.906246781349182129e-01,-9.873503446578979492e-02,-2.489141225814819336e-01,-1.536106020212173462e-01,-3.263724744319915771e-01,-2.782144211232662201e-02,7.032971829175949097e-02,-1.188268363475799561e-01,-6.489790976047515869e-02,-1.010966021567583084e-02,-2.478363737463951111e-02,2.757282741367816925e-02,7.880835980176925659e-02,-2.615870535373687744e-01,-1.575515270233154297e-01,-1.721511222422122955e-02,-8.104440756142139435e-03,2.035299874842166901e-02,8.765012770891189575e-02,-7.271848618984222412e-02,3.376220539212226868e-02,-3.083120845258235931e-02,-1.343004312366247177e-02,1.229055225849151611e-01,-9.143421053886413574e-02,-5.323998257517814636e-02,-1.661440879106521606e-01,1.263204682618379593e-02,3.222361207008361816e-02,2.109922841191291809e-02,1.204788461327552795e-01,-1.286674290895462036e-02,1.833924278616905212e-02,-9.092859923839569092e-02,1.764815300703048706e-02,1.071766167879104614e-01,-1.239969162270426750e-03,2.299655526876449585e-01,-2.243697643280029297e-01,2.551773563027381897e-02,-4.628021270036697388e-02,-1.600196659564971924e-01,-1.709565669298171997e-01,-8.738794922828674316e-02,-9.560026228427886963e-02,1.259753108024597168e-02,-3.708183765411376953e-02,-1.241201683878898621e-01,4.930958151817321777e-02,-9.033402055501937866e-02,-4.773756116628646851e-02,1.436554938554763794e-01,2.178887873888015747e-01,1.587272435426712036e-01,2.048118710517883301e-01,-4.826505482196807861e-02,2.085930667817592621e-02,-3.942330181598663330e-02,-1.703967154026031494e-02,-4.508645087480545044e-02,-4.500878974795341492e-02,-1.004986539483070374e-01,1.618631631135940552e-01,-2.496114000678062439e-02,-5.658815056085586548e-02,3.827178850769996643e-02,-5.073295161128044128e-02
2.527836561203002930e-01,-1.897583752870559692e-01,6.386137604713439941e-01,2.505975663661956787e-01,-6.943709403276443481e-02,-5.236148461699485779e-02,0.000000000000000000e+00,-8.438634872436523438e-02,-8.655687421560287476e-02,-2.138998210430145264e-01,1.998452395200729370e-01,-3.881906867027282715e-01,2.960348427295684814e-01,-8.583550900220870972e-02,2.778539061546325684e-01,-6.532472372055053711e-02,-7.206875085830688477e-02,-1.867233067750930786e-01,2.411715388298034668e-01,-1.939535513520240784e-02,4.681229963898658752e-02,1.691065728664398193e-01,4.960537254810333252e-01,3.859899342060089111e-01,-9.943427890539169312e-02,-6.282731890678405762e-02,8.587705343961715698e-02,1.221424415707588196e-01,7.965199649333953857e-02,-1.664768457412719727e-01,2.914409339427947998e-01,2.095531374216079712e-01,3.712516650557518005e-02,-8.384589105844497681e-02,2.465742379426956177e-01,1.421343684196472168e-01,-8.825467526912689209e-02,-1.221800595521926880e-01,1.507102996110916138e-01,2.509299106895923615e-02,-1.407359167933464050e-02,-1.265793386846780777e-02,5.605419725179672241e-02,3.406556323170661926e-02,3.934759274125099182e-02,-1.888191252946853638e-01,-1.790870428085327148e-01,-1.691993474960327148e-01,-9.063893556594848633e-02,-2.073971033096313477e-01,-7.414619624614715576e-02,-2.951528728008270264e-01,-1.221037134528160095e-01,1.140457466244697571e-01,-3.162031248211860657e-02,-1.341373175382614136e-01,2.547453939914703369e-01,-2.303791493177413940e-01,9.228663891553878784e-02,-3.493723869323730469e-01,6.556209176778793335e-02,-3.873673379421234131e-01,5.891579389572143555e-02,-3.097448945045471191e-01,2.729905843734741211e-01,-2.401800453662872314e-01,3.498316109180450439e-01,-9.333357214927673340e-03,-6.003200635313987732e-02,-2.330409884452819824e-01,1.670950502157211304e-01,-1.775784604251384735e-02,-1.545319333672523499e-02,-2.125106155872344971e-01,5.547602102160453796e-02,1.013046354055404663e-01,-3.644930198788642883e-02,-2.778933346271514893e-01,-9.547795355319976807e-02,-1.723354756832122803e-01,-7.891471683979034424e-02,-2.058634907007217407e-01,1.648760139942169189e-01,7.574149221181869507e-02,1.779488176107406616e-01,-3.018561303615570068e-01,1.385954022407531738e-01,1.865186393260955811e-01,2.011318206787109375e-01,-1.765597015619277954e-01,1.819847524166107178e-01,2.668265998363494873e-01,5.209062620997428894e-02,1.354693323373794556e-01,4.111684113740921021e-02,1.791943758726119995e-01,3.908003494143486023e-02,-8.847545832395553589e-02,-4.681549593806266785e-02,1.081544458866119385e-01,8.273580670356750488e-02,-8.014175295829772949e-02,9.791670739650726318e-02,-1.266545504331588745e-01,1.196556538343429565e-01,8.469225466251373291e-02,9.270311146974563599e-02,7.807855308055877686e-02,9.354010224342346191e-03,-1.257380694150924683e-01,-9.364378452301025391e-02,-7.299925386905670166e-02,6.399512756615877151e-03,-2.446189709007740021e-02,3.892954066395759583e-02,6.721867620944976807e-02
4.815140366554260254e-02,4.369782507419586182e-01,1.296217436902225018e-03,5.295521020889282227e-01,-2.798741161823272705e-01,-3.334340453147888184e-02,-8.438634872436523438e-02,0.000000000000000000e+00,-2.264523357152938843e-01,-5.916649941354990005e-03,-7.169096730649471283e-03,3.768653273582458496e-01,-7.863499224185943604e-02,2.797479331493377686e-01,-5.871868133544921875e-02,1.430207639932632446e-01,1.121180355548858643e-01,-1.179953943938016891e-02,7.109391689300537109e-02,3.236441910266876221e-01,-1.790714412927627563e-01,-3.656759858131408691e-02,5.232233926653862000e-02,2.611038982868194580e-01,-2.280222177505493164e-01,-4.000712186098098755e-03,-2.401484549045562744e-01,-1.820675134658813477e-01,8.159851282835006714e-02,1.307998299598693848e-01,-2.530494332313537598e-02,1.094629168510437012e-01,1.177527084946632385e-01,2.583802044391632080e-01,-1.442160010337829590e-01,-1.096016690135002136e-01,-1.302651166915893555e-01,5.884765088558197021e-02,-1.732786744832992554e-02,9.592130780220031738e-02,-7.934264093637466431e-02,4.201486241072416306e-03,-2.254293560981750488e-01,-1.022884175181388855e-01,-2.651792168617248535e-01,-3.369212150573730469e-02,-9.480234980583190918e-02,-1.247589103877544403e-02,-3.146415352821350098e-01,-1.661306470632553101e-01,-3.234940171241760254e-01,2.297138236463069916e-02,-2.386133223772048950e-01,-1.880803108215332031e-01,-8.007818460464477539e-02,2.097314894199371338e-01,-1.096426248550415039e-01,4.086394906044006348e-01,6.465004384517669678e-02,3.766672909259796143e-01,-4.503859207034111023e-02,4.642634987831115723e-01,8.670235425233840942e-02,4.280092716217041016e-01,-3.052387237548828125e-01,1.045064926147460938e-01,-1.482887268066406250e-01,1.621584892272949219e-01,2.723760306835174561e-01,2.258863747119903564e-01,9.464671462774276733e-02,3.089231550693511963e-01,1.705765537917613983e-02,2.255813926458358765e-01,-2.148011624813079834e-01,-1.090570352971553802e-02,-3.128949785605072975e-03,2.246647179126739502e-01,-2.059041894972324371e-02,2.570287287235260010e-01,-1.546957641839981079e-01,2.167463451623916626e-01,-2.337668985128402710e-01,-1.277254223823547363e-01,-3.006654679775238037e-01,3.399252891540527344e-01,-1.215824112296104431e-01,-5.701065063476562500e-02,-2.462047785520553589e-01,3.743121623992919922e-01,-2.629612088203430176e-01,-6.718141585588455200e-02,-1.568418443202972412e-01,-1.274176388978958130e-01,-6.486818194389343262e-02,-7.341120392084121704e-02,-8.165525645017623901e-02,2.297825738787651062e-02,-9.493854641914367676e-02,1.368538588285446167e-01,4.532537609338760376e-02,2.815928459167480469e-01,6.194784492254257202e-02,3.319517970085144043e-01,6.786334514617919922e-02,2.699467539787292480e-01,3.020639717578887939e-02,2.324363291263580322e-01,8.950990438461303711e-02,-4.466536920517683029e-03,-5.322444066405296326e-02,8.558577299118041992e-02,-1.188497338443994522e-02,2.801700308918952942e-02,-1.598201692104339600e-02,5.625606700778007507e-02
-5.838779732584953308e-02,-4.328405559062957764e-01,4.627435654401779175e-02,-3.610757291316986084e-01,7.590137720108032227e-01,1.944836378097534180e-01,-8.655687421560287476e-02,-2.264523357152938843e-01,0.000000000000000000e+00,6.314460039138793945e-01,-4.885144233703613281e-01,-2.780443429946899414e-01,-4.139273464679718018e-01,-5.801723003387451172e-01,-2.607240676879882812e-01,-9.766892530024051666e-03,-1.697496920824050903e-01,-1.111884117126464844e-01,1.543451547622680664e-01,-2.123152911663055420e-01,7.075484097003936768e-02,5.005183070898056030e-02,-2.623185217380523682e-01,-2.349346727132797241e-01,6.407704353332519531e-01,3.687951266765594482e-01,4.068699777126312256e-01,2.596075534820556641e-01,-5.427753329277038574e-01,-2.853254079818725586e-01,-2.536015510559082031e-01,-3.802339732646942139e-01,-1.781534850597381592e-01,-2.563898563385009766e-01,-1.636158674955368042e-01,-1.128622218966484070e-01,2.162587940692901611e-01,-8.561400696635246277e-03,1.714240163564682007e-01,-3.287263587117195129e-02,4.745633155107498169e-02,8.045748807489871979e-03,-3.429086878895759583e-02,5.121679231524467468e-02,8.948553353548049927e-02,-1.620223373174667358e-01,-1.889312863349914551e-01,-1.737136244773864746e-01,2.896988093852996826e-01,6.669670343399047852e-02,2.002955377101898193e-01,-1.208523660898208618e-01,2.255376130342483521e-01,2.639270573854446411e-02,9.585250169038772583e-02,-1.867499947547912598e-01,-2.080068439245223999e-01,-4.862932860851287842e-01,-2.973939180374145508e-01,-2.146208137273788452e-01,-1.850397884845733643e-01,-2.364238053560256958e-01,-1.249503716826438904e-01,-3.961189389228820801e-01,1.065578982234001160e-01,1.574859768152236938e-02,-1.177233457565307617e-01,-1.102608069777488708e-01,-3.194033801555633545e-01,-2.533831000328063965e-01,8.128937333822250366e-02,-3.523654937744140625e-01,-1.795227080583572388e-01,-1.874251514673233032e-01,-6.270840018987655640e-02,-1.656744480133056641e-01,-1.424153447151184082e-01,-2.744151055812835693e-01,-3.707557171583175659e-02,-3.530085086822509766e-01,-1.169088389724493027e-02,-2.877294421195983887e-01,9.543441236019134521e-02,-4.355448298156261444e-03,2.380833625793457031e-01,-2.928245663642883301e-01,1.027579605579376221e-01,-3.595252754166722298e-03,-1.228434219956398010e-02,-3.611210882663726807e-01,3.637179136276245117e-01,1.522645056247711182e-01,2.364893406629562378e-01,-9.025920182466506958e-02,7.482495158910751343e-02,1.361717432737350464e-01,6.929124891757965088e-02,8.023939281702041626e-02,1.769109964370727539e-01,6.475009769201278687e-02,2.747699990868568420e-02,-3.350487947463989258e-01,6.070484966039657593e-02,-8.825752139091491699e-02,4.972019791603088379e-02,-1.581826061010360718e-01,2.571597099304199219e-01,1.381839960813522339e-01,4.186408221721649170e-02,-5.509891360998153687e-02,-2.217124402523040771e-01,-1.525416672229766846e-01,-1.825658691814169288e-04,-8.239122480154037476e-02,-1.769313961267471313e-01,-7.601291686296463013e-02
-1.569716483354568481e-01,-3.146721720695495605e-01,-8.545174449682235718e-02,-1.841270476579666138e-01,6.659636497497558594e-01,2.210913598537445068e-01,-2.138998210430145264e-01,-5.916649941354990005e-03,6.314460039138793945e-01,0.000000000000000000e+00,-5.453349947929382324e-01,-8.730520308017730713e-02,-4.953137934207916260e-01,-4.794625043869018555e-01,-2.995108664035797119e-01,2.121255397796630859e-01,-1.087298020720481873e-01,-1.735455691814422607e-01,8.344509452581405640e-02,-1.518173217773437500e-01,1.262556463479995728e-01,1.131616011261940002e-01,-3.452663123607635498e-01,-2.015885114669799805e-01,5.892099738121032715e-01,3.393709957599639893e-01,3.767752647399902344e-01,3.172103464603424072e-01,-5.327818989753723145e-01,-1.899529695510864258e-01,-3.038912415504455566e-01,-3.728944659233093262e-01,-1.429898589849472046e-01,-1.146670132875442505e-01,-1.715149432420730591e-01,-1.654399782419204712e-01,2.373590618371963501e-01,9.287949651479721069e-02,1.631149798631668091e-01,5.030359327793121338e-02,2.274571545422077179e-02,7.073978334665298462e-02,-1.665988117456436157e-01,-7.214281708002090454e-02,8.071734756231307983e-02,-2.465681582689285278e-01,-2.812516987323760986e-01,-2.424915730953216553e-01,2.185440212488174438e-01,7.714016828685998917e-03,1.267756223678588867e-01,-6.232362613081932068e-02,1.515568941831588745e-01,-1.100951358675956726e-01,-3.518579155206680298e-02,-1.831819117069244385e-01,-3.314765691757202148e-01,-3.281987309455871582e-01,-3.127334117889404297e-01,-6.983000785112380981e-02,-1.848128736019134521e-01,4.654660075902938843e-02,-1.685989350080490112e-01,-2.366512715816497803e-01,3.837694879621267319e-03,1.570777446031570435e-01,-1.558542400598526001e-01,-1.053466871380805969e-01,-1.923995167016983032e-01,-1.223503649234771729e-01,1.074032410979270935e-01,-2.647035419940948486e-01,-1.967715322971343994e-01,-1.245816648006439209e-01,-1.142358407378196716e-01,-2.085509896278381348e-01,-1.260988563299179077e-01,-7.218070328235626221e-02,-4.095540940761566162e-02,-2.405914813280105591e-01,-5.299471691250801086e-02,-9.025919437408447266e-02,-1.063859555870294571e-02,-7.368925958871841431e-02,1.899992525577545166e-01,-6.833835691213607788e-02,1.019660159945487976e-01,-1.056236699223518372e-01,-9.801059961318969727e-02,-2.187623977661132812e-01,1.997721642255783081e-01,1.026670262217521667e-01,2.121807187795639038e-01,-5.503875017166137695e-02,-3.057620255276560783e-03,7.572765648365020752e-02,5.570326745510101318e-02,1.469042301177978516e-01,8.331403881311416626e-02,4.599831253290176392e-02,-2.228805795311927795e-02,-2.197042107582092285e-01,1.246457546949386597e-02,5.717112869024276733e-02,2.644727192819118500e-02,-1.072921454906463623e-01,2.140474170446395874e-01,1.344615221023559570e-01,6.470383703708648682e-02,-4.507503937929868698e-03,-1.627670973539352417e-01,-1.860918551683425903e-01,2.091786637902259827e-02,-1.014934927225112915e-01,-1.607411950826644897e-01,-6.466191262006759644e-02
2.782189846038818359e-01,2.876237332820892334e-01,2.435176074504852295e-02,1.015700846910476685e-01,-5.592622756958007812e-01,-1.764396727085113525e-01,1.998452395200729370e-01,-7.169096730649471283e-03,-4.885144233703613281e-01,-5.453349947929382324e-01,0.000000000000000000e+00,1.183658763766288757e-01,7.316449284553527832e-01,5.073937177658081055e-01,4.388911724090576172e-01,6.728421896696090698e-02,2.720391750335693359e-01,3.950926661491394043e-02,4.041255638003349304e-02,1.029266640543937683e-01,-1.279311925172805786e-01,-3.672659397125244141e-02,2.873924970626831055e-01,8.721157908439636230e-02,-5.117863416671752930e-01,-3.129335939884185791e-01,-3.101877868175506592e-01,-2.737427949905395508e-01,6.007066965103149414e-01,5.645822733640670776e-02,2.216155529022216797e-01,2.678244411945343018e-01,2.477778643369674683e-01,1.680237650871276855e-01,8.857947587966918945e-02,-1.136503964662551880e-01,-3.023862540721893311e-01,-2.317363917827606201e-01,-3.176586329936981201e-01,-9.888279438018798828e-02,-1.026814877986907959e-01,-2.265842556953430176e-01,2.720007672905921936e-03,-1.352090947329998016e-02,-1.229422092437744141e-01,2.202613838016986847e-02,2.137685269117355347e-01,1.856812238693237305e-01,-1.791304945945739746e-01,-6.629221141338348389e-02,-1.900026053190231323e-01,5.474587529897689819e-02,-2.575042247772216797e-01,1.402459293603897095e-01,-2.770108282566070557e-01,2.884108200669288635e-02,4.405093193054199219e-01,2.832463979721069336e-01,3.607793450355529785e-01,5.960356071591377258e-02,3.555792570114135742e-01,1.549853943288326263e-02,3.763715028762817383e-01,3.176057934761047363e-01,-2.787828259170055389e-02,-1.666855067014694214e-01,3.354855999350547791e-02,-1.768239438533782959e-01,2.302625179290771484e-01,4.374429211020469666e-02,-9.962435066699981689e-02,3.125602006912231445e-01,3.152227699756622314e-01,4.700905457139015198e-02,2.112152129411697388e-01,1.314370036125183105e-01,-1.864184858277440071e-03,-1.373250875622034073e-02,-3.839020384475588799e-03,3.296343982219696045e-01,5.512777715921401978e-03,1.623243540525436401e-01,-9.907294297590851784e-04,-6.624996662139892578e-02,-1.786264479160308838e-01,1.936592310667037964e-01,-2.253493219614028931e-01,-3.262212127447128296e-02,-4.844605922698974609e-02,2.967178523540496826e-01,-3.386201560497283936e-01,-7.516798377037048340e-02,-2.657095491886138916e-01,2.133585512638092041e-01,-1.800833642482757568e-01,-2.663300335407257080e-01,-1.794594675302505493e-01,-2.577708363533020020e-01,-1.026811152696609497e-01,-3.293268010020256042e-02,-1.192429140210151672e-01,2.123652547597885132e-01,-2.384243905544281006e-01,-3.796759620308876038e-02,-1.032420992851257324e-01,9.755639731884002686e-02,-3.251654207706451416e-01,-2.091385573148727417e-01,-1.545308679342269897e-01,-3.978905081748962402e-02,2.378127723932266235e-01,1.689254343509674072e-01,-1.125869229435920715e-01,3.740740567445755005e-02,1.700446307659149170e-01,9.696562588214874268e-02
2.358428537845611572e-01,4.871226549148559570e-01,-4.349855184555053711e-01,7.422337681055068970e-02,-3.280938267707824707e-01,5.134313553571701050e-02,-3.881906867027282715e-01,3.768653273582458496e-01,-2.780443429946899414e-01,-8.730520308017730713e-02,1.183658763766288757e-01,0.000000000000000000e+00,8.895067125558853149e-02,4.980130493640899658e-01,2.430914342403411865e-02,6.554179638624191284e-02,1.208627074956893921e-01,1.630193000892177224e-04,-2.243428528308868408e-01,5.951206386089324951e-02,-1.163966134190559387e-01,-2.770077288150787354e-01,-3.274025917053222656e-01,-1.604035496711730957e-01,-3.252770304679870605e-01,-1.964804977178573608e-01,-3.764556050300598145e-01,-2.715379297733306885e-01,1.444214731454849243e-01,1.381992362439632416e-02,-2.372047454118728638e-01,-1.091701313853263855e-01,-1.400073915719985962e-01,1.057154778391122818e-02,-2.919355034828186035e-01,-2.097322642803192139e-01,-1.230963543057441711e-01,5.552769079804420471e-02,-1.695665270090103149e-01,4.233603179454803467e-02,-1.137866452336311340e-01,-1.476504951715469360e-01,-3.635435923933982849e-02,-4.900772497057914734e-02,-1.891985237598419189e-01,2.513288259506225586e-01,2.130706012248992920e-01,1.983522772789001465e-01,-2.412075251340866089e-01,8.795717358589172363e-02,1.003346871584653854e-02,3.832135796546936035e-01,-5.800082162022590637e-02,-2.624135315418243408e-01,1.403210610151290894e-01,3.912299871444702148e-01,-6.257389485836029053e-02,4.342757165431976318e-01,3.246955871582031250e-01,6.186116933822631836e-01,2.749345600605010986e-01,4.988217055797576904e-01,1.351092569530010223e-02,3.658737242221832275e-01,-3.898103833198547363e-01,-3.761420026421546936e-03,-2.888565361499786377e-01,9.650976955890655518e-02,2.102009803056716919e-01,3.393433392047882080e-01,-1.085319295525550842e-01,3.081945478916168213e-01,1.376702338457107544e-01,2.628067433834075928e-01,-2.068707793951034546e-01,-1.190452557057142258e-02,2.633975818753242493e-02,2.481724172830581665e-01,-7.174038141965866089e-02,2.352908253669738770e-01,-1.033229976892471313e-01,1.975109875202178955e-01,-2.717233002185821533e-01,-2.231349050998687744e-01,-2.279890477657318115e-01,4.430800676345825195e-01,-2.400982826948165894e-01,-2.678720653057098389e-01,-6.514929980039596558e-02,4.425356686115264893e-01,-3.655634224414825439e-01,-3.797653019428253174e-01,-2.337720543146133423e-01,-2.279332727193832397e-01,-1.065106764435768127e-01,-2.077806293964385986e-01,-1.262107044458389282e-01,-1.129111088812351227e-02,-7.100239396095275879e-02,-1.885440200567245483e-02,3.574981167912483215e-02,3.241230249404907227e-01,-4.431809857487678528e-02,3.283410072326660156e-01,-9.649191796779632568e-02,8.494129776954650879e-02,-5.189345404505729675e-02,3.676393534988164902e-03,7.713861018419265747e-02,7.564201205968856812e-02,9.810064733028411865e-02,9.044546633958816528e-02,-9.087149053812026978e-02,7.079035788774490356e-02,-7.818315178155899048e-02,-4.980261623859405518e-02
3.622951805591583252e-01,1.897950321435928345e-01,1.001164019107818604e-01,4.079657420516014099e-02,-4.924386739730834961e-01,-2.105336487293243408e-01,2.960348427295684814e-01,-7.863499224185943604e-02,-4.139273464679718018e-01,-4.953137934207916260e-01,7.316449284553527832e-01,8.895067125558853149e-02,0.000000000000000000e+00,4.671776294708251953e-01,4.810029864311218262e-01,2.311765588819980621e-02,2.280221134424209595e-01,-3.615986555814743042e-02,-6.928508169949054718e-03,-6.800321396440267563e-03,-1.039018407464027405e-01,2.437606826424598694e-02,3.227059245109558105e-01,1.055925562977790833e-01,-4.368948936462402344e-01,-3.546452820301055908e-01,-2.706607282161712646e-01,-2.342238426208496094e-01,5.179151296615600586e-01,-5.410508438944816589e-02,1.917799115180969238e-01,2.135253101587295532e-01,1.952370256185531616e-01,8.441347628831863403e-02,1.060315743088722229e-01,-1.520888358354568481e-01,-2.672423422336578369e-01,-2.665144205093383789e-01,-2.053761035203933716e-01,-9.502958506345748901e-02,-9.549814462661743164e-02,-2.304270863533020020e-01,-2.188295684754848480e-02,-6.186746060848236084e-02,-1.039616540074348450e-01,-2.918441966176033020e-02,1.656744480133056641e-01,1.075734943151473999e-01,-2.062741816043853760e-01,-7.937654852867126465e-02,-1.473393291234970093e-01,6.739212572574615479e-02,-1.928919404745101929e-01,1.186815425753593445e-01,-1.813578456640243530e-01,1.070409268140792847e-02,4.195341467857360840e-01,1.754674017429351807e-01,3.779496848583221436e-01,2.271537482738494873e-02,3.956922888755798340e-01,-2.694410458207130432e-02,3.577823638916015625e-01,2.162556201219558716e-01,7.461839914321899414e-02,-1.751998215913772583e-01,2.492782846093177795e-02,-2.030949294567108154e-01,1.907071024179458618e-01,9.371804073452949524e-03,1.907119527459144592e-02,2.617927491664886475e-01,2.560929059982299805e-01,-1.665228977799415588e-02,1.988591253757476807e-01,1.527156233787536621e-01,-4.753031954169273376e-02,-1.385376602411270142e-01,3.660060465335845947e-02,2.363687008619308472e-01,3.489466756582260132e-02,1.150655746459960938e-01,-5.737539380788803101e-03,-9.868317842483520508e-02,-7.863343507051467896e-02,1.433733850717544556e-01,-2.276387512683868408e-01,1.502438914030790329e-02,7.917717099189758301e-02,2.689295709133148193e-01,-2.586059570312500000e-01,-3.645755723118782043e-02,-2.322411835193634033e-01,1.663492619991302490e-01,-1.350161731243133545e-01,-2.189835608005523682e-01,-1.327899098396301270e-01,-2.141995877027511597e-01,-1.256538182497024536e-01,-3.292111307382583618e-02,-1.037030890583992004e-01,1.258417963981628418e-01,-2.611700594425201416e-01,-8.554982393980026245e-02,-1.216148510575294495e-01,2.263230830430984497e-02,-2.834372818470001221e-01,-1.376968771219253540e-01,-8.609985560178756714e-02,-2.594692073762416840e-02,2.022513896226882935e-01,5.856007710099220276e-02,-1.109899356961250305e-01,1.692340709269046783e-02,1.358802616596221924e-01,7.806628942489624023e-02
