0.000000000000000000e+00,4.592316448688507080e-01,-1.256728917360305786e-01,-4.539181292057037354e-02,-4.516519606113433838e-02,7.585248351097106934e-02,-1.853127591311931610e-02,-4.266890510916709900e-02,-1.193183586001396179e-01,1.186372265219688416e-01,2.317995876073837280e-01,2.096641063690185547e-01,1.502653509378433228e-01,1.378492116928100586e-01,-1.879337280988693237e-01,-1.232143417000770569e-01,1.635797917842864990e-01,1.710668206214904785e-01,9.527421742677688599e-02,3.500282168388366699e-01,-3.545716106891632080e-01,-2.093970924615859985e-01,-2.481335550546646118e-01,-3.567411005496978760e-01,-3.423270285129547119e-01,-2.061932682991027832e-01,-2.504434585571289062e-01,-1.227530390024185181e-01,1.778819784522056580e-02,-1.970259696245193481e-01,-2.320057451725006104e-01,1.255106460303068161e-02,2.439367324113845825e-01,2.538558244705200195e-01,-1.761140972375869751e-01,-9.042641520500183105e-02,-4.300788044929504395e-01,-3.355185091495513916e-01,-3.808085247874259949e-02,-3.470950573682785034e-02,-2.552517950534820557e-01,-1.381690651178359985e-01,-3.541397303342819214e-02,-1.206452772021293640e-01,-8.031384646892547607e-02,-1.217652782797813416e-01,-2.197592705488204956e-01,-7.986840605735778809e-02,-9.639923274517059326e-02,-2.450231090188026428e-02,-5.829838290810585022e-02,-5.412733927369117737e-02,7.966541498899459839e-02,2.123679667711257935e-01,-6.617143005132675171e-02,-2.222208306193351746e-02,6.087825894355773926e-01,5.241980552673339844e-01,2.995494008064270020e-01,2.764485776424407959e-01,3.225728571414947510e-01,2.067427188158035278e-01,2.842381000518798828e-01,3.316004276275634766e-01,-2.544345855712890625e-01,-3.387838602066040039e-01,-6.210289523005485535e-02,-9.270712733268737793e-02,3.811112046241760254e-01,1.204302757978439331e-01,4.842652752995491028e-02,-2.010090462863445282e-02,-6.856737658381462097e-03,-5.839832127094268799e-02,7.103777676820755005e-02,4.066407680511474609e-03,1.479002833366394043e-01,3.656726703047752380e-02,-5.583509430289268494e-02,-4.946065694093704224e-02,-4.444386810064315796e-02,-7.659626752138137817e-02,-8.930045366287231445e-02,-2.710333094000816345e-02,2.449799503665417433e-04,5.435378476977348328e-02,-5.813620239496231079e-02,9.753725491464138031e-03,2.318293601274490356e-02,7.959229499101638794e-02,-1.727013438940048218e-01,-1.132867112755775452e-01,-1.826477646827697754e-01,-5.827717483043670654e-02,-2.858819365501403809e-01,-2.696657776832580566e-01,-2.588694393634796143e-01,-2.577950805425643921e-02,2.322943359613418579e-01,2.161659896373748779e-01,-9.100501239299774170e-02,-6.034672632813453674e-02,2.553933113813400269e-02,6.646187603473663330e-02,1.623028069734573364e-01,1.013151332736015320e-01,1.287601888179779053e-01,3.308131173253059387e-02,-2.668827474117279053e-01,-3.221249282360076904e-01,-1.919549852609634399e-01,2.237260043621063232e-01,-1.715661883354187012e-01,1.264642365276813507e-02,-1.769832335412502289e-02,2.776410430669784546e-02
4.592316448688507080e-01,0.000000000000000000e+00,-6.959625333547592163e-02,7.740092277526855469e-02,-5.069678276777267456e-02,1.099919602274894714e-01,-1.546567976474761963e-01,6.914407014846801758e-02,-4.733552411198616028e-02,9.600011259317398071e-02,1.868026405572891235e-01,2.054686546325683594e-01,4.423772543668746948e-02,1.226551905274391174e-01,-2.454706728458404541e-01,-1.884678900241851807e-01,1.891943663358688354e-01,2.491018027067184448e-01,5.168315395712852478e-02,3.317617475986480713e-01,-2.820864319801330566e-01,-1.082614958286285400e-01,-2.341868132352828979e-01,-2.482948154211044312e-01,-3.236807286739349365e-01,-2.155406773090362549e-01,-2.260157912969589233e-01,-6.036883965134620667e-02,6.867299787700176239e-03,-8.456195145845413208e-02,-1.186499521136283875e-01,8.287120610475540161e-02,2.572006881237030029e-01,2.367417961359024048e-01,-1.865923851728439331e-01,-8.912158757448196411e-02,-3.378022313117980957e-01,-1.878914237022399902e-01,1.485780905932188034e-02,-1.079104021191596985e-01,-9.898467361927032471e-02,-6.841420382261276245e-02,6.884942948818206787e-02,3.093536384403705597e-02,5.160777643322944641e-02,1.007785927504301071e-02,-9.613120555877685547e-02,1.288130786269903183e-02,3.223542869091033936e-02,9.960979223251342773e-02,-7.920539379119873047e-02,-1.091436762362718582e-02,1.485882252454757690e-01,2.012546211481094360e-01,-4.845681786537170410e-02,-1.700088009238243103e-02,4.644257724285125732e-01,5.733785629272460938e-01,6.642737984657287598e-02,7.226029038429260254e-02,7.726708799600601196e-02,8.493976294994354248e-02,1.915286779403686523e-01,1.992474645376205444e-01,-2.736045420169830322e-01,-3.697672784328460693e-01,-3.185708224773406982e-01,-2.236180603504180908e-01,4.040644764900207520e-01,1.338946819305419922e-01,7.458815723657608032e-02,6.829643249511718750e-02,7.828721404075622559e-02,7.977181673049926758e-02,7.578554749488830566e-02,4.684329032897949219e-02,1.035820916295051575e-01,7.967726141214370728e-02,-1.188186369836330414e-02,-4.893875494599342346e-02,1.146349385380744934e-01,4.737517610192298889e-02,-1.470976416021585464e-02,3.609405085444450378e-02,-1.695687472820281982e-01,-5.513007193803787231e-02,-1.811015605926513672e-01,-1.204972043633460999e-01,-5.524683371186256409e-02,-2.060053870081901550e-02,-1.588744968175888062e-01,-1.471113264560699463e-01,-1.122837886214256287e-01,-9.165433049201965332e-02,-1.621867269277572632e-01,-1.380806267261505127e-01,-1.532138884067535400e-01,-8.345027267932891846e-02,3.011641800403594971e-01,1.199562102556228638e-01,7.086070626974105835e-02,4.168380517512559891e-03,2.300595641136169434e-01,9.537511318922042847e-02,8.770953863859176636e-02,7.885760068893432617e-02,3.662298619747161865e-02,-6.589173525571823120e-02,-9.700840711593627930e-02,-2.414012402296066284e-01,-1.687112301588058472e-01,2.510651648044586182e-01,-4.529082775115966797e-02,2.349743992090225220e-02,-3.136911988258361816e-02,1.779432743787765503e-01
-1.256728917360305786e-01,-6.959625333547592163e-02,0.000000000000000000e+00,2.736370265483856201e-01,1.225160136818885803e-01,-3.170718625187873840e-02,4.847896397113800049e-01,2.173962891101837158e-01,1.809552460908889771e-01,-3.298274427652359009e-02,-6.326419860124588013e-02,-2.726121246814727783e-01,-4.550497233867645264e-02,-1.357619464397430420e-01,6.818103790283203125e-02,-2.319902740418910980e-02,-2.953551709651947021e-01,-2.229360044002532959e-01,2.552743256092071533e-01,-5.026645213365554810e-02,8.858225494623184204e-02,3.958602901548147202e-03,4.563167393207550049e-01,4.559023976325988770e-01,1.007465422153472900e-01,9.532970935106277466e-02,3.869289159774780273e-02,1.130475252866744995e-01,-1.646903306245803833e-01,-1.568236649036407471e-01,2.262141853570938110e-01,1.574850827455520630e-01,1.638801693916320801e-01,-1.159645710140466690e-02,2.590543627738952637e-01,1.883733719587326050e-01,8.003406226634979248e-02,1.499374210834503174e-01,6.244839355349540710e-02,8.893427252769470215e-02,-2.029841206967830658e-02,-1.059839949011802673e-01,-4.414661973714828491e-02,-1.352269053459167480e-01,-1.267739236354827881e-01,-1.519577205181121826e-01,-7.200123369693756104e-02,6.265051662921905518e-02,-7.818463444709777832e-02,-1.604079753160476685e-01,-1.422361433506011963e-01,-1.662082374095916748e-01,-1.602490544319152832e-01,-5.328881368041038513e-02,-4.388654604554176331e-02,-4.438249394297599792e-02,-2.718439102172851562e-01,-2.282733172178268433e-01,-2.834696471691131592e-01,-3.836901187896728516e-01,-3.103583157062530518e-01,-1.807938069105148315e-01,-3.947456777095794678e-01,-3.356867432594299316e-01,1.853666305541992188e-01,2.184419780969619751e-01,-9.474829584360122681e-02,-1.672368198633193970e-01,-1.466329097747802734e-01,-1.191426068544387817e-01,3.086785078048706055e-01,2.632654011249542236e-01,-5.355295166373252869e-02,-3.491076081991195679e-02,2.761081047356128693e-02,-6.921086460351943970e-02,2.051898986101150513e-01,1.600375622510910034e-01,-1.431325078010559082e-01,-3.735346719622612000e-02,-1.877535432577133179e-01,-1.616024598479270935e-02,2.254996262490749359e-02,-3.051164746284484863e-02,4.590718075633049011e-02,-8.030676096677780151e-02,-9.183547459542751312e-03,1.813656277954578400e-02,-1.021750494837760925e-01,2.541542798280715942e-02,1.123330965638160706e-01,1.455577313899993896e-01,5.679263174533843994e-02,1.725201606750488281e-01,-3.965491428971290588e-02,-5.099123343825340271e-02,-7.442537695169448853e-02,-1.304931491613388062e-01,-1.160911377519369125e-02,-7.195945829153060913e-02,-2.050921618938446045e-01,-1.063859462738037109e-01,9.157171589322388172e-04,-1.443279534578323364e-01,-4.965126514434814453e-03,1.086223348975181580e-01,-4.474895074963569641e-03,-8.857026696205139160e-02,4.562288522720336914e-02,-4.313571751117706299e-02,1.076276600360870361e-02,4.777251183986663818e-02,1.308792829513549805e-01,9.032332152128219604e-02,1.488527804613113403e-01,1.115394756197929382e-01
-4.539181292057037354e-02,7.740092277526855469e-02,2.736370265483856201e-01,0.000000000000000000e+00,2.964436821639537811e-02,8.162324875593185425e-02,-7.691049575805664062e-02,5.672092437744140625e-01,1.228745505213737488e-01,2.163850516080856323e-01,1.454149484634399414e-01,2.414979338645935059e-01,-1.228119134902954102e-01,2.479605525732040405e-01,-2.221983969211578369e-01,-1.437532007694244385e-01,-1.314465403556823730e-01,-5.868378654122352600e-02,-2.125392705202102661e-01,3.019632585346698761e-02,4.164008423686027527e-02,-4.883335903286933899e-02,-1.544083356857299805e-01,5.101413652300834656e-02,2.271106280386447906e-02,1.112491041421890259e-01,8.148463442921638489e-03,5.546933040022850037e-02,-1.930517107248306274e-01,-9.124101698398590088e-02,2.298128604888916016e-01,2.215864360332489014e-01,2.648845613002777100e-01,2.155050486326217651e-01,-1.681367009878158569e-01,1.114369332790374756e-01,-4.726130887866020203e-02,-7.540050894021987915e-02,-8.689096570014953613e-02,4.280667006969451904e-02,3.727947175502777100e-02,-1.848364770412445068e-01,-1.720322519540786743e-01,-1.984960883855819702e-01,-2.310165464878082275e-01,-2.626622617244720459e-01,-1.844567507505416870e-01,-8.313494920730590820e-02,-2.902536392211914062e-01,-2.432306557893753052e-01,-1.523078382015228271e-01,-1.292177438735961914e-01,-2.344761490821838379e-01,3.076193667948246002e-02,-2.221135944128036499e-01,-2.691188752651214600e-01,-8.901051245629787445e-03,1.622364073991775513e-01,-9.725336730480194092e-02,2.137644030153751373e-02,9.315425902605056763e-02,3.788675963878631592e-01,6.252998113632202148e-02,2.087707817554473877e-01,-3.356318473815917969e-01,2.871144413948059082e-01,1.298049241304397583e-01,2.538734078407287598e-01,-3.365413984283804893e-03,-6.017890572547912598e-02,1.071149408817291260e-01,2.824580483138561249e-02,-9.093039482831954956e-02,-4.739815369248390198e-03,1.055912896990776062e-01,-8.385933190584182739e-02,4.273930564522743225e-02,1.242031753063201904e-01,-2.088016644120216370e-02,2.066763350740075111e-03,-8.051843196153640747e-02,-1.466584205627441406e-01,-2.422194182872772217e-01,-2.023785561323165894e-01,-4.057525694370269775e-01,-1.092776581645011902e-01,-3.475056886672973633e-01,-2.653671205043792725e-01,-2.071945965290069580e-01,-1.676027327775955200e-01,1.291579753160476685e-01,-9.960781037807464600e-02,1.339640617370605469e-01,-1.637972742319107056e-01,-1.152028068900108337e-01,-1.145597547292709351e-01,3.672795370221138000e-03,-4.222173243761062622e-02,8.716312050819396973e-02,-9.897186607122421265e-02,5.343994870781898499e-02,-6.888954341411590576e-02,1.037679463624954224e-01,1.016565933823585510e-01,6.744007766246795654e-02,4.006074741482734680e-02,-3.747719898819923401e-02,3.114956244826316833e-02,-3.520143800415098667e-04,-8.221108466386795044e-03,5.920366570353507996e-02,6.574696302413940430e-02,-6.974563002586364746e-02,-1.101431772112846375e-01,6.897145509719848633e-02,-4.770606756210327148e-03
-4.516519606113433838e-02,-5.069678276777267456e-02,1.225160136818885803e-01,2.964436821639537811e-02,0.000000000000000000e+00,4.037956297397613525e-01,2.134390361607074738e-02,1.227860972285270691e-01,4.389451146125793457e-01,4.017518162727355957e-01,-3.113083727657794952e-02,-1.104268431663513184e-01,9.918708354234695435e-03,1.357797882519662380e-03,2.248320132493972778e-01,1.972104012966156006e-01,-8.595239371061325073e-02,2.002441696822643280e-02,7.176105678081512451e-02,2.147519402205944061e-02,2.365065366029739380e-01,1.404880732297897339e-01,1.610855758190155029e-01,1.827460825443267822e-01,4.301005899906158447e-01,5.121969580650329590e-01,5.224035382270812988e-01,4.023321568965911865e-01,1.921251183375716209e-03,8.383890241384506226e-02,3.458461463451385498e-01,3.239774405956268311e-01,8.462733030319213867e-02,-2.644363790750503540e-02,2.527746856212615967e-01,2.045845538377761841e-01,1.038884297013282776e-01,8.719230070710182190e-03,-2.364244461059570312e-01,-1.680152714252471924e-01,1.382579058408737183e-01,-1.493950337171554565e-01,-1.786371320486068726e-01,-9.628466516733169556e-02,-8.915390819311141968e-02,-6.715538352727890015e-02,-5.023001506924629211e-02,7.845697551965713501e-02,-7.171852141618728638e-02,-1.276312321424484253e-01,-1.995398253202438354e-01,-1.755977869033813477e-01,-6.474459171295166016e-02,-1.500606164336204529e-02,-2.332709282636642456e-01,-1.132245585322380066e-01,6.045772135257720947e-02,-1.777299791574478149e-01,-5.879088118672370911e-02,-1.137659177184104919e-01,-8.234543725848197937e-03,-7.272220402956008911e-02,-1.964579075574874878e-01,-1.695608943700790405e-01,1.319705992937088013e-01,1.264601349830627441e-01,2.398913347860798240e-04,7.657802850008010864e-02,1.499060355126857758e-02,-1.020856946706771851e-02,1.276971306651830673e-02,7.679520547389984131e-02,-1.802535206079483032e-01,-1.536035537719726562e-01,1.052702441811561584e-01,-3.165051748510450125e-04,-2.018323540687561035e-02,-5.300048366189002991e-02,-6.150773726403713226e-03,1.010666787624359131e-01,-1.564840674400329590e-01,-6.154645700007677078e-03,-2.697539329528808594e-01,-2.252685725688934326e-01,-6.423586606979370117e-02,-2.230724245309829712e-01,-2.925827801227569580e-01,-1.825494766235351562e-01,-2.027343511581420898e-01,-9.289927035570144653e-02,4.534427076578140259e-02,5.597998574376106262e-02,1.305303722620010376e-01,2.339211106300354004e-02,1.095531508326530457e-01,5.502873659133911133e-02,1.448906660079956055e-01,1.208400428295135498e-01,-4.978680610656738281e-02,8.984887599945068359e-02,7.979539223015308380e-03,-1.022380515933036804e-01,-1.113414615392684937e-01,-8.746674656867980957e-02,-1.469682455062866211e-01,-1.301871538162231445e-01,-3.428197652101516724e-02,1.472648829221725464e-01,7.249366492033004761e-02,2.002960145473480225e-01,2.298564463853836060e-01,-6.662120670080184937e-02,-3.118405863642692566e-02,-1.560476422309875488e-01,-3.447937080636620522e-03,-1.419712454080581665e-01
7.585248351097106934e-02,1.099919602274894714e-01,-3.170718625187873840e-02,8.162324875593185425e-02,4.037956297397613525e-01,0.000000000000000000e+00,-2.554386854171752930e-01,5.326976999640464783e-02,3.153873383998870850e-01,4.408595263957977295e-01,-1.511671766638755798e-02,1.271765679121017456e-01,-1.270708739757537842e-01,1.160189583897590637e-01,-1.175725832581520081e-02,1.253040283918380737e-01,1.095202118158340454e-01,1.531760990619659424e-01,-7.948914170265197754e-02,1.303337365388870239e-01,8.477960526943206787e-02,1.481444090604782104e-01,-1.165046244859695435e-01,-3.504064679145812988e-02,2.299039363861083984e-01,4.621450304985046387e-01,3.701669871807098389e-01,5.420896410942077637e-01,5.815150588750839233e-02,1.821019798517227173e-01,3.233060836791992188e-01,3.251109421253204346e-01,1.924418956041336060e-01,1.782341599464416504e-01,-1.952072791755199432e-02,-3.157798200845718384e-02,-8.617109060287475586e-02,-1.239351928234100342e-01,-1.582532227039337158e-01,-2.042272239923477173e-01,1.764027923345565796e-01,-2.564649656414985657e-02,-8.048158138990402222e-03,1.037212163209915161e-01,1.201270669698715210e-01,1.103586778044700623e-01,1.161822453141212463e-01,1.291292607784271240e-01,6.925417482852935791e-02,4.130976647138595581e-02,-2.199417725205421448e-02,7.898597978055477142e-03,2.768229879438877106e-02,4.379634186625480652e-02,-1.077561527490615845e-01,2.333302795886993408e-02,2.009708285331726074e-01,1.189610138535499573e-01,1.625542491674423218e-01,2.256219238042831421e-01,7.332842797040939331e-02,1.139613240957260132e-01,1.399952173233032227e-01,1.471106112003326416e-01,-1.545127332210540771e-01,-7.118371874094009399e-02,3.800043463706970215e-02,2.487615793943405151e-01,9.511114656925201416e-02,9.072928875684738159e-02,-9.849695116281509399e-02,2.264327183365821838e-02,-1.638723015785217285e-01,-4.489481821656227112e-02,-4.994744062423706055e-02,-9.271584451198577881e-02,-1.244249045848846436e-01,-1.072894558310508728e-01,1.098335757851600647e-01,1.730809211730957031e-01,1.910206489264965057e-02,7.126518338918685913e-02,-1.485814303159713745e-01,-1.055804565548896790e-01,-2.493451237678527832e-01,2.115871291607618332e-03,-4.080497920513153076e-01,-3.877519369125366211e-01,-2.631844282150268555e-01,-1.131003350019454956e-01,-9.312166273593902588e-02,-1.968452036380767822e-01,7.568066567182540894e-02,-2.444946169853210449e-01,9.126697480678558350e-02,4.792641103267669678e-02,2.876552008092403412e-02,4.293129220604896545e-02,6.667784601449966431e-02,-7.599759846925735474e-02,1.218906790018081665e-01,-4.466935060918331146e-03,-4.515292122960090637e-02,-6.607339531183242798e-02,-8.038406819105148315e-02,-1.306866705417633057e-01,-1.189542114734649658e-01,-3.582080453634262085e-02,8.987037092447280884e-02,8.935914188623428345e-02,4.420386254787445068e-02,-3.645753720775246620e-03,8.308068849146366119e-03,-1.183545067906379700e-01,-3.862182796001434326e-02,-4.061782732605934143e-02
-1.853127591311931610e-02,-1.546567976474761963e-01,4.847896397113800049e-01,-7.691049575805664062e-02,2.134390361607074738e-02,-2.554386854171752930e-01,0.000000000000000000e+00,1.606907397508621216e-01,6.957868486642837524e-02,-1.856053471565246582e-01,-7.943855226039886475e-02,-2.631658017635345459e-01,1.977078616619110107e-01,-1.036297678947448730e-01,1.923650652170181274e-01,3.567246347665786743e-02,-2.192593216896057129e-01,-3.013638854026794434e-01,4.987863898277282715e-01,-1.368159241974353790e-02,9.605433791875839233e-03,-2.980556897819042206e-02,5.994678139686584473e-01,3.999784886837005615e-01,-4.091314226388931274e-02,-1.232016012072563171e-01,-1.754623800516128540e-01,-1.936433762311935425e-01,-1.995116621255874634e-01,-2.311479449272155762e-01,1.006822660565376282e-02,-1.021295711398124695e-01,1.612452045083045959e-02,-1.816255599260330200e-01,4.492425918579101562e-01,2.748146355152130127e-01,8.547390997409820557e-02,1.768213957548141479e-01,8.411347121000289917e-02,8.752816915512084961e-02,-1.628111451864242554e-01,-3.992984071373939514e-02,-2.641009092330932617e-01,-3.574812412261962891e-01,-3.246941566467285156e-01,-3.314998447895050049e-01,-2.906004786491394043e-01,-2.252115458250045776e-01,-2.365014106035232544e-01,-3.074117004871368408e-01,-3.019929230213165283e-01,-3.686978816986083984e-01,-2.138609737157821655e-01,-8.514377474784851074e-02,-1.309003531932830811e-01,-2.402699142694473267e-01,-2.102989703416824341e-01,-2.919539213180541992e-01,-3.976981639862060547e-01,-4.899864196777343750e-01,-1.346775591373443604e-01,-1.357016116380691528e-01,-4.001904726028442383e-01,-3.162319362163543701e-01,5.804957151412963867e-01,2.694457173347473145e-01,-6.624005734920501709e-02,-3.086017966270446777e-01,-1.524195671081542969e-01,-2.080453932285308838e-01,2.231172174215316772e-01,1.752089858055114746e-01,1.180376186966896057e-01,5.934454966336488724e-03,-2.793735184241086245e-04,-4.962412640452384949e-02,2.187876403331756592e-01,1.071063652634620667e-01,-1.786829978227615356e-01,-9.508005529642105103e-02,-2.242037355899810791e-01,-2.343960851430892944e-02,8.625982701778411865e-02,-2.291079238057136536e-02,5.177828669548034668e-01,3.013355284929275513e-02,2.808040082454681396e-01,4.004940986633300781e-01,1.653783768415451050e-01,2.508885562419891357e-01,2.423356324434280396e-01,3.928259611129760742e-01,2.061676532030105591e-01,4.785617291927337646e-01,-7.742555439472198486e-02,-9.041240066289901733e-02,-1.885274797677993774e-01,-1.911721527576446533e-01,-1.055378392338752747e-01,5.886257439851760864e-02,-3.370968401432037354e-01,-1.330797560513019562e-02,-9.271007031202316284e-02,-1.972480267286300659e-01,-3.748095035552978516e-02,1.341992765665054321e-01,4.649472236633300781e-02,-1.172564476728439331e-01,-3.018871881067752838e-02,-1.222522556781768799e-01,-9.249807894229888916e-02,5.407725274562835693e-02,6.715963780879974365e-02,1.352605670690536499e-01,4.478207603096961975e-02,9.627203643321990967e-02
-4.266890510916709900e-02,6.914407014846801758e-02,2.173962891101837158e-01,5.672092437744140625e-01,1.227860972285270691e-01,5.326976999640464783e-02,1.606907397508621216e-01,0.000000000000000000e+00,1.550921052694320679e-01,2.134447395801544189e-01,1.413558423519134521e-01,3.383558392524719238e-01,3.877087682485580444e-02,3.657802939414978027e-01,-1.924132704734802246e-01,-2.265271730720996857e-02,-1.128357350826263428e-01,-1.224163770675659180e-01,-7.782836258411407471e-02,3.779974207282066345e-02,-4.843560233712196350e-02,-3.925726190209388733e-02,-1.654945872724056244e-02,1.152749583125114441e-01,-8.958123624324798584e-02,8.174115419387817383e-02,-6.479167193174362183e-02,3.677168628200888634e-03,-2.078405767679214478e-01,-1.780154407024383545e-01,1.692095398902893066e-01,2.777996659278869629e-01,1.655531376600265503e-01,2.985430061817169189e-01,6.768081337213516235e-02,2.312034219503402710e-01,-9.746979176998138428e-02,-4.300239682197570801e-02,-9.694048017263412476e-02,1.275848299264907837e-01,-5.307966843247413635e-02,-8.751501888036727905e-02,-2.871060371398925781e-01,-3.435056805610656738e-01,-3.039880394935607910e-01,-3.995998799800872803e-01,-3.090759813785552979e-01,-2.813279032707214355e-01,-3.423680067062377930e-01,-3.532040715217590332e-01,-2.810452580451965332e-01,-2.946501374244689941e-01,-2.190061658620834351e-01,4.446387290954589844e-02,-2.042615264654159546e-01,-3.217829167842864990e-01,-3.304920718073844910e-02,7.750342786312103271e-02,-2.008125931024551392e-01,-1.101342067122459412e-01,1.583167463541030884e-01,4.577991962432861328e-01,-7.259927690029144287e-02,1.547765135765075684e-01,-1.276504364795982838e-03,3.884284198284149170e-01,9.606485813856124878e-02,1.820377260446548462e-01,-1.843346050009131432e-03,-8.967766910791397095e-02,1.402866691350936890e-01,1.370641589164733887e-01,-2.187052555382251740e-02,1.724678906612098217e-03,-4.733084701001644135e-03,-1.423140168190002441e-01,8.181490004062652588e-02,1.202618628740310669e-01,-1.182343065738677979e-01,-1.157847642898559570e-01,-1.130469441413879395e-01,-5.600587278604507446e-02,-1.701798290014266968e-01,-1.925306916236877441e-01,-8.792793750762939453e-02,-7.920658215880393982e-03,-1.918322294950485229e-01,-7.874029874801635742e-02,-8.427213877439498901e-02,-5.311442911624908447e-02,2.587210834026336670e-01,-1.324715674854815006e-03,2.853140532970428467e-01,-7.576935738325119019e-02,-1.778015792369842529e-01,-1.532131433486938477e-01,-1.766006201505661011e-01,-1.004178300499916077e-01,7.055211812257766724e-02,-4.293131828308105469e-02,2.153586130589246750e-03,-2.676315605640411377e-02,2.662001922726631165e-02,-4.700175300240516663e-02,3.372464329004287720e-02,3.747654333710670471e-02,-1.600512862205505371e-02,-9.400799125432968140e-02,-1.112456694245338440e-01,-1.619978100061416626e-01,-8.078469336032867432e-02,1.120670363306999207e-01,-1.038936004042625427e-01,-4.488705098628997803e-02,5.086845904588699341e-02,-6.079292856156826019e-03
-1.193183586001396179e-01,-4.733552411198616028e-02,1.809552460908889771e-01,1.228745505213737488e-01,4.389451146125793457e-01,3.153873383998870850e-01,6.957868486642837524e-02,1.550921052694320679e-01,0.000000000000000000e+00,4.937425553798675537e-01,6.886009126901626587e-02,9.868383407592773438e-02,1.070549413561820984e-01,1.820136904716491699e-01,2.530337572097778320e-01,3.469186425209045410e-01,-1.020140498876571655e-01,3.688504546880722046e-02,-2.030291594564914703e-02,-5.179831013083457947e-02,1.911443322896957397e-01,6.506890803575515747e-02,1.385801732540130615e-01,2.169483155012130737e-01,3.811362683773040771e-01,4.367702901363372803e-01,2.455383837223052979e-01,1.801658123731613159e-01,-3.390765935182571411e-02,1.251851618289947510e-01,3.422444462776184082e-01,2.483561933040618896e-01,4.884687811136245728e-02,-4.064757376909255981e-02,1.108794957399368286e-01,1.606860309839248657e-01,5.340332165360450745e-02,-1.111236214637756348e-02,-2.145332843065261841e-01,-8.031778782606124878e-02,8.536941558122634888e-02,-1.690285056829452515e-01,-1.856339424848556519e-01,-9.167722612619400024e-02,-9.147731959819793701e-02,-5.948619171977043152e-02,-1.866063848137855530e-02,8.698043227195739746e-02,-1.042354553937911987e-01,-4.896068572998046875e-02,-1.783076226711273193e-01,-8.112151920795440674e-02,-9.364013373851776123e-02,2.183077484369277954e-02,-2.050696462392807007e-01,-1.084744334220886230e-01,-1.445448864251375198e-02,-7.213941216468811035e-02,-7.177402079105377197e-02,-1.193198934197425842e-01,2.163306809961795807e-02,7.072936743497848511e-02,-3.340767696499824524e-02,4.268611222505569458e-02,1.104378700256347656e-01,4.959096014499664307e-02,-1.166141480207443237e-01,4.987413063645362854e-03,-1.113532297313213348e-02,2.409665286540985107e-02,4.225216060876846313e-02,1.073368117213249207e-01,-1.151319891214370728e-01,-1.141705811023712158e-01,6.163675338029861450e-02,-1.036062538623809814e-01,1.376797910779714584e-02,1.027985662221908569e-01,7.652532309293746948e-02,2.385891675949096680e-01,-1.099431365728378296e-01,-1.335006207227706909e-02,-2.683737874031066895e-01,-1.780093312263488770e-01,-1.735219210386276245e-01,-2.252058684825897217e-01,-2.084213495254516602e-01,-1.030378267168998718e-01,-2.120518833398818970e-01,-1.382296979427337646e-01,2.927678078413009644e-02,5.789842456579208374e-02,1.065485030412673950e-01,-1.701897941529750824e-02,1.260831356048583984e-01,1.097739581018686295e-02,1.382080763578414917e-01,9.772483259439468384e-02,-1.584550924599170685e-02,-8.119759708642959595e-02,8.415660820901393890e-03,-8.366459608078002930e-02,-8.953759074211120605e-02,-1.551337689161300659e-01,-1.896462589502334595e-01,-2.027892023324966431e-01,-1.099371537566184998e-01,4.077575355768203735e-02,7.323291152715682983e-02,1.889538615942001343e-01,2.084793299436569214e-01,-4.415597021579742432e-02,1.437165737152099609e-01,-1.198976263403892517e-01,7.120619714260101318e-02,-1.533193886280059814e-01
1.186372265219688416e-01,9.600011259317398071e-02,-3.298274427652359009e-02,2.163850516080856323e-01,4.017518162727355957e-01,4.408595263957977295e-01,-1.856053471565246582e-01,2.134447395801544189e-01,4.937425553798675537e-01,0.000000000000000000e+00,1.160898804664611816e-01,3.292382657527923584e-01,7.594300806522369385e-02,4.191335737705230713e-01,8.107056468725204468e-02,3.796170353889465332e-01,-1.554871052503585815e-01,-3.914606571197509766e-02,-2.401637583971023560e-01,1.079764589667320251e-01,1.956718415021896362e-02,1.230188831686973572e-02,-1.736325323581695557e-01,-3.226829692721366882e-02,1.904051899909973145e-01,3.004561960697174072e-01,1.340635120868682861e-01,2.333117723464965820e-01,-1.457833647727966309e-01,-3.746489807963371277e-02,2.229569256305694580e-01,4.072284996509552002e-01,1.547875106334686279e-01,1.802993714809417725e-01,-8.653472363948822021e-02,9.652706235647201538e-02,-2.127457708120346069e-01,-1.861806064844131470e-01,-1.337827444076538086e-01,-3.456120612099766731e-03,4.087177512701600790e-04,-2.210194319486618042e-01,-7.771550863981246948e-02,6.672890856862068176e-03,-2.277180925011634827e-02,-2.084753289818763733e-02,-5.338186770677566528e-02,1.018004864454269409e-01,-3.961909934878349304e-02,2.848227694630622864e-02,-5.413226783275604248e-02,3.880178090184926987e-03,6.282544136047363281e-02,7.958664745092391968e-02,-8.616155385971069336e-02,7.325467467308044434e-02,1.565062701702117920e-01,1.145965754985809326e-01,1.171964854001998901e-01,1.660360991954803467e-01,2.309939712285995483e-01,2.792346179485321045e-01,1.692854911088943481e-01,2.433922588825225830e-01,-2.417924702167510986e-01,-1.605474948883056641e-01,-1.799953356385231018e-02,9.260387718677520752e-02,-1.617446355521678925e-02,-6.611893326044082642e-02,9.833640605211257935e-02,4.694341123104095459e-02,-1.805476546287536621e-01,-2.086824923753738403e-01,1.436239778995513916e-01,-2.990446612238883972e-02,3.985921666026115417e-02,7.160739600658416748e-02,-7.790222298353910446e-03,8.397716283798217773e-02,-1.436892747879028320e-01,-1.294593811035156250e-01,-2.601657509803771973e-01,-4.307766258716583252e-02,-3.177274763584136963e-01,-3.271998837590217590e-02,-2.590027451515197754e-01,-2.169827073812484741e-01,-1.248423457145690918e-01,1.625622995197772980e-02,-2.887667901813983917e-02,-1.265306621789932251e-01,4.963752813637256622e-03,-2.268761396408081055e-01,-2.604442648589611053e-02,-6.858765333890914917e-02,-2.038989588618278503e-02,2.405993081629276276e-02,1.269605755805969238e-01,-3.778433799743652344e-02,-2.232373133301734924e-02,-1.230847463011741638e-01,-1.369219869375228882e-01,-1.934918761253356934e-01,-5.664499849081039429e-02,-1.036985516548156738e-01,1.560892444103956223e-02,1.021332070231437683e-01,-6.026848684996366501e-03,1.860249601304531097e-02,9.994371980428695679e-02,-7.502492517232894897e-03,-9.054001420736312866e-02,-1.602344959974288940e-01,4.896767064929008484e-02,-8.778898417949676514e-02
2.317995876073837280e-01,1.868026405572891235e-01,-6.326419860124588013e-02,1.454149484634399414e-01,-3.113083727657794952e-02,-1.511671766638755798e-02,-7.943855226039886475e-02,1.413558423519134521e-01,6.886009126901626587e-02,1.160898804664611816e-01,0.000000000000000000e+00,3.825261592864990234e-01,5.423446297645568848e-01,3.626471161842346191e-01,-1.890718750655651093e-02,1.191356312483549118e-02,1.708277612924575806e-01,2.150566726922988892e-01,-1.755882203578948975e-01,-5.575236678123474121e-02,-1.260274499654769897e-01,-1.630870848894119263e-01,-2.917195856571197510e-01,-2.485933154821395874e-01,-1.223348006606101990e-01,3.222225466743111610e-03,-1.162763759493827820e-01,-8.850576728582382202e-02,4.139287769794464111e-02,-8.721784502267837524e-02,-2.299038134515285492e-02,6.314402818679809570e-02,-9.243027120828628540e-02,-8.628141134977340698e-03,-2.258789539337158203e-01,-1.219540461897850037e-01,-1.183440238237380981e-01,-2.211380004882812500e-01,-6.666640937328338623e-02,5.157152563333511353e-02,2.541084028780460358e-02,1.500755734741687775e-02,-1.240767762064933777e-01,-1.501074880361557007e-01,-1.731389015913009644e-01,-1.729614138603210449e-01,-8.366936445236206055e-02,-1.194719895720481873e-01,-2.022925615310668945e-01,-9.813509881496429443e-02,-1.344189643859863281e-01,-7.652953267097473145e-02,9.327856823801994324e-03,2.097209990024566650e-01,-7.981455326080322266e-02,-1.969348788261413574e-01,2.054582685232162476e-01,3.295662403106689453e-01,1.708295196294784546e-01,1.264400333166122437e-01,3.915554285049438477e-01,3.264030516147613525e-01,2.283774167299270630e-01,3.098410367965698242e-01,-2.361975759267807007e-01,-1.577140837907791138e-01,-2.303773611783981323e-01,-1.447247713804244995e-01,1.273441612720489502e-01,3.562669502571225166e-03,1.401371043175458908e-02,2.626471966505050659e-02,4.135841503739356995e-02,3.861426562070846558e-02,7.565410435199737549e-02,-7.750692963600158691e-02,-7.716245949268341064e-02,-2.666112221777439117e-02,-6.922801584005355835e-02,-3.691396117210388184e-02,-4.646265879273414612e-02,-3.452782705426216125e-02,-1.097974032163619995e-01,-1.789698749780654907e-01,-1.349233686923980713e-01,-1.594282686710357666e-01,-1.394564360380172729e-01,-1.124318763613700867e-01,3.760095313191413879e-02,-6.127151846885681152e-02,1.722029149532318115e-01,1.191908046603202820e-01,8.968180418014526367e-02,1.224735565483570099e-02,-9.448733925819396973e-02,-2.436902225017547607e-01,-5.206758901476860046e-02,8.370573073625564575e-02,2.309589534997940063e-01,1.601975560188293457e-01,1.264574378728866577e-01,2.027674578130245209e-02,4.090954363346099854e-02,-7.000500801950693130e-03,-9.582474082708358765e-02,-2.062898725271224976e-01,4.189290106296539307e-02,4.807416349649429321e-02,-2.799677550792694092e-01,-1.315631866455078125e-01,-1.162851788103580475e-02,2.108797729015350342e-01,-4.158820584416389465e-02,-1.037484314292669296e-02,3.106008283793926239e-02,-2.425370812416076660e-01
2.096641063690185547e-01,2.054686546325683594e-01,-2.726121246814727783e-01,2.414979338645935059e-01,-1.104268431663513184e-01,1.271765679121017456e-01,-2.631658017635345459e-01,3.383558392524719238e-01,9.868383407592773438e-02,3.292382657527923584e-01,3.825261592864990234e-01,0.000000000000000000e+00,3.284408748149871826e-01,6.501542329788208008e-01,-1.725598126649856567e-01,8.378861844539642334e-02,1.136755943298339844e-02,7.940410077571868896e-02,-3.537170886993408203e-01,-1.183341536670923233e-02,-1.558703333139419556e-01,-1.887899786233901978e-01,-4.692175388336181641e-01,-3.704449832439422607e-01,-2.126422971487045288e-01,-7.932043075561523438e-02,-1.934986561536788940e-01,-1.024056151509284973e-01,-9.397593885660171509e-02,-9.823807515203952789e-03,-8.395855873823165894e-02,9.175129979848861694e-02,3.170115407556295395e-03,1.886653602123260498e-01,-2.858712375164031982e-01,-6.934368610382080078e-02,-2.132440656423568726e-01,-1.278995126485824585e-01,-4.166580364108085632e-02,5.896199867129325867e-02,-4.961628094315528870e-02,-4.859817028045654297e-02,-1.111836880445480347e-01,-6.517329812049865723e-02,-1.456803530454635620e-01,-1.403112262487411499e-01,-1.697000414133071899e-01,-1.768387109041213989e-01,-1.897709667682647705e-01,-6.600648909807205200e-02,8.064937777817249298e-03,3.379378467798233032e-02,1.569388061761856079e-02,1.625153869390487671e-01,-2.621348574757575989e-02,-7.506914436817169189e-02,2.090984880924224854e-01,4.022302925586700439e-01,2.332724779844284058e-01,3.706002235412597656e-01,4.962046444416046143e-01,5.925154089927673340e-01,4.097500443458557129e-01,5.298570394515991211e-01,-3.269256055355072021e-01,-8.329465240240097046e-02,-8.691024035215377808e-03,1.147907003760337830e-01,9.107085317373275757e-02,-9.388907812535762787e-03,-7.881006598472595215e-02,-1.647713333368301392e-01,2.585121057927608490e-02,5.244192108511924744e-02,-7.779359351843595505e-03,-1.939794607460498810e-02,-5.997675657272338867e-02,-1.977988332509994507e-02,-1.965536549687385559e-02,2.238298580050468445e-02,-3.814252465963363647e-02,-8.237079530954360962e-02,-1.171765774488449097e-01,-3.598701208829879761e-02,-2.896982729434967041e-01,1.324982149526476860e-03,-1.764332950115203857e-01,-1.465726941823959351e-01,1.008776947855949402e-02,-5.433677509427070618e-02,-2.767871506512165070e-02,-1.250100880861282349e-01,7.105300575494766235e-02,-2.434636801481246948e-01,-5.718062818050384521e-02,-9.612724184989929199e-02,-1.010874658823013306e-01,-4.915539920330047607e-02,8.288832753896713257e-02,-4.971913993358612061e-02,1.472125947475433350e-01,-2.432759106159210205e-02,8.280619047582149506e-03,-6.292310357093811035e-02,1.961374655365943909e-02,-8.014476299285888672e-02,3.063923213630914688e-03,-2.994947321712970734e-02,-9.099270403385162354e-02,-1.037687659263610840e-01,-1.212136521935462952e-01,5.273729562759399414e-02,-4.101368412375450134e-02,-6.528353691101074219e-02,-5.893186479806900024e-02,-2.205989696085453033e-02
1.502653509378433228e-01,4.423772543668746948e-02,-4.550497233867645264e-02,-1.228119134902954102e-01,9.918708354234695435e-03,-1.270708739757537842e-01,1.977078616619110107e-01,3.877087682485580444e-02,1.070549413561820984e-01,7.594300806522369385e-02,5.423446297645568848e-01,3.284408748149871826e-01,0.000000000000000000e+00,3.851182460784912109e-01,2.499984055757522583e-01,1.934809684753417969e-01,3.505387157201766968e-02,7.858937233686447144e-02,-2.168969996273517609e-02,-2.023099809885025024e-01,1.578203664394095540e-04,-1.262810230255126953e-01,-5.095364898443222046e-02,-1.247815862298011780e-01,-4.523559939116239548e-03,-5.291468650102615356e-02,-1.389407068490982056e-01,-2.191620767116546631e-01,2.870165044441819191e-03,-4.550092294812202454e-02,-5.248817428946495056e-02,-9.727446734905242920e-02,-1.913911253213882446e-01,-2.058877646923065186e-01,-4.046284034848213196e-02,-2.486316300928592682e-02,4.056290164589881897e-02,-7.219589501619338989e-02,-7.690151035785675049e-02,5.121009796857833862e-02,-3.142725676298141479e-02,-3.797791898250579834e-02,-1.362070441246032715e-01,-1.634045243263244629e-01,-1.856075972318649292e-01,-1.403029412031173706e-01,-1.002699136734008789e-01,-9.736018627882003784e-02,-1.774107664823532104e-01,-7.861170917749404907e-02,-1.091636642813682556e-01,-8.589965850114822388e-02,-3.837019670754671097e-03,1.019466668367385864e-01,-8.207398653030395508e-02,-1.117299646139144897e-01,4.077941551804542542e-02,5.756602808833122253e-02,1.909678988158702850e-02,-8.114548027515411377e-02,3.522841334342956543e-01,1.544044613838195801e-01,8.652043342590332031e-02,1.205543130636215210e-01,1.164854168891906738e-01,-7.023426890373229980e-02,-2.395308315753936768e-01,-2.839305102825164795e-01,-7.166495174169540405e-02,-1.503058820962905884e-01,-7.522400468587875366e-02,6.457895040512084961e-03,1.454476863145828247e-01,8.424548059701919556e-02,1.038561835885047913e-01,7.208311464637517929e-03,-5.352807790040969849e-02,-4.309972375631332397e-02,-8.089262247085571289e-02,-2.619324484840035439e-03,-1.088856980204582214e-01,-2.309446595609188080e-02,-6.319274753332138062e-02,-5.405423417687416077e-02,1.252630352973937988e-01,-1.543712615966796875e-01,4.368117079138755798e-02,1.028761342167854309e-01,1.055568754673004150e-01,1.978821866214275360e-02,1.288867294788360596e-01,2.372023165225982666e-01,1.887088268995285034e-01,2.422046363353729248e-01,2.487978665158152580e-03,-1.278326213359832764e-01,7.393243722617626190e-03,1.222911383956670761e-02,-6.198124028742313385e-04,8.857705444097518921e-02,3.168454766273498535e-02,5.903891846537590027e-02,-4.147221148014068604e-02,-1.390937268733978271e-01,-1.557667553424835205e-01,-1.945714652538299561e-01,3.297303617000579834e-02,7.207296788692474365e-02,-1.336613744497299194e-01,6.772146560251712799e-03,4.148466512560844421e-02,2.131037646904587746e-03,3.328783437609672546e-03,7.062792778015136719e-02,6.120910868048667908e-02,-1.861708313226699829e-01
