0.000000000000000000e+00,5.989105105400085449e-01,6.233663558959960938e-01,1.426985263824462891e-01,2.500500082969665527e-01,1.698399037122726440e-01,4.786407947540283203e-01,-1.606544107198715210e-02,2.329184263944625854e-01,1.256314665079116821e-01,3.450440466403961182e-01,2.481708228588104248e-01,1.017514765262603760e-01,1.253065019845962524e-01,1.176102086901664734e-02,9.846064448356628418e-02,-2.036704309284687042e-02,-1.479395180940628052e-01,5.400965809822082520e-01,5.873327255249023438e-01,3.719809278845787048e-02,-1.222611125558614731e-02,-9.238488972187042236e-03,2.402878403663635254e-01,2.649894170463085175e-02,1.943457573652267456e-01,2.044189870357513428e-01,2.378150075674057007e-01,1.791606545448303223e-01,-1.195449978113174438e-01,3.154544234275817871e-01,3.042122423648834229e-01,3.812352716922760010e-01,3.268789947032928467e-01,2.107531130313873291e-01,2.363522648811340332e-01,-1.281964778900146484e-01,-2.520310878753662109e-02,-2.354242801666259766e-01,-2.512333691120147705e-01,-1.996987909078598022e-01,-1.927535086870193481e-01,-4.286238849163055420e-01,-2.942802608013153076e-01,-2.499419003725051880e-01,-2.606742680072784424e-01,-3.987631797790527344e-01,-3.340048491954803467e-01,-4.009175002574920654e-01,-3.467521667480468750e-01,-4.305415153503417969e-01,-3.662758171558380127e-01,-4.024268984794616699e-01,-3.701754510402679443e-01,-2.670330405235290527e-01,-2.841960825026035309e-02,4.236033558845520020e-01,4.517266750335693359e-01,1.830681264400482178e-01,2.142971456050872803e-01,1.927020996809005737e-01,3.002806007862091064e-01,3.235416710376739502e-01,2.016885429620742798e-01,9.736528247594833374e-02,1.730041950941085815e-02,3.206002116203308105e-01,3.465976715087890625e-01,3.796325027942657471e-01,2.627573311328887939e-01,2.836399674415588379e-01,4.039284884929656982e-01,3.242872953414916992e-01,3.079600036144256592e-01,-3.861181810498237610e-02,2.437953203916549683e-01,3.772286176681518555e-01,4.750923216342926025e-01,-1.320922374725341797e-01,3.575256466865539551e-02,-1.904843598604202271e-01,1.183230951428413391e-01,-3.184497058391571045e-01,-2.561047971248626709e-01,-2.720786929130554199e-01,-2.641773782670497894e-03,-5.588662344962358475e-03,9.311684966087341309e-02,-4.005138576030731201e-01,-3.433522582054138184e-02,-3.993170559406280518e-01,-3.528965115547180176e-01,-3.932207822799682617e-01,-1.006500124931335449e-01,-5.989573895931243896e-02,-1.648548841476440430e-01,-5.046825110912322998e-02,-1.502494513988494873e-02,1.073331534862518311e-01,1.852242797613143921e-01,-4.858990013599395752e-02,3.043550997972488403e-02,2.974409759044647217e-01,3.794877827167510986e-01,-3.694594651460647583e-02,-1.465038210153579712e-02,-1.413324028253555298e-01,6.381754577159881592e-02,-7.456679642200469971e-02,2.713616788387298584e-01,2.213535159826278687e-01,-3.786833882331848145e-01,1.761147975921630859e-01,-1.017934828996658325e-01,-2.418405264616012573e-01,1.047328934073448181e-01
5.989105105400085449e-01,0.000000000000000000e+00,4.189563393592834473e-01,1.506110578775405884e-01,1.782244592905044556e-01,1.335311233997344971e-01,1.645041704177856445e-01,1.656559705734252930e-01,1.027409508824348450e-01,3.953283280134201050e-02,2.216794490814208984e-01,3.012859225273132324e-01,-8.526626974344253540e-02,9.261728078126907349e-02,-1.681130230426788330e-01,8.601120859384536743e-02,-5.228583887219429016e-02,7.350625935941934586e-03,3.488131463527679443e-01,4.829722046852111816e-01,-1.170910522341728210e-01,-1.616896837949752808e-01,-1.062344759702682495e-01,2.765234932303428650e-02,-2.248496562242507935e-02,1.065139770507812500e-01,9.152190759778022766e-03,1.176085770130157471e-01,6.566364318132400513e-02,-6.584580242633819580e-02,2.537584602832794189e-01,1.538468897342681885e-01,3.119663894176483154e-01,3.467668592929840088e-01,-2.234043367207050323e-02,4.604798927903175354e-02,-2.257312983274459839e-01,-8.874865248799324036e-03,-3.278419375419616699e-01,-3.662034571170806885e-01,-2.114716321229934692e-01,-1.743171066045761108e-01,-3.288457393646240234e-01,-2.616776525974273682e-01,4.798755049705505371e-02,4.067314788699150085e-02,-1.967865973711013794e-01,-2.388744056224822998e-01,-1.029693633317947388e-01,-3.065043315291404724e-02,-1.577914953231811523e-01,-1.978194862604141235e-01,-1.781111806631088257e-01,-2.748525738716125488e-01,-1.026960685849189758e-01,-2.014089971780776978e-01,6.332448124885559082e-01,7.220999598503112793e-01,3.248987793922424316e-01,3.868353664875030518e-01,2.292991131544113159e-01,3.820189237594604492e-01,2.086673080921173096e-01,3.023448288440704346e-01,-8.556760102510452271e-02,-9.869725257158279419e-02,2.557436227798461914e-01,2.598498165607452393e-01,5.431317687034606934e-01,1.887184232473373413e-01,2.711442112922668457e-01,1.919516921043395996e-01,1.788944453001022339e-01,3.121858835220336914e-01,3.424293175339698792e-02,1.687123030424118042e-01,3.598322868347167969e-01,3.895661532878875732e-01,-9.166923910379409790e-02,-1.117032095789909363e-01,-1.808231174945831299e-01,4.488882422447204590e-02,-4.021916985511779785e-01,-3.133678436279296875e-01,-2.382113188505172729e-01,-2.129173278808593750e-01,-9.938680380582809448e-02,-9.073364734649658203e-02,-2.431936115026473999e-01,-1.898590624332427979e-01,-1.684659570455551147e-01,-3.341464698314666748e-01,-1.558611392974853516e-01,-2.072420269250869751e-01,-1.877548545598983765e-01,-2.406034171581268311e-01,6.438805256038904190e-03,3.952892497181892395e-02,1.282642185688018799e-01,1.456241011619567871e-01,1.128302291035652161e-01,-4.398620873689651489e-02,3.159269690513610840e-01,2.404522448778152466e-01,2.711564488708972931e-02,-1.597442477941513062e-01,-1.519449651241302490e-01,6.375043094158172607e-02,-2.249457091093063354e-01,3.718087673187255859e-01,2.800655066967010498e-01,-2.129848152399063110e-01,1.661224067211151123e-01,-1.449019908905029297e-01,-2.422359138727188110e-01,1.902401596307754517e-01
6.233663558959960938e-01,4.189563393592834473e-01,0.000000000000000000e+00,9.867993742227554321e-02,3.764678835868835449e-01,2.063712477684020996e-01,6.046454310417175293e-01,-4.457493498921394348e-02,3.878346681594848633e-01,1.692292094230651855e-01,2.306848764419555664e-01,2.183147370815277100e-01,1.089572086930274963e-01,9.138417989015579224e-02,1.891502588987350464e-01,1.947871148586273193e-01,-2.165215462446212769e-02,-1.177719533443450928e-01,4.729853570461273193e-01,5.012636780738830566e-01,2.009210437536239624e-01,9.946517646312713623e-02,-3.678338229656219482e-02,3.284225761890411377e-01,1.010101735591888428e-01,2.593415379524230957e-01,2.905435264110565186e-01,2.225893139839172363e-01,1.037619411945343018e-01,-2.671905327588319778e-03,3.161088228225708008e-01,3.593474030494689941e-01,3.467507064342498779e-01,2.806864380836486816e-01,3.138921260833740234e-01,4.722862243652343750e-01,-2.766977623105049133e-02,1.705008447170257568e-01,-1.770810186862945557e-01,-1.881425827741622925e-01,-1.322350949048995972e-01,-1.643353700637817383e-01,-4.825993776321411133e-01,-4.169568121433258057e-01,-2.710637152194976807e-01,-3.897023499011993408e-01,-2.878962457180023193e-01,-2.609100639820098877e-01,-5.432439446449279785e-01,-5.125709176063537598e-01,-5.766230821609497070e-01,-6.302098035812377930e-01,-3.889862895011901855e-01,-5.604776144027709961e-01,-2.196309864521026611e-01,8.322887122631072998e-02,1.782475858926773071e-01,3.022819757461547852e-01,6.193279102444648743e-02,1.553336381912231445e-01,6.047349795699119568e-02,2.924893200397491455e-01,3.332048058509826660e-01,1.637525260448455811e-01,1.936249732971191406e-01,9.384626150131225586e-02,3.906979262828826904e-01,4.075443446636199951e-01,3.585412502288818359e-01,3.545913696289062500e-01,2.641029655933380127e-01,3.944201767444610596e-01,3.109823465347290039e-01,3.143978416919708252e-01,4.950579721480607986e-03,2.009166330099105835e-01,3.126409649848937988e-01,4.105660915374755859e-01,-7.589212805032730103e-02,-3.231082484126091003e-02,-2.039587870240211487e-02,2.070896625518798828e-01,-1.997161656618118286e-01,-1.804436445236206055e-01,-2.030280679464340210e-01,-7.781915366649627686e-02,4.199802502989768982e-02,1.637769490480422974e-01,-3.806026875972747803e-01,-1.289260387420654297e-01,-3.629636466503143311e-01,-5.212125182151794434e-01,-4.464646577835083008e-01,-2.920437455177307129e-01,5.895378068089485168e-02,-2.131806872785091400e-02,4.761978238821029663e-02,1.595558412373065948e-02,2.173817753791809082e-01,3.606926798820495605e-01,1.001470834016799927e-01,-4.655845835804939270e-02,4.210914373397827148e-01,4.999503493309020996e-01,8.067354559898376465e-02,-1.426672376692295074e-02,-3.866807743906974792e-02,7.597138732671737671e-02,-3.443916887044906616e-02,1.153298020362854004e-01,2.160427868366241455e-01,-3.943384587764739990e-01,3.055317997932434082e-01,5.258001387119293213e-02,-2.366697639226913452e-01,1.488386541604995728e-01
1.426985263824462891e-01,1.506110578775405884e-01,9.867993742227554321e-02,0.000000000000000000e+00,-1.426803022623062134e-01,-2.565846443176269531e-01,3.446438312530517578e-01,4.588031470775604248e-01,1.038458496332168579e-01,-2.145720422267913818e-01,-2.584476210176944733e-02,-7.903492450714111328e-02,-6.330566853284835815e-02,-7.985063642263412476e-02,-1.764171421527862549e-01,-2.649808228015899658e-01,-3.888268470764160156e-01,-3.945089280605316162e-01,1.926073879003524780e-01,2.995210587978363037e-01,-3.351116478443145752e-01,-3.490882515907287598e-01,4.155607223510742188e-01,4.230921566486358643e-01,-1.852904856204986572e-01,-2.239413261413574219e-01,-2.146713882684707642e-01,-2.501675486564636230e-01,-1.517005413770675659e-01,-3.428113162517547607e-01,-1.006572246551513672e-01,-2.005976587533950806e-01,-1.704378286376595497e-03,-8.171237073838710785e-03,4.134095460176467896e-02,-1.369226723909378052e-01,-3.996781110763549805e-01,-3.548448979854583740e-01,-9.902749210596084595e-02,-1.283529251813888550e-01,-2.173484861850738525e-01,-5.561171844601631165e-02,1.264731436967849731e-01,-1.297615021467208862e-01,-6.582437455654144287e-02,1.022942736744880676e-01,2.978483587503433228e-02,-6.779684126377105713e-02,1.196988597512245178e-01,1.100908741354942322e-01,1.437718123197555542e-01,1.202966794371604919e-01,1.643874049186706543e-01,2.541327178478240967e-01,-4.478206112980842590e-02,-6.075312942266464233e-02,1.570211499929428101e-01,1.234574615955352783e-01,9.600248932838439941e-02,1.985998451709747314e-01,1.771014928817749023e-01,1.629758179187774658e-01,-1.742683649063110352e-01,-1.617569327354431152e-01,-8.943669497966766357e-02,7.658939808607101440e-02,9.206822514533996582e-02,-1.371349543333053589e-01,5.038592964410781860e-02,5.938163399696350098e-02,-3.479272872209548950e-02,-5.398939549922943115e-02,-6.300111114978790283e-02,-7.777240872383117676e-02,-6.710987538099288940e-02,-2.980517037212848663e-02,1.017582416534423828e-01,-9.091351181268692017e-02,-1.198666244745254517e-01,-1.037960872054100037e-01,-3.825084269046783447e-01,-3.545480370521545410e-01,-2.484055608510971069e-01,-1.440800428390502930e-01,-8.912095427513122559e-02,-1.340368986129760742e-01,-2.249289117753505707e-02,-1.852906681597232819e-02,1.100558340549468994e-01,7.585422694683074951e-02,2.573899030685424805e-01,2.726365923881530762e-01,2.620983719825744629e-01,1.800539642572402954e-01,-3.137076199054718018e-01,-3.235146999359130859e-01,-2.438059747219085693e-01,-1.640488952398300171e-01,-2.342799901962280273e-01,-1.117348447442054749e-01,-9.010285139083862305e-02,2.050390988588333130e-01,-1.560361385345458984e-01,-1.212164461612701416e-01,2.838820684701204300e-03,9.673647582530975342e-02,-2.181858122348785400e-01,-4.113539680838584900e-02,-7.487037777900695801e-02,1.847987174987792969e-01,-6.823986303061246872e-03,-8.861383050680160522e-02,-2.405760884284973145e-01,1.750024706125259399e-01,2.529509067535400391e-01,4.341969639062881470e-02
2.500500082969665527e-01,1.782244592905044556e-01,3.764678835868835449e-01,-1.426803022623062134e-01,0.000000000000000000e+00,5.915261507034301758e-01,1.478005796670913696e-01,-1.252826601266860962e-01,3.676005005836486816e-01,3.986792266368865967e-01,2.058913856744766235e-01,2.160171717405319214e-01,6.778772175312042236e-02,1.320330649614334106e-01,1.475717686116695404e-02,3.346487581729888916e-01,2.361320704221725464e-01,1.085015088319778442e-01,2.273053526878356934e-01,2.108220905065536499e-01,2.537159919738769531e-01,9.698916226625442505e-02,-5.012994259595870972e-02,1.811804920434951782e-01,6.009107232093811035e-01,6.709839105606079102e-01,5.286536216735839844e-01,5.573679208755493164e-01,2.786695659160614014e-01,1.945622712373733521e-01,6.503710746765136719e-01,6.051259636878967285e-01,3.136172890663146973e-01,2.754077613353729248e-01,1.047378629446029663e-01,2.246275991201400757e-01,8.452920615673065186e-02,1.432329565286636353e-01,-3.675671815872192383e-01,-3.668118119239807129e-01,-2.435529679059982300e-01,-3.811007738113403320e-01,-2.720349431037902832e-01,-1.610499471426010132e-01,-1.508376598358154297e-01,-2.551711797714233398e-01,-2.471302151679992676e-01,-2.347722649574279785e-01,-3.584928810596466064e-01,-2.961303591728210449e-01,-3.851971030235290527e-01,-3.206545412540435791e-01,-3.731533885002136230e-01,-3.084764480590820312e-01,-2.791150808334350586e-01,-1.264016237109899521e-02,6.432262808084487915e-02,1.412205398082733154e-01,-4.429353028535842896e-02,-8.056356012821197510e-02,-5.629708524793386459e-03,2.524932026863098145e-01,2.438918799161911011e-01,2.498895078897476196e-01,1.333130449056625366e-01,8.906728774309158325e-02,1.490864604711532593e-01,3.112526237964630127e-01,1.641049534082412720e-01,8.563891798257827759e-02,4.484859704971313477e-01,3.214333057403564453e-01,3.840554952621459961e-01,3.598578572273254395e-01,-2.849020063877105713e-01,-1.176168024539947510e-01,-7.309272885322570801e-02,1.371721476316452026e-01,3.669416904449462891e-02,6.923270970582962036e-02,8.032973110675811768e-02,2.149851620197296143e-01,-2.325697690248489380e-01,-2.788310348987579346e-01,-2.553224861621856689e-01,8.169945329427719116e-02,-3.183786273002624512e-01,-1.279668509960174561e-01,-4.246244430541992188e-01,-6.761855632066726685e-02,-4.133601188659667969e-01,-3.862689435482025146e-01,-4.163813889026641846e-01,-1.898634880781173706e-01,8.318022638559341431e-02,3.548479080200195312e-02,1.888713389635086060e-01,1.491449922323226929e-01,3.578320741653442383e-01,2.215489596128463745e-01,1.813875287771224976e-01,9.822072088718414307e-02,4.515655934810638428e-01,4.377886354923248291e-01,4.506498575210571289e-02,-5.480520799756050110e-02,2.389178425073623657e-02,1.189775839447975159e-01,-1.252345591783523560e-01,8.067640662193298340e-02,3.104362487792968750e-01,-2.316634953022003174e-01,2.561641931533813477e-01,2.559197135269641876e-02,-3.302123546600341797e-01,1.608923673629760742e-01
1.698399037122726440e-01,1.335311233997344971e-01,2.063712477684020996e-01,-2.565846443176269531e-01,5.915261507034301758e-01,0.000000000000000000e+00,-1.146797370165586472e-02,1.474929321557283401e-02,1.054003313183784485e-01,4.281570017337799072e-01,1.905093640089035034e-01,2.640018165111541748e-01,1.542161107063293457e-01,-2.083711512386798859e-02,-1.560180485248565674e-01,2.298817187547683716e-01,1.330752074718475342e-01,-1.062042359262704849e-02,1.710709184408187866e-01,1.001081988215446472e-01,1.017914935946464539e-01,-3.767703846096992493e-02,-3.492808714509010315e-02,-8.503729104995727539e-02,5.537442564964294434e-01,6.962068080902099609e-01,5.838897824287414551e-01,6.464588046073913574e-01,1.426879018545150757e-01,1.204771474003791809e-01,5.354138612747192383e-01,6.187390685081481934e-01,2.729105055332183838e-01,2.599327266216278076e-01,1.056993231177330017e-01,1.384224146604537964e-01,-4.817384853959083557e-02,2.608803473412990570e-02,-4.154224693775177002e-01,-4.693447351455688477e-01,-2.751825749874114990e-01,-5.936607718467712402e-01,-9.240556508302688599e-02,3.001710213720798492e-02,-2.228646352887153625e-02,-1.383588314056396484e-01,-3.094116747379302979e-01,-3.131443262100219727e-01,-1.457689404487609863e-01,-1.019349545240402222e-01,-1.700625717639923096e-01,-1.130877807736396790e-01,-2.713250815868377686e-01,-1.919973045587539673e-01,-2.452587783336639404e-01,-1.118106320500373840e-01,1.048416569828987122e-01,5.705719813704490662e-02,4.359976202249526978e-02,-1.169836297631263733e-01,1.753093302249908447e-01,2.638837099075317383e-01,2.203867882490158081e-01,1.942922025918960571e-01,1.920182853937149048e-01,9.810341149568557739e-02,1.085905358195304871e-01,2.575296461582183838e-01,2.734510228037834167e-02,-1.251182518899440765e-02,4.982206821441650391e-01,2.409457415342330933e-01,3.432348668575286865e-01,4.409508705139160156e-01,-1.548582017421722412e-01,-3.289166837930679321e-02,-1.273137629032135010e-01,1.179612204432487488e-01,1.566372215747833252e-01,-1.596825271844863892e-01,3.132237493991851807e-02,-2.386762574315071106e-02,-3.832834362983703613e-01,-4.810404777526855469e-01,-2.365298718214035034e-01,2.408539131283760071e-02,-3.923892378807067871e-01,-2.725020051002502441e-01,-2.970269024372100830e-01,-1.748923957347869873e-01,-2.780330777168273926e-01,-2.823198139667510986e-01,-2.197887748479843140e-01,-9.832496941089630127e-02,-3.369022533297538757e-02,-4.063142091035842896e-02,1.953914463520050049e-01,4.035354405641555786e-02,2.632240653038024902e-01,1.219437122344970703e-01,1.017696484923362732e-01,4.251925647258758545e-02,3.048610389232635498e-01,2.292333245277404785e-01,7.900321483612060547e-02,-6.022753193974494934e-02,-9.646690636873245239e-02,1.215240955352783203e-01,-2.284107804298400879e-01,1.508703827857971191e-01,3.826608359813690186e-01,-1.420760154724121094e-01,1.519510000944137573e-01,-6.068582460284233093e-02,-2.252120077610015869e-01,2.923129200935363770e-01
4.786407947540283203e-01,1.645041704177856445e-01,6.046454310417175293e-01,3.446438312530517578e-01,1.478005796670913696e-01,-1.146797370165586472e-02,0.000000000000000000e+00,1.190081015229225159e-01,4.508493244647979736e-01,-8.184614777565002441e-02,3.456249237060546875e-01,1.413709819316864014e-01,3.190542161464691162e-01,5.835810676217079163e-02,1.134343743324279785e-01,3.256560489535331726e-02,-1.268883049488067627e-01,-2.069572359323501587e-01,3.523793220520019531e-01,3.259524703025817871e-01,-2.060663886368274689e-02,-1.747139692306518555e-01,2.498712688684463501e-01,3.270659744739532471e-01,-1.275820136070251465e-01,-3.392440825700759888e-02,2.046555131673812866e-01,7.260133326053619385e-02,7.014822959899902344e-02,-1.272781044244766235e-01,1.101392582058906555e-01,7.400112599134445190e-02,2.671945393085479736e-01,1.777731478214263916e-01,2.440887242555618286e-01,2.497446835041046143e-01,-9.596804529428482056e-02,-1.777576282620429993e-02,-1.895776987075805664e-01,-1.901089698076248169e-01,-1.851373612880706787e-01,-1.007744744420051575e-01,-1.430905461311340332e-01,-2.465116381645202637e-01,-3.399926722049713135e-01,-2.923678457736968994e-01,-2.514092028141021729e-01,-1.780767589807510376e-01,-3.012562692165374756e-01,-3.382919132709503174e-01,-2.645091414451599121e-01,-2.818060219287872314e-01,-1.897132843732833862e-01,-1.596421152353286743e-01,-1.864677518606185913e-01,-2.513079531490802765e-02,8.177934587001800537e-02,1.008046492934226990e-01,-2.315207384526729584e-02,5.000192299485206604e-02,2.656436860561370850e-01,2.070548832416534424e-01,2.685714066028594971e-01,9.140737354755401611e-03,2.634450495243072510e-01,1.407100260257720947e-01,2.561046481132507324e-01,1.613928973674774170e-01,9.163329005241394043e-02,2.244779616594314575e-01,1.421353071928024292e-01,2.087504118680953979e-01,2.254809588193893433e-01,1.191941872239112854e-01,3.739706799387931824e-02,1.428570002317428589e-01,2.404519021511077881e-01,1.999461799860000610e-01,-1.249822974205017090e-01,-1.040132269263267517e-01,-2.062698155641555786e-01,-1.037866324186325073e-01,-2.175265401601791382e-01,-2.046368718147277832e-01,-1.794642657041549683e-01,-6.557041406631469727e-02,-9.180200845003128052e-02,-1.069368422031402588e-02,-1.799230426549911499e-01,-3.746715560555458069e-02,-1.349178552627563477e-01,-9.367519617080688477e-02,-1.308509707450866699e-01,9.900718927383422852e-02,-2.412335388362407684e-02,-1.116014122962951660e-01,-1.118277013301849365e-01,-1.446608752012252808e-01,5.376184359192848206e-02,1.740939468145370483e-01,4.771190509200096130e-02,1.814479827880859375e-01,1.761840432882308960e-01,2.540985941886901855e-01,8.116155862808227539e-03,1.652189902961254120e-02,-6.737878173589706421e-02,5.710823461413383484e-02,6.506016850471496582e-02,1.075012907385826111e-01,1.290366649627685547e-01,-2.978849709033966064e-01,-1.962882466614246368e-02,1.021878868341445923e-01,-5.961290374398231506e-02,2.927141077816486359e-02
-1.606544107198715210e-02,1.656559705734252930e-01,-4.457493498921394348e-02,4.588031470775604248e-01,-1.252826601266860962e-01,1.474929321557283401e-02,1.190081015229225159e-01,0.000000000000000000e+00,-1.695180125534534454e-02,-2.093962728977203369e-01,-7.602537423372268677e-02,1.566164940595626831e-01,-1.164499856531620026e-02,-6.903466582298278809e-02,-2.319208681583404541e-01,-3.275445401668548584e-01,-4.674332141876220703e-01,-2.500538527965545654e-01,4.733453318476676941e-02,1.248433664441108704e-01,-4.221434891223907471e-01,-4.644009768962860107e-01,2.308771014213562012e-01,-1.732621192932128906e-01,-2.185721248388290405e-01,-1.412718594074249268e-01,-9.374453127384185791e-02,-1.077459082007408142e-01,-3.580190241336822510e-01,-1.597824841737747192e-01,-1.294041723012924194e-01,-9.569060802459716797e-02,-5.166698247194290161e-02,4.843698069453239441e-02,-1.765829771757125854e-01,-3.568967282772064209e-01,-5.383518338203430176e-01,-4.126183688640594482e-01,-1.732378900051116943e-01,-2.341008186340332031e-01,-2.223538905382156372e-01,-1.787424236536026001e-01,1.592283993959426880e-01,-8.795169740915298462e-02,1.145462989807128906e-01,2.591189444065093994e-01,6.738156080245971680e-02,-7.195714116096496582e-02,3.848638236522674561e-01,3.493149876594543457e-01,3.884542584419250488e-01,2.007053792476654053e-01,3.386567831039428711e-01,1.124840602278709412e-01,1.858973801136016846e-01,-2.037562429904937744e-01,1.846532523632049561e-01,9.367599338293075562e-02,3.383685350418090820e-01,2.136461436748504639e-01,4.213983714580535889e-01,2.041358500719070435e-01,-1.186259463429450989e-01,3.606012091040611267e-02,-1.782343387603759766e-01,-1.853486895561218262e-01,-2.506084740161895752e-02,-2.872432172298431396e-01,5.005183443427085876e-02,2.115957997739315033e-02,1.007937118411064148e-01,-2.687373757362365723e-01,-1.402679383754730225e-01,1.249306872487068176e-01,2.022495865821838379e-01,-1.258112341165542603e-01,1.009968742728233337e-01,-1.253599971532821655e-01,2.197659909725189209e-01,-4.557598829269409180e-01,-2.175630182027816772e-01,-5.054464936256408691e-01,-3.057461977005004883e-01,-3.251582086086273193e-01,9.390942007303237915e-02,-4.315533638000488281e-01,-1.916951388120651245e-01,-1.620136499404907227e-01,3.524211347103118896e-01,-2.792421877384185791e-01,4.185187816619873047e-01,1.322651654481887817e-01,4.283016324043273926e-01,-4.827435314655303955e-02,-4.031719863414764404e-01,-3.397587835788726807e-01,-9.444426000118255615e-02,-2.704366743564605713e-01,-1.806982159614562988e-01,-1.168155521154403687e-01,7.334796339273452759e-02,-9.575516916811466217e-03,-1.323543190956115723e-01,-2.892121970653533936e-01,2.009432762861251831e-01,-1.103047132492065430e-01,-2.641893625259399414e-01,-6.065276265144348145e-02,-1.935767233371734619e-01,1.776244044303894043e-01,5.885359644889831543e-02,4.843540117144584656e-02,-3.155330568552017212e-02,2.284880280494689941e-01,3.123915791511535645e-01,1.010026112198829651e-01
2.329184263944625854e-01,1.027409508824348450e-01,3.878346681594848633e-01,1.038458496332168579e-01,3.676005005836486816e-01,1.054003313183784485e-01,4.508493244647979736e-01,-1.695180125534534454e-02,0.000000000000000000e+00,1.651334911584854126e-01,3.291592299938201904e-01,2.617595195770263672e-01,1.719374209642410278e-01,2.302217781543731689e-01,2.671813368797302246e-01,2.892553508281707764e-01,1.862906366586685181e-01,8.344393223524093628e-02,1.368979364633560181e-01,9.422543644905090332e-02,1.124291867017745972e-01,-2.528705634176731110e-03,8.965201675891876221e-02,2.291550338268280029e-01,7.673805207014083862e-02,7.074736058712005615e-02,3.458837866783142090e-01,1.740577965974807739e-01,2.317192256450653076e-01,9.509492665529251099e-02,1.892619878053665161e-01,1.342772245407104492e-01,2.616974413394927979e-01,2.381112426519393921e-01,7.739993184804916382e-02,1.099524945020675659e-01,-4.664076492190361023e-02,7.388134952634572983e-03,-8.206477016210556030e-02,-7.622142881155014038e-02,-1.509289592504501343e-01,-8.012448251247406006e-02,-1.688543558120727539e-01,-2.036026418209075928e-01,-1.637727171182632446e-01,-1.546275466680526733e-01,-2.592133283615112305e-01,-1.800164729356765747e-01,-2.240619957447052002e-01,-1.675130277872085571e-01,-2.086708396673202515e-01,-1.662095785140991211e-01,-1.579360514879226685e-01,-1.346556693315505981e-01,-2.128394395112991333e-01,4.287275299429893494e-02,4.634124413132667542e-02,9.734555333852767944e-02,-1.424273755401372910e-02,2.550693415105342865e-02,1.553953886032104492e-01,2.188639938831329346e-01,3.091852366924285889e-01,1.739221662282943726e-01,1.903504878282546997e-01,4.303313419222831726e-02,5.921890586614608765e-02,8.321586996316909790e-02,9.465616196393966675e-02,8.926456421613693237e-02,4.665635153651237488e-02,1.028050109744071960e-01,1.763443052768707275e-01,1.200691834092140198e-01,-2.030587941408157349e-02,-1.970135234296321869e-02,-1.258495636284351349e-02,6.837727874517440796e-02,-9.299701452255249023e-02,6.632567942142486572e-02,-1.641628518700599670e-02,4.710673540830612183e-02,-3.012735024094581604e-02,-1.513913646340370178e-02,-1.378376930952072144e-01,-3.395273908972740173e-02,-8.882904797792434692e-02,4.637008160352706909e-02,-1.719333827495574951e-01,-1.432622811989858747e-04,-2.055977135896682739e-01,-1.939671188592910767e-01,-2.148544639348983765e-01,-1.052415966987609863e-01,9.644474089145660400e-02,8.872663974761962891e-02,9.010078012943267822e-02,3.043382056057453156e-02,5.170103907585144043e-02,1.673844270408153534e-02,6.746241450309753418e-02,-2.734037349000573158e-03,1.492922157049179077e-01,1.541978716850280762e-01,-1.050419211387634277e-01,-1.171978414058685303e-01,-1.038909479975700378e-01,-1.562243793159723282e-02,-2.751548774540424347e-03,9.228377789258956909e-02,1.520753502845764160e-01,-2.206922322511672974e-01,8.256174623966217041e-02,-3.137759398669004440e-03,-2.677066922187805176e-01,3.651968762278556824e-02
1.256314665079116821e-01,3.953283280134201050e-02,1.692292094230651855e-01,-2.145720422267913818e-01,3.986792266368865967e-01,4.281570017337799072e-01,-8.184614777565002441e-02,-2.093962728977203369e-01,1.651334911584854126e-01,0.000000000000000000e+00,7.303347438573837280e-02,1.914805732667446136e-02,-7.965070009231567383e-02,-5.237500369548797607e-02,6.541128456592559814e-02,4.714936017990112305e-01,1.931114792823791504e-01,1.251017022877931595e-02,1.138704195618629456e-01,1.058108061552047729e-01,1.389546841382980347e-01,1.595224440097808838e-01,-1.257531344890594482e-01,6.804153323173522949e-02,4.054127037525177002e-01,3.515130877494812012e-01,3.955417871475219727e-01,4.278421700000762939e-01,1.477160006761550903e-01,1.530728489160537720e-01,3.876641988754272461e-01,3.592389523983001709e-01,2.287857830524444580e-01,1.994840800762176514e-01,1.395309120416641235e-01,1.383902281522750854e-01,6.893985718488693237e-02,1.103609204292297363e-01,-1.985755413770675659e-01,-1.687164008617401123e-01,-2.476776689291000366e-01,-2.807253301143646240e-01,-3.148259818553924561e-01,-7.622211426496505737e-02,-7.337164133787155151e-02,-1.904253959655761719e-01,-2.532985508441925049e-01,-2.191876769065856934e-01,-2.868147790431976318e-01,-1.886273771524429321e-01,-3.073620200157165527e-01,-2.281601876020431519e-01,-3.112993538379669189e-01,-2.740896046161651611e-01,-2.588183283805847168e-01,-3.126443922519683838e-02,-4.697784408926963806e-02,-5.100713297724723816e-02,-4.919634666293859482e-04,5.868336930871009827e-02,-4.846833646297454834e-02,1.546803712844848633e-01,1.304719299077987671e-01,2.069317847490310669e-01,1.147214174270629883e-01,7.831978052854537964e-02,8.263817429542541504e-02,2.222245782613754272e-01,1.300016641616821289e-01,1.456676330417394638e-02,2.308038771152496338e-01,1.241856440901756287e-01,1.955654621124267578e-01,2.126907408237457275e-01,-2.074753195047378540e-01,-6.494022160768508911e-02,-1.750766485929489136e-01,-2.924577333033084869e-02,-5.348175764083862305e-02,1.730566769838333130e-01,5.965951830148696899e-02,1.490834802389144897e-01,-1.319532841444015503e-01,-1.569107025861740112e-01,-8.063032478094100952e-02,5.547088012099266052e-02,-9.367062896490097046e-02,-5.553094297647476196e-02,-3.245769143104553223e-01,-5.898835137486457825e-03,-4.452118873596191406e-01,-3.952032923698425293e-01,-4.621927738189697266e-01,-2.697968482971191406e-01,1.340019255876541138e-01,1.458585262298583984e-01,2.196733653545379639e-01,1.653821319341659546e-01,1.179962977766990662e-01,-4.078543931245803833e-02,-7.061660289764404297e-02,-1.765792816877365112e-01,1.347306072711944580e-01,1.567898839712142944e-01,-9.434167295694351196e-02,-2.874427475035190582e-02,1.217682734131813049e-01,1.768188029527664185e-01,-9.442434459924697876e-02,3.417051210999488831e-02,1.451507210731506348e-01,-2.082889676094055176e-01,2.186037302017211914e-01,-6.967012584209442139e-02,-3.156138062477111816e-01,1.270195245742797852e-01
3.450440466403961182e-01,2.216794490814208984e-01,2.306848764419555664e-01,-2.584476210176944733e-02,2.058913856744766235e-01,1.905093640089035034e-01,3.456249237060546875e-01,-7.602537423372268677e-02,3.291592299938201904e-01,7.303347438573837280e-02,0.000000000000000000e+00,3.905478715896606445e-01,5.808357000350952148e-01,2.941012084484100342e-01,2.775511145591735840e-01,2.197360247373580933e-01,3.538949787616729736e-01,2.132876515388488770e-01,3.524692654609680176e-01,1.067636534571647644e-01,-1.140458285808563232e-01,-8.904262445867061615e-03,1.246538385748863220e-01,8.405719697475433350e-02,1.094726249575614929e-01,1.043818518519401550e-01,2.064516991376876831e-01,1.820338517427444458e-01,2.229899466037750244e-01,1.018710657954216003e-01,3.001058697700500488e-01,1.740102022886276245e-01,3.904963433742523193e-01,4.051854610443115234e-01,1.032919958233833313e-01,4.670573025941848755e-02,-8.400740474462509155e-02,-1.562258154153823853e-01,-1.240685209631919861e-01,-2.660154104232788086e-01,-1.301609873771667480e-01,-1.474545747041702271e-01,-5.274118855595588684e-02,-8.251981809735298157e-03,-1.688218116760253906e-01,-1.644887030124664307e-01,-3.732423484325408936e-01,-3.810907602310180664e-01,-5.168081074953079224e-02,-9.999356418848037720e-02,-1.067164354026317596e-02,-9.553846321068704128e-04,-1.515030562877655029e-01,-7.570067793130874634e-02,-1.699752956628799438e-01,-3.321042060852050781e-01,2.939714491367340088e-01,1.597108840942382812e-01,2.516717091202735901e-02,-1.513036340475082397e-01,4.803550541400909424e-01,2.759257256984710693e-01,4.904093742370605469e-01,3.333663940429687500e-01,4.544259905815124512e-01,2.293451726436614990e-01,-6.047355011105537415e-02,1.154164299368858337e-01,2.012752927839756012e-02,-1.774138510227203369e-01,3.307004868984222412e-01,2.533414065837860107e-01,3.335360586643218994e-01,3.302807509899139404e-01,2.061189711093902588e-01,2.284219861030578613e-01,1.183408591896295547e-02,2.850580587983131409e-02,-7.682345062494277954e-02,-1.163157820701599121e-01,-9.327696263790130615e-02,-8.149696886539459229e-02,-1.353886574506759644e-01,-2.705308198928833008e-01,-2.972427755594253540e-02,-1.276811063289642334e-01,-5.969957634806632996e-02,-1.876168400049209595e-01,-9.536284953355789185e-02,-1.781890392303466797e-01,-2.870157361030578613e-01,-1.321536749601364136e-01,-7.915201783180236816e-02,1.830930705182254314e-03,1.241998672485351562e-01,7.469477504491806030e-02,2.193782478570938110e-01,3.176232054829597473e-02,3.443481028079986572e-02,-7.339057326316833496e-02,3.209367860108613968e-03,-9.538407623767852783e-02,-3.034411929547786713e-02,-5.538836866617202759e-02,-3.089964985847473145e-01,-4.957864880561828613e-01,-2.972384095191955566e-01,-7.433903217315673828e-02,-2.213551700115203857e-01,3.618206679821014404e-01,3.596295714378356934e-01,-2.279398888349533081e-01,-1.494159847497940063e-01,-2.857219278812408447e-01,-1.998483836650848389e-01,2.077479213476181030e-01
2.481708228588104248e-01,3.012859225273132324e-01,2.183147370815277100e-01,-7.903492450714111328e-02,2.160171717405319214e-01,2.640018165111541748e-01,1.413709819316864014e-01,1.566164940595626831e-01,2.617595195770263672e-01,1.914805732667446136e-02,3.905478715896606445e-01,0.000000000000000000e+00,2.060154229402542114e-01,5.612649917602539062e-01,1.089617330580949783e-02,2.786007523536682129e-01,2.897389233112335205e-01,3.630702495574951172e-01,1.236855611205101013e-01,1.239582225680351257e-01,1.600039750337600708e-01,6.271653622388839722e-02,-8.829675614833831787e-02,-6.473653763532638550e-02,6.375865638256072998e-02,1.991713345050811768e-01,2.002093046903610229e-01,1.732313185930252075e-01,3.143480718135833740e-01,3.073178231716156006e-01,2.856459021568298340e-01,2.669056951999664307e-01,1.255275607109069824e-01,2.913688719272613525e-01,-2.049668580293655396e-01,2.313000336289405823e-02,1.608545705676078796e-02,4.862282052636146545e-02,-1.259941756725311279e-01,-1.609430760145187378e-01,1.646950654685497284e-02,-1.216870024800300598e-01,1.889516715891659260e-03,1.167862582951784134e-02,3.565272316336631775e-02,8.566083759069442749e-02,-1.584929674863815308e-01,-1.577602773904800415e-01,-1.277321949601173401e-03,3.345838561654090881e-02,-3.153626248240470886e-02,-5.283148586750030518e-02,-1.531540751457214355e-01,-2.091218531131744385e-01,-2.154867500066757202e-01,-4.858493804931640625e-02,9.146983176469802856e-02,1.240391284227371216e-01,1.838462054729461670e-01,1.229868903756141663e-01,1.425576210021972656e-01,3.129707872867584229e-01,3.999166488647460938e-01,4.236338734626770020e-01,-2.233717386843636632e-04,-7.795318216085433960e-02,-1.438372135162353516e-01,5.946799740195274353e-02,-6.441920530050992966e-03,-2.144601382315158844e-02,7.175986468791961670e-02,4.655287042260169983e-02,2.927809655666351318e-01,3.021462261676788330e-01,1.743459254503250122e-01,2.016994655132293701e-01,-1.089541465044021606e-01,2.009603977203369141e-01,6.924302875995635986e-02,-1.904703527688980103e-01,9.547691792249679565e-02,1.382799744606018066e-01,-7.072320580482482910e-02,-1.110963523387908936e-01,-1.949997693300247192e-01,-1.204195781610906124e-03,-1.779839843511581421e-01,-7.000617682933807373e-02,-1.795436590909957886e-01,-1.991544961929321289e-01,-1.620160788297653198e-01,-3.013225793838500977e-01,-1.253620982170104980e-01,-1.840884387493133545e-01,1.002293750643730164e-01,1.233310326933860779e-01,1.493621915578842163e-01,2.793711237609386444e-02,2.142685502767562866e-01,1.490024179220199585e-01,2.157439142465591431e-01,1.951680751517415047e-03,2.731136381626129150e-01,2.188516110181808472e-01,-4.291461408138275146e-02,-2.562303543090820312e-01,-1.268434822559356689e-01,1.123952493071556091e-01,-1.176705136895179749e-01,4.657846689224243164e-02,2.570095956325531006e-01,-2.024684399366378784e-01,1.595212817192077637e-01,-3.545263782143592834e-02,-1.218164712190628052e-01,1.072018742561340332e-01
1.017514765262603760e-01,-8.526626974344253540e-02,1.089572086930274963e-01,-6.330566853284835815e-02,6.778772175312042236e-02,1.542161107063293457e-01,3.190542161464691162e-01,-1.164499856531620026e-02,1.719374209642410278e-01,-7.965070009231567383e-02,5.808357000350952148e-01,2.060154229402542114e-01,0.000000000000000000e+00,1.154756918549537659e-01,4.145796895027160645e-01,6.873429566621780396e-02,1.790216267108917236e-01,7.133535295724868774e-02,2.991098165512084961e-01,-1.801030524075031281e-02,-1.365531831979751587e-01,-6.409616023302078247e-02,2.353849560022354126e-01,2.167261764407157898e-02,1.064096391201019287e-01,5.966128408908843994e-02,2.272205948829650879e-01,1.261844635009765625e-01,-4.528291150927543640e-02,4.967882856726646423e-02,4.192990437150001526e-02,1.282919645309448242e-01,1.384444385766983032e-01,1.218382567167282104e-01,2.324595302343368530e-01,5.789846926927566528e-02,-1.608383096754550934e-02,-1.428301483392715454e-01,5.235521122813224792e-02,-1.127656251192092896e-01,4.705074802041053772e-02,-7.299780100584030151e-02,1.510525643825531006e-01,8.668753504753112793e-02,-2.986952364444732666e-01,-3.128659427165985107e-01,-2.973136901855468750e-01,-2.758053541183471680e-01,1.010268274694681168e-02,-1.444050371646881104e-01,1.054980754852294922e-01,1.740883477032184601e-02,9.866973757743835449e-02,1.039255037903785706e-02,6.229312159121036530e-03,-2.462610602378845215e-01,1.237929463386535645e-01,-6.438515335321426392e-02,-2.593083977699279785e-01,-4.215735197067260742e-01,3.857979476451873779e-01,-8.197264373302459717e-02,1.962015926837921143e-01,-1.308505982160568237e-01,5.442231893539428711e-01,3.291720747947692871e-01,-2.809323668479919434e-01,-1.205639019608497620e-01,-1.476176679134368896e-01,-1.157518550753593445e-01,2.743885219097137451e-01,9.813546389341354370e-02,1.233936473727226257e-01,1.788141280412673950e-01,2.586504518985748291e-01,1.373014301061630249e-01,2.134485915303230286e-02,-2.723259106278419495e-02,2.245964854955673218e-01,-2.276385873556137085e-01,8.340415358543395996e-02,-1.848406940698623657e-01,1.034301705658435822e-03,-2.072255611419677734e-01,2.685581147670745850e-01,-1.900168806314468384e-01,1.684428937733173370e-02,-1.902709007263183594e-01,2.262108474969863892e-01,-2.469758838415145874e-01,-9.850507229566574097e-02,1.821297220885753632e-02,9.164495021104812622e-02,8.839973062276840210e-02,5.700418353080749512e-02,9.958920069038867950e-03,1.116219535470008850e-02,-2.837766408920288086e-01,-1.906156688928604126e-01,-1.516903340816497803e-01,-7.328350841999053955e-02,-1.074897050857543945e-01,-1.930045038461685181e-01,-2.155151963233947754e-01,-2.046421021223068237e-01,-4.199005365371704102e-01,-2.499310523271560669e-01,-1.778468191623687744e-01,-5.216271057724952698e-02,1.602550148963928223e-01,7.327876240015029907e-02,-2.674451172351837158e-01,-2.121902555227279663e-01,-1.551575809717178345e-01,1.352536864578723907e-02,7.510720193386077881e-02
