0.000000000000000000e+00,3.403877466917037964e-02,6.449062824249267578e-01,2.542394399642944336e-01,2.312283962965011597e-01,2.142165005207061768e-01,7.493346929550170898e-01,1.202718764543533325e-01,4.258587360382080078e-01,1.118480637669563293e-01,2.933763861656188965e-01,-7.747829705476760864e-02,2.667511701583862305e-01,1.989994896575808525e-03,2.961032092571258545e-01,-1.045057848095893860e-01,-5.128789544105529785e-01,-1.797652393579483032e-01,6.438433527946472168e-01,3.288353979587554932e-01,-4.056316614151000977e-01,4.739848524332046509e-02,3.676389455795288086e-01,3.057284951210021973e-01,-2.920979857444763184e-01,-4.113524258136749268e-01,3.068013787269592285e-01,3.162733614444732666e-01,-4.546812176704406738e-01,-2.372537404298782349e-01,3.908379673957824707e-01,1.978027820587158203e-01,5.730704665184020996e-01,4.829459786415100098e-01,-4.874626547098159790e-02,1.922423690557479858e-01,-8.716657757759094238e-02,-3.297128975391387939e-01,-1.039377599954605103e-01,-5.050685405731201172e-01,-4.826368987560272217e-01,-9.452218562364578247e-02,-3.690654337406158447e-01,-3.468200266361236572e-01,-3.533305227756500244e-01,-2.648794054985046387e-01,-3.273521959781646729e-01,-4.135016798973083496e-01,-3.394652605056762695e-01,-4.866190850734710693e-01,-1.609938293695449829e-01,-5.280053615570068359e-01,1.004270315170288086e-01,-5.651595592498779297e-01,4.993849396705627441e-01,-2.752749621868133545e-01,5.436124205589294434e-01,3.008272349834442139e-01,2.981774806976318359e-01,3.134528696537017822e-01,2.054220139980316162e-01,-3.626811206340789795e-01,-2.524307742714881897e-02,-3.519596457481384277e-01,-2.432402372360229492e-01,-5.514422655105590820e-01,3.485711812973022461e-01,3.266312181949615479e-01,4.444892704486846924e-01,3.944892585277557373e-01,5.257050991058349609e-01,2.012191563844680786e-01,1.840793788433074951e-01,1.701109409332275391e-01,2.527082562446594238e-01,3.268890380859375000e-01,3.329536616802215576e-01,-5.282409489154815674e-02,-3.584668636322021484e-01,-4.407923519611358643e-01,-1.580142229795455933e-01,-7.180722951889038086e-01,-2.143803089857101440e-01,-6.262935996055603027e-01,5.481958985328674316e-01,-7.514272928237915039e-01,4.408872425556182861e-01,-5.009722709655761719e-02,4.816792607307434082e-01,-5.621695518493652344e-01,5.168333649635314941e-01,-3.927336931228637695e-01,1.199828460812568665e-02,-3.104508817195892334e-01,-7.953310012817382812e-02,2.663761377334594727e-01,2.559166252613067627e-01,-7.859659194946289062e-02,2.923703491687774658e-01,7.744811475276947021e-02,5.991688370704650879e-01,1.966131478548049927e-02,3.804796338081359863e-01,2.908426821231842041e-01,6.163589954376220703e-01,1.771409809589385986e-01,4.539602696895599365e-01,2.531090676784515381e-01,5.985336750745773315e-02,8.046115189790725708e-02,-2.869822680950164795e-01,2.168625742197036743e-01,-4.008007794618606567e-02,3.464752137660980225e-01,4.118476510047912598e-01,1.583546996116638184e-01
3.403877466917037964e-02,0.000000000000000000e+00,8.458498120307922363e-02,6.228112578392028809e-01,-2.035108208656311035e-02,7.673361897468566895e-02,1.575772464275360107e-02,6.576821208000183105e-01,-6.838649860583245754e-04,3.885033428668975830e-01,8.717641234397888184e-02,3.221892714500427246e-01,2.038140147924423218e-01,5.005260705947875977e-01,-2.727375924587249756e-01,3.325662612915039062e-01,-2.536465823650360107e-01,-2.449276298284530640e-01,3.848619461059570312e-01,4.106998741626739502e-01,-2.421447038650512695e-01,-1.247177720069885254e-01,2.801897525787353516e-01,4.242094159126281738e-01,-2.483741044998168945e-01,-2.111385166645050049e-01,8.354274183511734009e-02,8.055125176906585693e-02,-1.903684288263320923e-01,-3.821173608303070068e-01,1.232161447405815125e-01,1.997862160205841064e-01,2.247114777565002441e-01,2.605222165584564209e-01,-9.003288298845291138e-02,-1.844925582408905029e-01,-1.730808615684509277e-01,-2.128478139638900757e-01,-3.297009766101837158e-01,-2.531709372997283936e-01,-3.523316979408264160e-01,3.376617655158042908e-02,-9.550076723098754883e-02,-1.622997820377349854e-01,-9.952763095498085022e-03,-1.055500730872154236e-01,-1.646864265203475952e-01,-6.547988951206207275e-02,-1.581809818744659424e-01,-9.443565271794795990e-03,-2.288156151771545410e-01,3.639135509729385376e-02,-3.931002616882324219e-01,-3.159334883093833923e-03,-2.737397849559783936e-01,1.696850806474685669e-01,5.483065545558929443e-02,6.091919541358947754e-01,-8.125981688499450684e-02,1.905669569969177246e-01,-3.140336573123931885e-01,5.084156244993209839e-02,-2.931082844734191895e-01,1.057222187519073486e-01,-4.190655052661895752e-01,7.724001258611679077e-02,1.463311463594436646e-01,2.035095691680908203e-01,1.041481196880340576e-01,3.026534616947174072e-01,-2.312803268432617188e-01,2.657029032707214355e-01,-9.119477868080139160e-02,-2.475385181605815887e-02,-1.620754301548004150e-01,-2.889819443225860596e-02,-1.215052679181098938e-01,4.055529087781906128e-02,-3.814710378646850586e-01,2.122025340795516968e-01,-5.028460621833801270e-01,9.589662402868270874e-02,-4.314144700765609741e-02,3.113007172942161560e-02,-5.092021822929382324e-01,2.420966923236846924e-01,-1.352934390306472778e-01,1.738626807928085327e-01,-4.271450936794281006e-01,3.039473593235015869e-01,-2.900425195693969727e-01,2.593683600425720215e-01,-2.487803399562835693e-01,1.819079183042049408e-02,7.649742811918258667e-02,8.597254753112792969e-02,1.830580085515975952e-01,2.791910171508789062e-01,1.097298786044120789e-02,1.010959446430206299e-01,-1.297102570533752441e-01,2.985344231128692627e-01,-5.309813655912876129e-03,2.586106359958648682e-01,6.858541071414947510e-02,1.597158759832382202e-01,1.045132130384445190e-01,1.885202676057815552e-01,1.067041978240013123e-01,1.495281457901000977e-01,-1.080746650695800781e-01,2.434279024600982666e-01,1.296838819980621338e-01,1.750182062387466431e-01,3.593886792659759521e-01,-1.131486445665359497e-01
6.449062824249267578e-01,8.458498120307922363e-02,0.000000000000000000e+00,5.568405389785766602e-01,3.503172993659973145e-01,4.858017861843109131e-01,8.461410403251647949e-01,3.863492012023925781e-01,6.308873295783996582e-01,3.619399666786193848e-01,5.986967682838439941e-02,-1.292133424431085587e-02,2.194613367319107056e-01,1.563979983329772949e-01,4.692828655242919922e-01,2.414440959692001343e-01,-5.212255716323852539e-01,-1.544087529182434082e-01,6.701938509941101074e-01,2.542794048786163330e-01,-1.482331454753875732e-01,3.537254929542541504e-01,5.588154792785644531e-01,6.829899549484252930e-01,-3.582815825939178467e-01,-3.904901146888732910e-01,5.441825389862060547e-01,5.884117484092712402e-01,-4.405352175235748291e-01,-1.476787328720092773e-01,5.695889592170715332e-01,5.194492340087890625e-01,5.281814336776733398e-01,4.796691536903381348e-01,1.513964980840682983e-01,2.158764451742172241e-01,1.677032709121704102e-01,-7.076285779476165771e-02,6.057654321193695068e-02,-4.001616835594177246e-01,-3.018935620784759521e-01,2.690596878528594971e-02,-5.911870598793029785e-01,-5.691099166870117188e-01,-6.402617096900939941e-01,-6.434545516967773438e-01,-4.058887660503387451e-01,-4.855829775333404541e-01,-6.742255687713623047e-01,-7.331161499023437500e-01,-5.050831437110900879e-01,-7.435114383697509766e-01,-2.373189777135848999e-01,-7.321727871894836426e-01,6.169895529747009277e-01,5.791074410080909729e-02,4.842800199985504150e-01,2.234164625406265259e-01,5.036607384681701660e-01,4.045332372188568115e-01,5.009559914469718933e-02,-3.418139219284057617e-01,-1.804499179124832153e-01,-3.911260366439819336e-01,-2.810758650302886963e-01,-5.218622684478759766e-01,5.404040813446044922e-01,4.600329399108886719e-01,6.367229819297790527e-01,6.277633905410766602e-01,6.318476200103759766e-01,4.015478193759918213e-01,4.277863800525665283e-01,3.675003051757812500e-01,4.125530719757080078e-01,3.562546670436859131e-01,4.241940975189208984e-01,1.151488125324249268e-01,-4.893615841865539551e-01,-4.372055232524871826e-01,-3.878526985645294189e-01,-5.725490450859069824e-01,-1.258315294981002808e-01,-3.281942009925842285e-01,4.201457500457763672e-01,-6.547677516937255859e-01,6.325071454048156738e-01,3.016800880432128906e-01,5.526154637336730957e-01,-3.127910196781158447e-01,2.224907130002975464e-01,-3.146057128906250000e-01,-3.695262968540191650e-01,-5.882103443145751953e-01,2.171817719936370850e-01,3.951569795608520508e-01,2.330036312341690063e-01,-1.859927363693714142e-02,5.129367709159851074e-01,3.583445250988006592e-01,6.030815839767456055e-01,1.322183012962341309e-01,6.554985642433166504e-01,5.655088424682617188e-01,6.424670219421386719e-01,2.149206846952438354e-01,6.389404535293579102e-01,5.703386664390563965e-01,2.699759304523468018e-01,2.451830059289932251e-01,-3.302595615386962891e-01,1.644589006900787354e-01,-5.816352367401123047e-02,3.928695917129516602e-01,2.370725423097610474e-01,2.826179563999176025e-01
2.542394399642944336e-01,6.228112578392028809e-01,5.568405389785766602e-01,0.000000000000000000e+00,2.648172378540039062e-01,4.222373962402343750e-01,4.582067430019378662e-01,8.444468379020690918e-01,3.959159553050994873e-01,6.149284243583679199e-01,-2.849366050213575363e-03,2.785163521766662598e-01,2.371934205293655396e-01,4.991946816444396973e-01,9.024415165185928345e-02,5.081784129142761230e-01,-4.073031842708587646e-01,-2.522020041942596436e-01,6.529551148414611816e-01,4.222581088542938232e-01,-1.387421190738677979e-01,1.720848530530929565e-01,4.971369504928588867e-01,7.737106680870056152e-01,-3.841853737831115723e-01,-3.817987740039825439e-01,4.396158456802368164e-01,4.316843152046203613e-01,-3.159776329994201660e-01,-3.669681251049041748e-01,4.118386209011077881e-01,4.838225841522216797e-01,4.496985673904418945e-01,4.340512752532958984e-01,-1.430686376988887787e-02,-8.907291293144226074e-02,1.065375655889511108e-01,-9.873611479997634888e-02,-1.088400259613990784e-01,-3.034592270851135254e-01,-3.243518471717834473e-01,1.349593400955200195e-01,-4.112364053726196289e-01,-4.589692652225494385e-01,-4.203425645828247070e-01,-5.511857867240905762e-01,-3.223394453525543213e-01,-3.705702424049377441e-01,-5.742529630661010742e-01,-4.476769268512725830e-01,-5.222073197364807129e-01,-4.127485156059265137e-01,-5.458955168724060059e-01,-4.665929973125457764e-01,1.654672622680664062e-01,3.055430054664611816e-01,3.091467618942260742e-01,4.966098964214324951e-01,2.840201258659362793e-01,4.937380254268646240e-01,-2.916375100612640381e-01,-1.352902650833129883e-01,-3.590147197246551514e-01,-1.398726552724838257e-01,-5.023317933082580566e-01,-1.826940625905990601e-01,5.141100883483886719e-01,5.407616496086120605e-01,5.033338069915771484e-01,6.420958042144775391e-01,1.477032303810119629e-01,4.588018357753753662e-01,2.769888043403625488e-01,2.074851691722869873e-01,1.450053900480270386e-01,1.885233670473098755e-01,1.170444041490554810e-01,1.742209792137145996e-01,-5.324633121490478516e-01,-8.706562966108322144e-02,-5.959364175796508789e-01,-1.850848346948623657e-01,-3.383054956793785095e-02,-5.937975645065307617e-02,-2.362285703420639038e-01,-9.702653437852859497e-02,2.894334495067596436e-01,4.220969378948211670e-01,-2.434877678751945496e-04,1.848270297050476074e-01,-1.536524295806884766e-01,3.636259958148002625e-02,-5.152193903923034668e-01,-4.171205461025238037e-01,2.984644472599029541e-01,3.539644181728363037e-01,2.704603374004364014e-01,2.724392712116241455e-01,3.944939374923706055e-01,3.890635967254638672e-01,2.166994214057922363e-01,3.423388898372650146e-01,4.382690489292144775e-01,5.853739380836486816e-01,3.637519776821136475e-01,1.832967400550842285e-01,4.485522508621215820e-01,5.441606044769287109e-01,3.433341979980468750e-01,3.229227066040039062e-01,-2.651748657226562500e-01,2.653930783271789551e-01,5.968334525823593140e-02,3.373663723468780518e-01,3.113603293895721436e-01,8.029744774103164673e-02
2.312283962965011597e-01,-2.035108208656311035e-02,3.503172993659973145e-01,2.648172378540039062e-01,0.000000000000000000e+00,5.956096649169921875e-01,4.119779765605926514e-01,2.134472578763961792e-01,6.164326667785644531e-01,5.667403936386108398e-01,2.353157550096511841e-01,2.415633499622344971e-01,3.346198499202728271e-01,3.430822491645812988e-01,6.138437390327453613e-01,5.554737448692321777e-01,-1.079582646489143372e-01,7.338324934244155884e-02,2.869337201118469238e-01,-2.128471136093139648e-01,-1.108041927218437195e-01,3.709578514099121094e-01,3.500718176364898682e-01,3.948706686496734619e-01,1.125815138220787048e-01,1.150308996438980103e-01,6.279604434967041016e-01,5.745296478271484375e-01,-3.955396264791488647e-02,5.926194787025451660e-02,6.121584773063659668e-01,4.000226259231567383e-01,3.430624008178710938e-01,3.101479113101959229e-01,1.682689636945724487e-01,2.685782611370086670e-01,-1.201982647180557251e-01,-2.011384814977645874e-01,-1.114915460348129272e-01,-4.631251469254493713e-02,-1.220243200659751892e-01,-7.649262249469757080e-02,-6.194393634796142578e-01,-5.392162203788757324e-01,-5.263442993164062500e-01,-2.590159475803375244e-01,-5.364853739738464355e-01,-3.977792263031005859e-01,-5.725470185279846191e-01,-5.306646227836608887e-01,-5.700286030769348145e-01,-5.596327781677246094e-01,-4.457442164421081543e-01,-5.549440979957580566e-01,2.420283555984497070e-01,-4.705725610256195068e-02,4.104921221733093262e-01,1.835210770368576050e-01,3.779603838920593262e-01,3.846027255058288574e-01,2.388747632503509521e-01,1.198263466358184814e-02,2.052278071641921997e-01,1.345523539930582047e-02,-1.413740813732147217e-01,-2.025630474090576172e-01,1.833161264657974243e-01,1.814475357532501221e-01,3.395877480506896973e-01,2.769925594329833984e-01,4.172700345516204834e-01,3.212454915046691895e-01,3.000721633434295654e-01,2.063361257314682007e-01,1.777206659317016602e-01,1.960507929325103760e-01,3.051281869411468506e-01,2.572908997535705566e-01,-4.264857769012451172e-01,-2.349743545055389404e-01,-3.356544077396392822e-01,-2.230278402566909790e-01,-3.794227838516235352e-01,-4.745318740606307983e-02,1.095538139343261719e-01,-3.484988808631896973e-01,5.509608983993530273e-01,5.196374654769897461e-01,3.732934296131134033e-01,3.094491362571716309e-02,-1.682838052511215210e-01,-4.499452412128448486e-01,-4.511663317680358887e-01,-4.769922494888305664e-01,-1.463582962751388550e-01,-1.141932681202888489e-01,-2.656226158142089844e-01,-2.996114194393157959e-01,2.769986987113952637e-01,1.661196500062942505e-01,3.866566717624664307e-01,2.134314626455307007e-01,4.915582537651062012e-01,5.088373422622680664e-01,4.713245928287506104e-01,3.928157389163970947e-01,4.935716688632965088e-01,4.932089149951934814e-01,-1.043250635266304016e-01,5.796664208173751831e-02,-3.670330643653869629e-01,-1.920527964830398560e-01,-2.906334102153778076e-01,2.824644148349761963e-01,-2.239346131682395935e-02,3.104493021965026855e-01
2.142165005207061768e-01,7.673361897468566895e-02,4.858017861843109131e-01,4.222373962402343750e-01,5.956096649169921875e-01,0.000000000000000000e+00,4.937703609466552734e-01,3.627640008926391602e-01,7.154743075370788574e-01,6.534451246261596680e-01,2.423527278006076813e-02,3.102052211761474609e-01,3.262152075767517090e-01,3.619241118431091309e-01,7.062384486198425293e-01,6.292140483856201172e-01,-1.541304737329483032e-01,1.503904014825820923e-01,3.302495777606964111e-01,-2.900207042694091797e-01,4.747403785586357117e-02,5.252647399902343750e-01,2.512719035148620605e-01,5.456509590148925781e-01,-1.547253280878067017e-01,7.032260298728942871e-02,7.394900918006896973e-01,6.925064921379089355e-01,-7.929954677820205688e-02,1.882117837667465210e-01,6.317515969276428223e-01,5.534149408340454102e-01,3.297200500965118408e-01,2.738170027732849121e-01,2.155628949403762817e-01,2.260270714759826660e-01,7.640994340181350708e-02,3.905786946415901184e-02,1.411020159721374512e-01,4.147465154528617859e-02,-5.085857212543487549e-02,9.073740243911743164e-02,-7.532725930213928223e-01,-5.517640113830566406e-01,-6.882406473159790039e-01,-4.414058923721313477e-01,-5.289651751518249512e-01,-4.693922400474548340e-01,-7.657909393310546875e-01,-6.821756362915039062e-01,-7.156282067298889160e-01,-7.080757021903991699e-01,-5.508436560630798340e-01,-6.944794654846191406e-01,4.446458518505096436e-01,1.346992552280426025e-01,4.538196325302124023e-01,3.033869862556457520e-01,4.775951504707336426e-01,4.945160448551177979e-01,1.268381178379058838e-01,5.994793772697448730e-02,3.858630731701850891e-02,5.751955136656761169e-02,-2.460481375455856323e-01,-2.550542652606964111e-01,2.845621109008789062e-01,2.404061853885650635e-01,5.922064781188964844e-01,4.996791779994964600e-01,5.882275104522705078e-01,4.472659230232238770e-01,4.351496994495391846e-01,5.092709064483642578e-01,3.271628320217132568e-01,3.710447549819946289e-01,4.747790992259979248e-01,3.937052786350250244e-01,-3.977003395557403564e-01,-2.070795893669128418e-01,-2.889548838138580322e-01,-1.492313295602798462e-01,-2.925576269626617432e-01,1.020211502909660339e-01,1.379252374172210693e-01,-3.594652414321899414e-01,7.288627624511718750e-01,6.704843640327453613e-01,5.158113837242126465e-01,9.536791592836380005e-02,-2.019769698381423950e-01,-4.275251030921936035e-01,-6.337621808052062988e-01,-7.041215896606445312e-01,6.734782457351684570e-02,1.111470162868499756e-01,-1.459515541791915894e-01,-1.424466967582702637e-01,4.920856952667236328e-01,4.326621592044830322e-01,5.217986702919006348e-01,1.332434564828872681e-01,6.958870291709899902e-01,6.116172075271606445e-01,5.403141975402832031e-01,3.883078694343566895e-01,6.741014122962951660e-01,6.834998130798339844e-01,7.514751702547073364e-02,1.081120520830154419e-01,-3.339210450649261475e-01,-2.558910520747303963e-03,-1.898589730262756348e-01,2.479704469442367554e-01,-1.652897000312805176e-01,3.976353406906127930e-01
7.493346929550170898e-01,1.575772464275360107e-02,8.461410403251647949e-01,4.582067430019378662e-01,4.119779765605926514e-01,4.937703609466552734e-01,0.000000000000000000e+00,3.034604787826538086e-01,6.484561562538146973e-01,3.344578146934509277e-01,1.879883259534835815e-01,-7.526158820837736130e-03,3.104332983493804932e-01,1.245165169239044189e-01,5.194600820541381836e-01,1.623736321926116943e-01,-5.291362404823303223e-01,-1.461121141910552979e-01,6.440432071685791016e-01,2.010428458452224731e-01,-2.534209489822387695e-01,2.557423412799835205e-01,5.099825859069824219e-01,5.688585042953491211e-01,-3.585699498653411865e-01,-3.693837225437164307e-01,5.499557852745056152e-01,5.828829407691955566e-01,-4.307087063789367676e-01,-1.625077426433563232e-01,5.909689664840698242e-01,4.420606791973114014e-01,6.061958074569702148e-01,4.998250007629394531e-01,9.908714145421981812e-02,2.155261784791946411e-01,1.001051813364028931e-01,-1.776367872953414917e-01,4.419020190834999084e-02,-3.973876833915710449e-01,-3.651626110076904297e-01,-9.500739164650440216e-03,-5.862127542495727539e-01,-5.266184210777282715e-01,-5.949430465698242188e-01,-5.456985235214233398e-01,-4.127321541309356689e-01,-5.183590650558471680e-01,-6.329196095466613770e-01,-7.107837200164794922e-01,-4.462378323078155518e-01,-7.476897835731506348e-01,-1.963179111480712891e-01,-7.402720451354980469e-01,6.285109519958496094e-01,-4.339334368705749512e-02,5.341348648071289062e-01,2.162551432847976685e-01,4.750468432903289795e-01,4.242123365402221680e-01,1.172193810343742371e-01,-3.488355576992034912e-01,-1.218727454543113708e-01,-4.017947316169738770e-01,-3.043215870857238770e-01,-5.604613423347473145e-01,5.120029449462890625e-01,4.505664408206939697e-01,6.088113784790039062e-01,5.820698142051696777e-01,6.613310575485229492e-01,3.355439603328704834e-01,3.471477627754211426e-01,3.323897123336791992e-01,3.880914151668548584e-01,4.030014276504516602e-01,4.597739875316619873e-01,8.726469427347183228e-02,-4.676209688186645508e-01,-4.954877197742462158e-01,-3.120641112327575684e-01,-6.707509160041809082e-01,-1.786531507968902588e-01,-4.343672096729278564e-01,5.007100105285644531e-01,-7.368258237838745117e-01,6.430605053901672363e-01,2.576735317707061768e-01,6.007462143898010254e-01,-4.246116578578948975e-01,3.281856477260589600e-01,-3.908413052558898926e-01,-3.043696284294128418e-01,-5.705107450485229492e-01,9.737027436494827271e-02,3.572135865688323975e-01,2.248848527669906616e-01,-7.319347560405731201e-02,4.743515253067016602e-01,2.965204119682312012e-01,6.557996869087219238e-01,7.525528222322463989e-02,6.281281709671020508e-01,5.362662672996520996e-01,6.979897022247314453e-01,2.344992756843566895e-01,6.435240507125854492e-01,5.150927305221557617e-01,1.960257142782211304e-01,2.523688971996307373e-01,-3.337732851505279541e-01,1.572604030370712280e-01,-8.675957471132278442e-02,3.939892053604125977e-01,2.511530816555023193e-01,2.452938407659530640e-01
1.202718764543533325e-01,6.576821208000183105e-01,3.863492012023925781e-01,8.444468379020690918e-01,2.134472578763961792e-01,3.627640008926391602e-01,3.034604787826538086e-01,0.000000000000000000e+00,2.710305154323577881e-01,5.813919901847839355e-01,1.221593702211976051e-03,3.770736753940582275e-01,2.326770275831222534e-01,5.815628767013549805e-01,1.726298592984676361e-03,4.938737750053405762e-01,-3.808780908584594727e-01,-3.124552071094512939e-01,5.475476980209350586e-01,3.901738226413726807e-01,-1.414391398429870605e-01,7.733174413442611694e-02,4.277526140213012695e-01,6.751709580421447754e-01,-2.684299647808074951e-01,-2.432524710893630981e-01,3.684745430946350098e-01,3.751867413520812988e-01,-2.951498627662658691e-01,-3.388399779796600342e-01,3.403464555740356445e-01,4.560130834579467773e-01,3.833289444446563721e-01,3.958280980587005615e-01,-7.421885430812835693e-02,-8.274639397859573364e-02,7.376259565353393555e-02,-9.622997045516967773e-02,-1.396777778863906860e-01,-2.444622069597244263e-01,-2.732396423816680908e-01,1.356029808521270752e-01,-3.421856462955474854e-01,-4.058934152126312256e-01,-3.375741541385650635e-01,-4.947948157787322998e-01,-2.935527265071868896e-01,-3.325596153736114502e-01,-5.022724866867065430e-01,-3.570946455001831055e-01,-5.037384033203125000e-01,-2.936090528964996338e-01,-5.479360222816467285e-01,-3.284460306167602539e-01,2.615150809288024902e-02,2.536085247993469238e-01,2.053813487291336060e-01,4.761331081390380859e-01,1.429904550313949585e-01,4.274809956550598145e-01,-3.435641229152679443e-01,-1.348349638283252716e-02,-3.941119313240051270e-01,-5.630755051970481873e-02,-5.592304468154907227e-01,-1.041289791464805603e-01,3.585866987705230713e-01,4.262122809886932373e-01,3.645655214786529541e-01,5.117616057395935059e-01,3.009029477834701538e-02,4.292378723621368408e-01,2.214045375585556030e-01,1.632012873888015747e-01,5.157297104597091675e-02,1.115689873695373535e-01,4.324022307991981506e-02,1.781726032495498657e-01,-5.138560533523559570e-01,-1.387286745011806488e-02,-5.955916047096252441e-01,-8.421092480421066284e-02,-4.029231518507003784e-02,-3.043910488486289978e-03,-3.867017030715942383e-01,4.471041634678840637e-02,1.699693799018859863e-01,4.055163860321044922e-01,-1.192099973559379578e-01,2.921497821807861328e-01,-2.235765308141708374e-01,8.825700730085372925e-02,-4.599149823188781738e-01,-3.093254566192626953e-01,2.480471730232238770e-01,2.817577719688415527e-01,1.946930438280105591e-01,2.579843997955322266e-01,2.539450526237487793e-01,2.673794925212860107e-01,8.916565030813217163e-02,3.626974523067474365e-01,3.016521036624908447e-01,4.941948056221008301e-01,2.523380219936370850e-01,1.608410775661468506e-01,3.413680791854858398e-01,4.609924554824829102e-01,2.752839326858520508e-01,3.036639094352722168e-01,-2.454551905393600464e-01,2.117043435573577881e-01,2.206599153578281403e-02,2.579945027828216553e-01,2.647491991519927979e-01,2.818199619650840759e-02
4.258587360382080078e-01,-6.838649860583245754e-04,6.308873295783996582e-01,3.959159553050994873e-01,6.164326667785644531e-01,7.154743075370788574e-01,6.484561562538146973e-01,2.710305154323577881e-01,0.000000000000000000e+00,5.824571251869201660e-01,1.623291522264480591e-01,1.642434597015380859e-01,3.750353753566741943e-01,2.395624369382858276e-01,7.607257366180419922e-01,5.170043706893920898e-01,-2.098636031150817871e-01,4.841069132089614868e-02,4.389219284057617188e-01,-1.791068464517593384e-01,-4.930369090288877487e-03,5.790081024169921875e-01,3.581344783306121826e-01,5.187764167785644531e-01,-2.185876518487930298e-01,-1.118529662489891052e-01,6.564128994941711426e-01,6.614145040512084961e-01,-6.765493005514144897e-02,4.427910223603248596e-02,6.482994556427001953e-01,5.061898231506347656e-01,4.024790823459625244e-01,3.153071999549865723e-01,2.297908812761306763e-01,2.748532593250274658e-01,4.722269997000694275e-02,-5.011347308754920959e-02,6.736858189105987549e-02,-1.353339105844497681e-01,-9.436663985252380371e-02,4.070371016860008240e-02,-7.421309947967529297e-01,-5.794028639793395996e-01,-6.793797612190246582e-01,-4.588556587696075439e-01,-5.356765389442443848e-01,-4.709936380386352539e-01,-7.294176220893859863e-01,-7.020326852798461914e-01,-6.440715193748474121e-01,-7.357665300369262695e-01,-4.101892709732055664e-01,-7.256606221199035645e-01,4.821234941482543945e-01,1.018177121877670288e-01,5.369359254837036133e-01,2.043486684560775757e-01,5.525158047676086426e-01,5.031427145004272461e-01,2.367009222507476807e-01,-9.016656875610351562e-02,7.439283281564712524e-02,-1.396457701921463013e-01,-1.746063679456710815e-01,-3.759462237358093262e-01,3.920781016349792480e-01,3.035269975662231445e-01,5.950991511344909668e-01,5.229900479316711426e-01,6.903807520866394043e-01,4.683918654918670654e-01,4.770992100238800049e-01,4.046407639980316162e-01,3.806558549404144287e-01,4.208029508590698242e-01,4.838067889213562012e-01,2.812969982624053955e-01,-4.163291454315185547e-01,-3.170861303806304932e-01,-3.024188876152038574e-01,-3.169109821319580078e-01,-2.706749737262725830e-01,-6.489005684852600098e-02,2.722760438919067383e-01,-5.147574543952941895e-01,7.435857653617858887e-01,5.736725330352783203e-01,5.597409605979919434e-01,-7.026418298482894897e-02,-6.142106279730796814e-02,-4.311857223510742188e-01,-5.314760804176330566e-01,-6.473240852355957031e-01,1.488220691680908203e-02,1.219460144639015198e-01,-1.131400242447853088e-01,-1.724498420953750610e-01,4.983683228492736816e-01,4.204304218292236328e-01,5.518591403961181641e-01,1.402782350778579712e-01,6.896941065788269043e-01,6.113962531089782715e-01,5.936350822448730469e-01,3.784234821796417236e-01,6.449254155158996582e-01,6.448875665664672852e-01,6.425888091325759888e-02,9.412445127964019775e-02,-3.931766152381896973e-01,-1.664699055254459381e-02,-2.291997224092483521e-01,2.919267117977142334e-01,-3.042351640760898590e-02,3.554320037364959717e-01
1.118480637669563293e-01,3.885033428668975830e-01,3.619399666786193848e-01,6.149284243583679199e-01,5.667403936386108398e-01,6.534451246261596680e-01,3.344578146934509277e-01,5.813919901847839355e-01,5.824571251869201660e-01,0.000000000000000000e+00,1.855815351009368896e-01,4.041786789894104004e-01,3.885735571384429932e-01,5.232605338096618652e-01,3.934113681316375732e-01,7.259405851364135742e-01,-1.866445690393447876e-01,-7.581257075071334839e-02,3.614633381366729736e-01,-1.034222468733787537e-01,-7.708121836185455322e-02,3.063228130340576172e-01,3.424589335918426514e-01,6.176628470420837402e-01,-1.486774086952209473e-01,-8.945511654019355774e-03,6.063268184661865234e-01,5.357877612113952637e-01,-5.330807343125343323e-02,-1.215118542313575745e-01,5.483154058456420898e-01,5.044930577278137207e-01,3.621320426464080811e-01,3.180451393127441406e-01,1.893137991428375244e-01,9.736858308315277100e-02,-9.180147200822830200e-02,-1.694973856210708618e-01,-8.695439994335174561e-02,-1.572304032742977142e-02,-1.937607824802398682e-01,4.991203546524047852e-02,-5.782959461212158203e-01,-5.115951895713806152e-01,-5.180984735488891602e-01,-3.762221634387969971e-01,-5.167484879493713379e-01,-3.533093929290771484e-01,-6.441655158996582031e-01,-4.703070819377899170e-01,-6.644448637962341309e-01,-4.733130335807800293e-01,-6.590065956115722656e-01,-4.729399979114532471e-01,1.234200298786163330e-01,2.028151601552963257e-01,4.104984104633331299e-01,4.168187677860260010e-01,3.106974065303802490e-01,5.000993013381958008e-01,-2.521665580570697784e-02,1.174545139074325562e-01,-1.918802782893180847e-02,1.242185160517692566e-01,-3.606654405593872070e-01,-9.487103670835494995e-02,3.009220957756042480e-01,2.994134724140167236e-01,4.312641918659210205e-01,4.401432871818542480e-01,2.376355975866317749e-01,4.711941480636596680e-01,2.651669085025787354e-01,2.645252645015716553e-01,4.662657156586647034e-02,2.291205823421478271e-01,2.099485248327255249e-01,3.159351050853729248e-01,-5.383901596069335938e-01,-5.419129133224487305e-02,-5.081850886344909668e-01,-6.847291439771652222e-02,-3.039087951183319092e-01,9.337953478097915649e-02,-2.470246255397796631e-01,-8.556784689426422119e-02,4.795122146606445312e-01,6.562255024909973145e-01,1.316111832857131958e-01,3.099626898765563965e-01,-3.735653162002563477e-01,-1.852061003446578979e-01,-6.212854385375976562e-01,-4.739394783973693848e-01,6.500312127172946930e-03,5.479096248745918274e-02,-1.188113391399383545e-01,3.346059471368789673e-02,3.733732402324676514e-01,3.189005851745605469e-01,2.903326153755187988e-01,3.216344714164733887e-01,5.170853137969970703e-01,6.213970184326171875e-01,3.828094601631164551e-01,3.852762579917907715e-01,5.086721777915954590e-01,6.008930206298828125e-01,5.366621166467666626e-02,1.251861900091171265e-01,-3.883002400398254395e-01,1.918537914752960205e-02,-2.034585624933242798e-01,2.740284800529479980e-01,3.572389483451843262e-03,2.245611995458602905e-01
2.933763861656188965e-01,8.717641234397888184e-02,5.986967682838439941e-02,-2.849366050213575363e-03,2.353157550096511841e-01,2.423527278006076813e-02,1.879883259534835815e-01,1.221593702211976051e-03,1.623291522264480591e-01,1.855815351009368896e-01,0.000000000000000000e+00,4.018927216529846191e-01,5.246843695640563965e-01,3.380056917667388916e-01,1.679581850767135620e-01,1.213110536336898804e-01,-1.065689474344253540e-01,-1.910749524831771851e-01,2.052306830883026123e-01,-6.489927321672439575e-02,-5.137322545051574707e-01,-1.234359368681907654e-01,2.868482470512390137e-01,5.162593722343444824e-02,1.457169502973556519e-01,1.277898401021957397e-01,1.218820735812187195e-01,6.218554824590682983e-02,1.750641316175460815e-01,-1.350395083427429199e-01,3.314978480339050293e-01,8.773197978734970093e-02,3.061353564262390137e-01,3.043490052223205566e-01,9.930071234703063965e-02,2.199889123439788818e-01,-6.022936701774597168e-01,-6.200797557830810547e-01,-5.030184984207153320e-01,-2.243856340646743774e-01,-4.233202934265136719e-01,-3.228192925453186035e-01,-1.640533655881881714e-01,-2.989941835403442383e-01,-9.271550923585891724e-02,1.881710290908813477e-01,-4.468312859535217285e-01,-1.301178485155105591e-01,-4.390284046530723572e-02,-5.833091959357261658e-02,-6.351123005151748657e-02,-9.142323583364486694e-02,3.285917639732360840e-02,-6.342890858650207520e-02,-2.281976044178009033e-01,-5.429576635360717773e-01,3.284299671649932861e-01,1.478162854909896851e-01,1.214482076466083527e-02,5.209914222359657288e-02,4.483157396316528320e-01,1.648311167955398560e-01,2.924479246139526367e-01,9.678988158702850342e-02,-5.100880563259124756e-02,-1.304653380066156387e-02,-1.660846769809722900e-01,-1.125615313649177551e-01,-1.746858954429626465e-01,-2.013576924800872803e-01,6.277608126401901245e-02,1.703023463487625122e-01,-1.339173167943954468e-01,-1.537444442510604858e-01,-1.582282036542892456e-01,4.734098911285400391e-03,3.262779489159584045e-02,3.454736620187759399e-02,-4.155385196208953857e-01,-1.326713562011718750e-01,-2.307813912630081177e-01,-2.731188237667083740e-01,-5.083625912666320801e-01,-3.149917721748352051e-01,9.970640763640403748e-03,-1.974800527095794678e-01,3.988945111632347107e-02,7.729970850050449371e-03,-4.241376742720603943e-02,-1.042666062712669373e-01,-5.089335516095161438e-02,-3.425085842609405518e-01,9.239736944437026978e-02,1.243032813072204590e-01,-6.039728522300720215e-01,-3.461855351924896240e-01,-3.659775853157043457e-01,-3.507804870605468750e-01,-1.937504708766937256e-01,-3.381668031215667725e-01,1.673352420330047607e-01,2.683671414852142334e-01,-3.623372316360473633e-02,1.191385164856910706e-01,3.389401733875274658e-01,4.708979427814483643e-01,5.243548750877380371e-02,2.988576143980026245e-02,-4.488055109977722168e-01,-1.983413845300674438e-01,-4.438559412956237793e-01,-1.980295479297637939e-01,-3.087293207645416260e-01,2.215443849563598633e-01,2.359281033277511597e-01,9.487202018499374390e-02
-7.747829705476760864e-02,3.221892714500427246e-01,-1.292133424431085587e-02,2.785163521766662598e-01,2.415633499622344971e-01,3.102052211761474609e-01,-7.526158820837736130e-03,3.770736753940582275e-01,1.642434597015380859e-01,4.041786789894104004e-01,4.018927216529846191e-01,0.000000000000000000e+00,5.599802136421203613e-01,6.274905800819396973e-01,1.585765033960342407e-01,4.567731320858001709e-01,-3.693795204162597656e-02,7.510174810886383057e-02,1.990028023719787598e-01,-1.401077955961227417e-01,-2.048483788967132568e-01,1.759454421699047089e-02,2.157334089279174805e-01,2.227906435728073120e-01,1.718319952487945557e-01,3.271467685699462891e-01,2.900801301002502441e-01,1.317319124937057495e-01,1.622325032949447632e-01,9.978312999010086060e-02,3.765557110309600830e-01,2.630681693553924561e-01,1.642065197229385376e-01,1.886603683233261108e-01,9.462682157754898071e-02,1.881304681301116943e-01,-4.168731868267059326e-01,-2.628774046897888184e-01,-4.089273214340209961e-01,-2.153946645557880402e-02,-1.348605304956436157e-01,-2.256915718317031860e-01,-2.767053246498107910e-01,-3.291858136653900146e-01,-2.772408127784729004e-01,5.624735727906227112e-02,-5.083838701248168945e-01,-1.149144247174263000e-01,-2.338568568229675293e-01,-1.383090168237686157e-01,-4.066587388515472412e-01,-1.077443584799766541e-01,-3.455032706260681152e-01,-1.269800513982772827e-01,-3.009565770626068115e-01,-2.190010249614715576e-01,7.836350798606872559e-02,3.308931589126586914e-01,4.407581314444541931e-02,2.130121886730194092e-01,1.588162332773208618e-01,5.074677467346191406e-01,8.666864037513732910e-02,3.983563482761383057e-01,-2.961415052413940430e-01,2.161564826965332031e-01,-2.350247502326965332e-01,-7.311896234750747681e-02,-1.273997873067855835e-01,-8.610770851373672485e-02,1.155441068112850189e-02,1.965730786323547363e-01,6.480403710156679153e-03,1.273478716611862183e-01,-1.708019673824310303e-01,1.525190006941556931e-02,-4.472326114773750305e-02,2.367337346076965332e-01,-4.229159057140350342e-01,6.814938783645629883e-02,-3.983392715454101562e-01,8.863014727830886841e-02,-4.750290215015411377e-01,1.240168213844299316e-01,-3.724746704101562500e-01,3.627387806773185730e-02,1.160742044448852539e-01,3.203959167003631592e-01,-1.145125180482864380e-01,2.384614050388336182e-01,-3.795127868652343750e-01,-3.466314673423767090e-01,-2.442476898431777954e-01,-1.087420135736465454e-01,-3.591312468051910400e-01,-4.228751659393310547e-01,-4.807046353816986084e-01,-3.215593993663787842e-01,-7.817161083221435547e-02,-6.925324350595474243e-02,8.163000643253326416e-02,3.445706963539123535e-01,1.097060665488243103e-01,2.799267470836639404e-01,2.411000579595565796e-01,5.038973093032836914e-01,1.605738401412963867e-01,2.588631212711334229e-01,-3.014730811119079590e-01,-2.313330024480819702e-01,-3.162747323513031006e-01,-1.304741650819778442e-01,-2.901428043842315674e-01,1.492878943681716919e-01,3.725309297442436218e-02,2.968333661556243896e-01
2.667511701583862305e-01,2.038140147924423218e-01,2.194613367319107056e-01,2.371934205293655396e-01,3.346198499202728271e-01,3.262152075767517090e-01,3.104332983493804932e-01,2.326770275831222534e-01,3.750353753566741943e-01,3.885735571384429932e-01,5.246843695640563965e-01,5.599802136421203613e-01,0.000000000000000000e+00,5.157284736633300781e-01,3.123244047164916992e-01,3.335918784141540527e-01,-1.699617058038711548e-01,-1.694276370108127594e-02,3.210123777389526367e-01,-9.585884213447570801e-02,-2.422076463699340820e-01,8.151245117187500000e-02,2.908848822116851807e-01,2.272530943155288696e-01,-2.024005539715290070e-02,6.666790693998336792e-02,3.626842200756072998e-01,2.380822002887725830e-01,3.811233118176460266e-02,-9.224788844585418701e-02,3.716935515403747559e-01,2.090892791748046875e-01,2.115413397550582886e-01,1.693609803915023804e-01,5.909984931349754333e-02,1.241528764367103577e-01,-3.634709715843200684e-01,-3.230094611644744873e-01,-2.699293196201324463e-01,-9.117820858955383301e-02,-2.767128646373748779e-01,-2.656612098217010498e-01,-3.519226014614105225e-01,-3.099910020828247070e-01,-2.437730580568313599e-01,-6.488368380814790726e-03,-4.341651201248168945e-01,-2.158640176057815552e-01,-2.448841333389282227e-01,-1.937888264656066895e-01,-2.501155138015747070e-01,-1.927859485149383545e-01,-1.629341989755630493e-01,-2.538610696792602539e-01,-1.195965707302093506e-01,-2.448978424072265625e-01,2.106610387563705444e-01,2.415836304426193237e-01,1.347786486148834229e-01,2.199882268905639648e-01,2.820380628108978271e-01,1.156933009624481201e-01,7.522547990083694458e-02,2.415786962956190109e-03,-2.130510807037353516e-01,-7.561504840850830078e-02,-3.090998716652393341e-02,4.320342559367418289e-03,3.086839057505130768e-02,6.783021986484527588e-02,1.411028653383255005e-01,1.905960589647293091e-01,-2.886266633868217468e-02,5.732244998216629028e-02,-1.215231716632843018e-01,6.952054053544998169e-02,1.482754796743392944e-01,1.973048299551010132e-01,-4.428699612617492676e-01,-3.195945546030998230e-02,-3.698300421237945557e-01,-2.277925014495849609e-01,-4.681375920772552490e-01,-1.102357879281044006e-01,-1.111166924238204956e-01,-2.022401541471481323e-01,2.216428071260452271e-01,2.286248952150344849e-01,7.186145335435867310e-02,3.596061840653419495e-02,-1.519835293292999268e-01,-3.555421531200408936e-01,-1.556169092655181885e-01,-1.267194002866744995e-01,-3.299218118190765381e-01,-2.556842565536499023e-01,-2.848343849182128906e-01,-1.980246603488922119e-01,-8.743338286876678467e-02,-1.217049360275268555e-01,1.618501096963882446e-01,1.907017827033996582e-01,1.266305595636367798e-01,2.181990742683410645e-01,2.921025454998016357e-01,4.023466408252716064e-01,2.159871309995651245e-01,2.449092119932174683e-01,-3.037814497947692871e-01,-9.304563701152801514e-02,-3.863854408264160156e-01,-1.997301876544952393e-01,-2.496185898780822754e-01,1.156130060553550720e-01,8.058373630046844482e-02,1.331512182950973511e-01
