0.000000000000000000e+00,2.327753454446792603e-01,-4.231802001595497131e-02,-4.144079089164733887e-01,2.732273936271667480e-01,1.269224584102630615e-01,1.558433286845684052e-02,-5.495807528495788574e-01,7.384897768497467041e-02,1.284308284521102905e-01,7.079071551561355591e-02,-3.185699880123138428e-01,1.416842788457870483e-01,-3.871886134147644043e-01,-9.239797294139862061e-02,3.370406627655029297e-01,1.485552042722702026e-01,-2.450582832098007202e-01,1.269972771406173706e-01,3.844951093196868896e-01,1.790317893028259277e-02,-3.975232690572738647e-02,-1.507491767406463623e-01,-3.549346625804901123e-01,-2.781481854617595673e-02,2.463085055351257324e-01,2.515813410282135010e-01,1.161000877618789673e-01,1.406485885381698608e-01,-7.116203755140304565e-02,2.076128721237182617e-01,3.976663202047348022e-02,2.888353466987609863e-01,3.703937307000160217e-02,5.953318998217582703e-02,-7.003379613161087036e-02,-1.964421868324279785e-01,-1.202275529503822327e-01,-1.936210393905639648e-01,8.936759084463119507e-02,6.217544898390769958e-02,1.054493859410285950e-01,-6.683272868394851685e-02,-4.727619141340255737e-02,1.232863068580627441e-01,1.916178315877914429e-01,7.190410979092121124e-03,-4.815376922488212585e-02,-7.869805395603179932e-02,6.666833162307739258e-02,-3.666656017303466797e-01,-2.082544118165969849e-01,-4.088748097419738770e-01,2.266952767968177795e-02,-3.282385170459747314e-01,1.606511771678924561e-01,7.784816622734069824e-01,3.158757686614990234e-01,4.539878964424133301e-01,2.064056545495986938e-01,9.149697422981262207e-02,4.575878754258155823e-02,3.570537567138671875e-01,-4.315936565399169922e-02,-7.681790739297866821e-03,-5.865496769547462463e-02,2.378680706024169922e-01,2.787176966667175293e-01,3.636190891265869141e-01,4.179143905639648438e-01,1.460859626531600952e-01,1.841018348932266235e-01,1.809035837650299072e-01,-3.996362537145614624e-02,-3.430697834119200706e-03,4.454838857054710388e-02,-8.698461949825286865e-02,1.337510496377944946e-01,-5.508595705032348633e-02,2.380612343549728394e-01,-5.516766011714935303e-02,3.246729671955108643e-01,-1.644138395786285400e-01,2.736045420169830322e-01,-3.413947522640228271e-01,2.204322218894958496e-01,-3.812729194760322571e-02,4.233614206314086914e-01,-3.847585618495941162e-01,2.570246458053588867e-01,-6.027833223342895508e-01,-1.425414718687534332e-02,-6.184034347534179688e-01,-7.293307781219482422e-02,-6.896708905696868896e-02,-1.506644487380981445e-02,-2.054658234119415283e-01,6.075006723403930664e-02,1.084075197577476501e-01,1.677257120609283447e-01,7.809446752071380615e-02,4.674868285655975342e-01,2.250048704445362091e-02,5.124003887176513672e-01,-1.299546062946319580e-01,4.116937518119812012e-01,-1.280668526887893677e-01,2.374607622623443604e-01,-2.078357525169849396e-02,-6.047620624303817749e-02,-1.011249348521232605e-01,-2.300471812486648560e-01,-4.599706456065177917e-02,-1.909504681825637817e-01,-1.540972441434860229e-01,-3.824701160192489624e-02
2.327753454446792603e-01,0.000000000000000000e+00,-6.562608480453491211e-01,-1.271394342184066772e-01,2.820477187633514404e-01,2.352040708065032959e-01,-7.145356535911560059e-01,-2.508509717881679535e-02,3.925595879554748535e-01,-2.320587867870926857e-03,-1.441874355077743530e-01,1.410599946975708008e-01,-4.755760729312896729e-01,1.662051379680633545e-01,3.597533106803894043e-01,1.090853959321975708e-01,-1.635371744632720947e-01,3.031513690948486328e-01,5.561453104019165039e-02,3.719799518585205078e-01,8.125860989093780518e-02,1.922563165426254272e-01,-5.351988077163696289e-01,-3.406716883182525635e-01,-2.830387353897094727e-01,1.070559620857238770e-01,3.651075363159179688e-01,2.772584557533264160e-01,-4.806435853242874146e-02,6.507577747106552124e-02,6.850235909223556519e-02,8.581862598657608032e-02,1.469925343990325928e-01,2.450441122055053711e-01,-2.068574577569961548e-01,-2.320411503314971924e-01,-1.280590146780014038e-01,-2.433629333972930908e-01,1.256264299154281616e-01,-2.225055545568466187e-01,-9.096357040107250214e-03,1.347713451832532883e-02,-4.161995351314544678e-01,-3.014116585254669189e-01,1.375228017568588257e-01,1.313883159309625626e-02,-7.840406894683837891e-02,-2.502256035804748535e-01,1.647529751062393188e-01,2.000340446829795837e-02,-2.691660262644290924e-02,-4.002620875835418701e-01,-1.362990140914916992e-01,-5.770327448844909668e-01,3.530246615409851074e-01,-4.283136725425720215e-01,3.412244319915771484e-01,8.261471390724182129e-01,4.009544253349304199e-01,5.956948995590209961e-01,1.711090505123138428e-01,4.481216669082641602e-01,5.861077457666397095e-02,4.361125528812408447e-01,-1.174287647008895874e-01,2.283296920359134674e-02,2.510434091091156006e-01,1.653380393981933594e-01,6.179411411285400391e-01,3.995335698127746582e-01,3.894550502300262451e-01,7.461731880903244019e-02,-2.754914462566375732e-01,2.561895549297332764e-01,8.098105341196060181e-02,1.049450933933258057e-01,2.963386289775371552e-02,-2.784566022455692291e-02,9.552130848169326782e-02,-4.357182383537292480e-01,4.088321626186370850e-01,1.278479397296905518e-02,4.405517578125000000e-01,3.937906026840209961e-02,3.717928826808929443e-01,-5.955897569656372070e-01,5.259601473808288574e-01,-6.929058581590652466e-03,3.925185799598693848e-01,-6.076912879943847656e-01,4.661967605352401733e-02,-7.038625478744506836e-01,-5.216514319181442261e-02,-6.883532404899597168e-01,-7.362472265958786011e-02,-9.368029236793518066e-02,1.643858551979064941e-01,-1.047853101044893265e-02,2.204415798187255859e-01,4.140833616256713867e-01,6.614139080047607422e-01,-3.806047141551971436e-02,6.501263380050659180e-01,1.004503760486841202e-02,5.530196428298950195e-01,-1.675900369882583618e-01,3.104777634143829346e-01,-2.044160366058349609e-01,-2.543982863426208496e-02,7.950954884290695190e-02,3.421256318688392639e-03,2.211443483829498291e-01,2.424550801515579224e-01,6.357385963201522827e-02,-3.905855119228363037e-02,-8.219769597053527832e-02
-4.231802001595497131e-02,-6.562608480453491211e-01,0.000000000000000000e+00,4.265119135379791260e-01,-3.744384348392486572e-01,-3.948965966701507568e-01,8.337283730506896973e-01,2.510838806629180908e-01,-5.100180506706237793e-01,-2.511265873908996582e-01,1.965807080268859863e-01,-3.254702314734458923e-02,4.149766266345977783e-01,-1.566517502069473267e-01,-5.225141048431396484e-01,-3.189635276794433594e-01,1.738861054182052612e-01,-2.587812840938568115e-01,2.558254003524780273e-01,-9.539040178060531616e-02,-2.147614359855651855e-01,-3.989555835723876953e-01,6.329624056816101074e-01,5.215792059898376465e-01,1.704539805650711060e-01,-2.233529090881347656e-01,-5.614507794380187988e-01,-4.748748838901519775e-01,1.901285946369171143e-01,5.672904849052429199e-02,-2.789822518825531006e-01,-2.520436346530914307e-01,-1.060666814446449280e-01,-2.298913151025772095e-01,1.100597158074378967e-01,1.163528338074684143e-01,3.559941053390502930e-02,1.380627453327178955e-01,-3.173937201499938965e-01,7.561375200748443604e-02,-1.045882329344749451e-01,-6.974121928215026855e-02,4.993056654930114746e-01,2.978781759738922119e-01,-3.778431564569473267e-02,1.907586455345153809e-01,1.927727758884429932e-01,3.099189400672912598e-01,-4.800345748662948608e-02,4.316405579447746277e-02,1.962491124868392944e-01,4.058349728584289551e-01,3.418101072311401367e-01,7.072473168373107910e-01,-3.002271950244903564e-01,4.624988436698913574e-01,-1.265189051628112793e-01,-6.588368415832519531e-01,-5.253947973251342773e-01,-7.729088664054870605e-01,-2.070973962545394897e-01,-5.862382650375366211e-01,-1.347092092037200928e-01,-4.332459867000579834e-01,-9.202709048986434937e-02,-3.292471766471862793e-01,-4.167919456958770752e-01,-3.693047463893890381e-01,-4.741373956203460693e-01,-3.338200151920318604e-01,-5.948155522346496582e-01,-2.851358652114868164e-01,1.835773587226867676e-01,-1.469747424125671387e-01,-1.913293302059173584e-01,-9.958750754594802856e-02,-1.915883421897888184e-01,-1.333219856023788452e-01,-1.169505938887596130e-01,3.461802005767822266e-01,-3.150283992290496826e-01,-5.701263621449470520e-02,-4.813107252120971680e-01,-2.012419253587722778e-01,-3.541952967643737793e-01,5.258181095123291016e-01,-7.327698469161987305e-01,-2.783216834068298340e-01,-3.863900899887084961e-01,4.901496171951293945e-01,4.445654805749654770e-03,7.005981206893920898e-01,1.756735444068908691e-01,7.653357982635498047e-01,-1.985495164990425110e-02,2.154286056756973267e-01,-2.305082231760025024e-01,-6.425491720438003540e-02,-3.039723932743072510e-01,-5.525385141372680664e-01,-6.909472346305847168e-01,-4.800977185368537903e-02,-7.096096873283386230e-01,-1.447053849697113037e-01,-6.549491286277770996e-01,1.134848780930042267e-02,-5.142987966537475586e-01,-1.512952987104654312e-02,1.296537928283214569e-02,-1.812976747751235962e-01,-5.778298527002334595e-02,-5.795345082879066467e-02,-1.904295980930328369e-01,-2.959199622273445129e-02,-1.201316132210195065e-03,-1.219536662101745605e-01
-4.144079089164733887e-01,-1.271394342184066772e-01,4.265119135379791260e-01,0.000000000000000000e+00,-3.997939229011535645e-01,-2.057036161422729492e-01,2.826865911483764648e-01,8.032224178314208984e-01,-2.400771528482437134e-01,-3.607346415519714355e-01,8.615618944168090820e-02,3.301496505737304688e-01,-1.151034533977508545e-01,3.349112868309020996e-01,-3.108084797859191895e-01,-5.810028910636901855e-01,-1.010675355792045593e-01,1.646929234266281128e-01,3.048381507396697998e-01,-1.318575292825698853e-01,-2.602038979530334473e-01,-2.068891674280166626e-01,2.341213375329971313e-01,6.529236435890197754e-01,-1.203054040670394897e-01,-2.791033387184143066e-01,-3.944638371467590332e-01,-2.589871883392333984e-01,8.797194808721542358e-03,5.592130869626998901e-02,-4.850841462612152100e-01,-1.824615746736526489e-01,-2.372969985008239746e-01,-9.161633439362049103e-03,-2.497986406087875366e-01,-9.219117462635040283e-02,7.482722401618957520e-02,-8.972250856459140778e-03,-8.303967863321304321e-02,-2.040840834379196167e-01,-1.844506710767745972e-01,-1.562583893537521362e-01,3.009741604328155518e-01,8.775871992111206055e-02,1.516415737569332123e-02,1.630376577377319336e-01,1.995425373315811157e-01,2.127865254878997803e-01,2.986581027507781982e-01,1.169641986489295959e-01,6.231023669242858887e-01,2.825682163238525391e-01,5.999748110771179199e-01,2.827994823455810547e-01,3.130352199077606201e-01,9.375765919685363770e-03,-3.741992115974426270e-01,-2.120688408613204956e-01,-6.292958259582519531e-01,-5.055696964263916016e-01,-1.199019253253936768e-01,-2.697753012180328369e-01,-4.094439446926116943e-01,-3.635932877659797668e-02,-3.952434659004211426e-01,-3.626686334609985352e-01,-5.001753568649291992e-01,-4.706495106220245361e-01,-2.761742770671844482e-01,-3.415227532386779785e-01,-5.270207524299621582e-01,-4.704607129096984863e-01,-1.859475076198577881e-01,5.390982143580913544e-03,-2.223252207040786743e-01,-7.263285666704177856e-02,-1.220178827643394470e-01,-2.891932725906372070e-01,-4.549984261393547058e-02,-2.855401933193206787e-01,9.001405537128448486e-02,-4.138284921646118164e-01,-4.246068000793457031e-02,-4.748744070529937744e-01,1.842726618051528931e-01,-1.810068488121032715e-01,-3.374901115894317627e-01,-7.259867191314697266e-01,2.887785434722900391e-01,-2.706306874752044678e-01,5.510468482971191406e-01,7.757017016410827637e-02,6.482175588607788086e-01,2.558845877647399902e-01,-1.192866787314414978e-01,8.083765953779220581e-02,-1.542168762534856796e-02,-2.835735082626342773e-01,-3.130994439125061035e-01,-5.089510083198547363e-01,-3.013147413730621338e-01,-5.511438250541687012e-01,-2.762702703475952148e-01,-6.219948530197143555e-01,-9.811350703239440918e-02,-5.086112618446350098e-01,-2.426905781030654907e-01,-4.447059929370880127e-01,2.591080591082572937e-02,-7.388911396265029907e-02,1.148695475421845913e-03,2.842990159988403320e-01,1.192309632897377014e-01,1.871161311864852905e-01,5.888682603836059570e-02,-2.307864725589752197e-01
2.732273936271667480e-01,2.820477187633514404e-01,-3.744384348392486572e-01,-3.997939229011535645e-01,0.000000000000000000e+00,5.553909540176391602e-01,-3.793346285820007324e-01,-4.110683500766754150e-01,6.274743676185607910e-01,4.732802212238311768e-01,-1.511679887771606445e-01,-3.403595834970474243e-02,9.022797457873821259e-03,-1.113161519169807434e-01,3.896572589874267578e-01,3.834791481494903564e-01,6.844279170036315918e-02,4.423795640468597412e-02,-2.447398379445075989e-02,1.887558996677398682e-01,2.452479451894760132e-01,3.310341835021972656e-01,-3.242020606994628906e-01,-3.462185561656951904e-01,2.079059630632400513e-01,5.562271475791931152e-01,5.681040883064270020e-01,4.281454682350158691e-01,-7.102539530023932457e-04,6.540779769420623779e-02,4.095084667205810547e-01,1.248297765851020813e-01,1.480097919702529907e-01,-1.364705525338649750e-02,4.324540495872497559e-03,-5.173406004905700684e-02,-1.458030939102172852e-01,-1.217655539512634277e-01,1.252572536468505859e-01,5.963420122861862183e-02,8.156287670135498047e-02,1.550096869468688965e-01,-2.360583692789077759e-01,-1.322836279869079590e-01,5.793621763586997986e-02,-8.895098417997360229e-02,-1.238953843712806702e-01,-7.749159634113311768e-02,3.286206722259521484e-02,1.518630236387252808e-02,-2.940264940261840820e-01,-2.062393873929977417e-01,-3.147817254066467285e-01,-3.379795253276824951e-01,-1.372893340885639191e-02,-2.238240540027618408e-01,3.298287391662597656e-01,3.335064947605133057e-01,3.925590813159942627e-01,3.856932222843170166e-01,-5.951208248734474182e-02,1.558469384908676147e-01,1.298142075538635254e-01,9.576592594385147095e-02,1.103546470403671265e-01,1.230506896972656250e-01,3.476942777633666992e-01,2.507877051830291748e-01,3.867692053318023682e-01,3.920932710170745850e-01,3.969854116439819336e-01,3.203999400138854980e-01,-1.071241032332181931e-02,1.693817824125289917e-01,2.686166949570178986e-02,-5.861292406916618347e-02,-3.914223611354827881e-02,-5.252915248274803162e-02,1.501933336257934570e-01,1.200632601976394653e-01,1.386774927377700806e-01,2.731913924217224121e-01,1.300294101238250732e-01,1.467239558696746826e-01,6.207225471735000610e-02,-9.583543986082077026e-02,3.612895607948303223e-01,3.854330778121948242e-01,-2.961031161248683929e-02,-8.937516063451766968e-02,-2.463260442018508911e-01,-2.899506688117980957e-01,-3.547168076038360596e-01,-3.583759367465972900e-01,1.718816533684730530e-02,-9.864108264446258545e-02,1.934994310140609741e-01,1.968047209084033966e-02,3.611258789896965027e-02,3.121278584003448486e-01,3.102048635482788086e-01,1.355248987674713135e-01,3.194943964481353760e-01,2.762686312198638916e-01,2.253686040639877319e-01,9.035614877939224243e-02,2.201618403196334839e-01,1.521175354719161987e-01,-1.114673316478729248e-01,5.935557559132575989e-02,3.657184913754463196e-02,-2.256011366844177246e-01,-1.350461691617965698e-02,-1.399783492088317871e-01,-6.660386919975280762e-02,1.079256534576416016e-01
1.269224584102630615e-01,2.352040708065032959e-01,-3.948965966701507568e-01,-2.057036161422729492e-01,5.553909540176391602e-01,0.000000000000000000e+00,-4.143260121345520020e-01,-2.612221240997314453e-01,6.424137353897094727e-01,5.933935642242431641e-01,-1.290935277938842773e-01,-4.384145140647888184e-02,-2.451252192258834839e-01,1.846641115844249725e-02,2.320835143327713013e-01,3.922342956066131592e-01,-1.580282598733901978e-01,-6.336440891027450562e-02,-7.995359599590301514e-02,-1.524937618523836136e-02,2.089977860450744629e-01,3.807995617389678955e-01,-5.016170740127563477e-01,-2.909667789936065674e-01,3.183273971080780029e-02,4.890324473381042480e-01,6.693993210792541504e-01,5.944455265998840332e-01,-1.679406911134719849e-01,-1.575238108634948730e-01,2.566434741020202637e-01,2.358309924602508545e-01,-3.565389662981033325e-02,-1.420633494853973389e-01,-1.241855323314666748e-01,-1.700854301452636719e-01,-1.183587610721588135e-01,-1.076324507594108582e-01,1.823757141828536987e-01,1.298310607671737671e-01,1.320506483316421509e-01,1.914799064397811890e-01,-3.108380436897277832e-01,-3.356167674064636230e-01,1.580879092216491699e-01,-1.084581613540649414e-01,-2.351603955030441284e-01,-1.145419478416442871e-01,2.382287979125976562e-01,1.250972449779510498e-01,-5.729558318853378296e-02,-1.465009003877639771e-01,-2.999693751335144043e-01,-3.509608805179595947e-01,1.890380680561065674e-01,-1.078000292181968689e-01,2.239172011613845825e-01,3.230089545249938965e-01,3.484030365943908691e-01,4.021252691745758057e-01,-3.239059820771217346e-02,1.320060938596725464e-01,-8.892781287431716919e-02,4.458780214190483093e-02,-4.261412471532821655e-02,1.025543548166751862e-02,2.227669358253479004e-01,1.680782586336135864e-01,3.060948252677917480e-01,3.180758059024810791e-01,3.510977923870086670e-01,2.972128987312316895e-01,-6.895974278450012207e-02,-7.685300707817077637e-02,-3.872316703200340271e-02,1.391424238681793213e-02,-7.578095048666000366e-02,-5.669041350483894348e-02,-4.768915846943855286e-02,5.147567763924598694e-02,1.815815456211566925e-02,9.930527210235595703e-02,1.735005378723144531e-01,2.085372358560562134e-01,5.900183320045471191e-02,-1.837831586599349976e-01,3.293795585632324219e-01,3.407444357872009277e-01,7.120712101459503174e-02,-1.830891519784927368e-01,-1.007452011108398438e-01,-3.599673807621002197e-01,-2.484003603458404541e-01,-3.580977618694305420e-01,-1.356902420520782471e-01,-1.186546385288238525e-01,6.223836168646812439e-02,-3.249152377247810364e-02,-1.089775096625089645e-02,2.987812161445617676e-01,2.201957255601882935e-01,-5.164053756743669510e-03,2.124565094709396362e-01,8.861219882965087891e-02,2.508108615875244141e-01,4.586205631494522095e-02,2.510433495044708252e-01,-2.557919174432754517e-02,7.700491696596145630e-02,1.923961751163005829e-02,2.553175576031208038e-02,-3.092636168003082275e-01,9.266669303178787231e-02,-1.651124842464923859e-02,8.523684740066528320e-02,4.716498777270317078e-03
1.558433286845684052e-02,-7.145356535911560059e-01,8.337283730506896973e-01,2.826865911483764648e-01,-3.793346285820007324e-01,-4.143260121345520020e-01,0.000000000000000000e+00,1.181957200169563293e-01,-5.099195241928100586e-01,-1.990845501422882080e-01,2.629439830780029297e-01,-7.852384448051452637e-02,5.361485481262207031e-01,-2.648962736129760742e-01,-5.280520319938659668e-01,-2.288560420274734497e-01,2.119055241346359253e-01,-3.643603622913360596e-01,1.618815660476684570e-01,-1.502188593149185181e-01,-2.458518147468566895e-01,-3.949235975742340088e-01,6.409974694252014160e-01,4.237432777881622314e-01,1.249785795807838440e-01,-2.397655397653579712e-01,-5.425391793251037598e-01,-4.745722711086273193e-01,1.496764421463012695e-01,-2.510555833578109741e-02,-2.421028614044189453e-01,-2.128397524356842041e-01,-7.516767829656600952e-02,-1.844188421964645386e-01,1.608942151069641113e-01,1.062274724245071411e-01,1.727432385087013245e-02,1.475304514169692993e-01,-3.277723789215087891e-01,1.495973765850067139e-01,-3.542402759194374084e-02,-3.027705103158950806e-02,4.919839203357696533e-01,3.352347612380981445e-01,-1.530663371086120605e-01,1.667490601539611816e-01,1.360342651605606079e-01,2.496549636125564575e-01,-1.545956581830978394e-01,9.778953157365322113e-03,7.261949777603149414e-02,3.899747133255004883e-01,1.977352052927017212e-01,6.980538368225097656e-01,-4.385498762130737305e-01,4.765429496765136719e-01,-9.085894376039505005e-02,-7.171749472618103027e-01,-4.356052279472351074e-01,-7.322944998741149902e-01,-9.623136371374130249e-02,-4.728539288043975830e-01,3.414662182331085205e-02,-3.569753468036651611e-01,-3.013461129739880562e-03,-2.379208803176879883e-01,-4.164787232875823975e-01,-3.393651247024536133e-01,-5.457052588462829590e-01,-4.099489450454711914e-01,-5.441935658454895020e-01,-2.196842730045318604e-01,2.473123520612716675e-01,-2.104531973600387573e-01,-1.457389891147613525e-01,-6.597340852022171021e-02,-1.386149227619171143e-01,-5.610329657793045044e-02,-1.458842605352401733e-01,3.928913772106170654e-01,-4.119161367416381836e-01,-3.597526252269744873e-02,-5.324149727821350098e-01,-1.148912534117698669e-01,-4.231495261192321777e-01,6.248344182968139648e-01,-7.152552008628845215e-01,-1.529815346002578735e-01,-4.678301513195037842e-01,6.085917949676513672e-01,-8.590803295373916626e-02,7.728373408317565918e-01,6.901779770851135254e-02,8.013797998428344727e-01,-2.279570326209068298e-03,1.571648865938186646e-01,-2.953509390354156494e-01,-3.729781135916709900e-02,-2.249222546815872192e-01,-5.165022611618041992e-01,-6.869415640830993652e-01,6.693652272224426270e-02,-7.112728953361511230e-01,-1.530522713437676430e-03,-6.760237216949462891e-01,1.620442718267440796e-01,-4.864233136177062988e-01,1.175488382577896118e-01,-2.376828715205192566e-02,-1.362869441509246826e-01,-7.570203393697738647e-02,-1.157389730215072632e-01,-2.588018178939819336e-01,-9.751473367214202881e-02,3.857474774122238159e-02,-7.057759910821914673e-02
-5.495807528495788574e-01,-2.508509717881679535e-02,2.510838806629180908e-01,8.032224178314208984e-01,-4.110683500766754150e-01,-2.612221240997314453e-01,1.181957200169563293e-01,0.000000000000000000e+00,-2.493750005960464478e-01,-3.739116489887237549e-01,1.031047701835632324e-01,4.466645121574401855e-01,-2.047792077064514160e-01,4.722385406494140625e-01,-1.836869269609451294e-01,-5.598996281623840332e-01,-1.629951149225234985e-01,2.888808846473693848e-01,2.199847400188446045e-01,-1.974936276674270630e-01,-2.240218371152877808e-01,-1.205594316124916077e-01,1.709173619747161865e-01,5.657948851585388184e-01,-2.178107351064682007e-01,-3.936389684677124023e-01,-4.007926583290100098e-01,-2.491727471351623535e-01,1.561937853693962097e-03,1.166625246405601501e-01,-4.857420027256011963e-01,-1.883884966373443604e-01,-2.883920371532440186e-01,5.822756886482238770e-02,-2.919431924819946289e-01,-1.591829657554626465e-01,1.165322661399841309e-01,1.346701942384243011e-02,-2.833302132785320282e-03,-2.515858709812164307e-01,-1.526829600334167480e-01,-1.606073081493377686e-01,1.934751719236373901e-01,4.131923615932464600e-02,-8.234287053346633911e-02,4.623226448893547058e-02,1.726590096950531006e-01,1.038809195160865784e-01,2.396332919597625732e-01,2.460030652582645416e-02,6.214029788970947266e-01,1.894863694906234741e-01,6.186963319778442383e-01,1.440664231777191162e-01,4.004274606704711914e-01,-1.342864036560058594e-01,-5.343260765075683594e-01,-1.385763734579086304e-01,-6.172067523002624512e-01,-3.970992267131805420e-01,-3.224518150091171265e-02,-9.647609293460845947e-02,-3.837796747684478760e-01,1.214255541563034058e-01,-3.615924715995788574e-01,-2.932869195938110352e-01,-5.029792189598083496e-01,-4.760512411594390869e-01,-2.708186209201812744e-01,-3.872803449630737305e-01,-4.317490160465240479e-01,-4.416866898536682129e-01,-3.021281659603118896e-01,2.699600905179977417e-02,-1.741974651813507080e-01,-1.260896623134613037e-01,-5.534220859408378601e-02,-2.786725163459777832e-01,-2.135176677256822586e-03,-4.091597497463226318e-01,1.764989346265792847e-01,-4.183974862098693848e-01,7.218227535486221313e-02,-4.423448145389556885e-01,3.236376345157623291e-01,-3.381202816963195801e-01,-1.715195029973983765e-01,-7.456906437873840332e-01,4.413264691829681396e-01,-4.018859267234802246e-01,6.623971462249755859e-01,-2.719473280012607574e-02,7.435456514358520508e-01,1.306598186492919922e-01,-5.602161586284637451e-02,5.471133068203926086e-02,1.168175488710403442e-01,-2.121303379535675049e-01,-1.971500813961029053e-01,-3.784606456756591797e-01,-1.456195712089538574e-01,-5.792648792266845703e-01,-1.036931425333023071e-01,-6.629369258880615234e-01,6.371106207370758057e-02,-5.669156312942504883e-01,-8.149944990873336792e-02,-4.209640324115753174e-01,3.484621644020080566e-03,-5.666236393153667450e-03,2.254661917686462402e-02,4.196874201297760010e-01,8.187084645032882690e-02,1.547951549291610718e-01,7.368233054876327515e-02,-1.331871747970581055e-01
7.384897768497467041e-02,3.925595879554748535e-01,-5.100180506706237793e-01,-2.400771528482437134e-01,6.274743676185607910e-01,6.424137353897094727e-01,-5.099195241928100586e-01,-2.493750005960464478e-01,0.000000000000000000e+00,5.025731325149536133e-01,-9.689977020025253296e-02,6.503719836473464966e-02,-1.479731798171997070e-01,7.345404475927352905e-03,5.138404369354248047e-01,3.329702019691467285e-01,-1.220888867974281311e-01,1.021951250731945038e-02,1.092089898884296417e-02,1.495731621980667114e-01,7.770557701587677002e-02,3.308451175689697266e-01,-4.856519997119903564e-01,-2.835061848163604736e-01,-1.236389670521020889e-02,4.673753678798675537e-01,6.508379578590393066e-01,5.364467501640319824e-01,-1.561094373464584351e-01,-2.938513085246086121e-02,2.031800895929336548e-01,1.271934658288955688e-01,1.015890240669250488e-01,6.255915760993957520e-02,-5.203998088836669922e-02,-1.736318469047546387e-01,-2.255535721778869629e-01,-2.919729053974151611e-01,1.195381581783294678e-01,1.348175574094057083e-02,4.680922627449035645e-02,6.657389551401138306e-02,-3.459067046642303467e-01,-2.527625858783721924e-01,8.648023009300231934e-02,-9.215115010738372803e-02,-2.602907419204711914e-01,-2.432701289653778076e-01,2.060867846012115479e-01,8.328439295291900635e-02,-1.020135357975959778e-01,-1.832600980997085571e-01,-3.434953093528747559e-01,-4.807932376861572266e-01,1.922386288642883301e-01,-3.284532427787780762e-01,2.056039869785308838e-01,4.317949116230010986e-01,3.129228353500366211e-01,4.099502265453338623e-01,4.932811111211776733e-02,2.349568158388137817e-01,3.988025709986686707e-02,2.017405480146408081e-01,9.020059555768966675e-02,4.754909873008728027e-02,2.317326515913009644e-01,7.276400178670883179e-02,3.817908167839050293e-01,2.753776609897613525e-01,4.434632956981658936e-01,3.050445020198822021e-01,-1.958741098642349243e-01,1.111546978354454041e-01,1.728752553462982178e-01,7.529531419277191162e-02,1.542287506163120270e-02,-1.087259426712989807e-01,1.176095288246870041e-02,-1.481490880250930786e-01,2.258051931858062744e-01,7.251741737127304077e-02,3.101112842559814453e-01,7.259833812713623047e-02,3.258046805858612061e-01,-3.127519488334655762e-01,4.446613192558288574e-01,2.294867038726806641e-01,2.400671839714050293e-01,-3.539384007453918457e-01,1.514832582324743271e-02,-4.056013524532318115e-01,-1.430681496858596802e-01,-4.697926640510559082e-01,-7.522021979093551636e-02,-1.425510644912719727e-01,4.719136282801628113e-02,-8.206970989704132080e-02,6.055782735347747803e-02,3.013291954994201660e-01,3.840001821517944336e-01,-1.065962165594100952e-01,3.801407217979431152e-01,1.399793010205030441e-02,3.063788414001464844e-01,-5.693056061863899231e-02,2.164433747529983521e-01,-1.768959611654281616e-01,-7.350762933492660522e-02,5.949247628450393677e-02,-2.256969455629587173e-03,-2.028635889291763306e-01,5.536532402038574219e-02,5.937120690941810608e-02,1.036773398518562317e-01,4.984472878277301788e-03
1.284308284521102905e-01,-2.320587867870926857e-03,-2.511265873908996582e-01,-3.607346415519714355e-01,4.732802212238311768e-01,5.933935642242431641e-01,-1.990845501422882080e-01,-3.739116489887237549e-01,5.025731325149536133e-01,0.000000000000000000e+00,-1.043141484260559082e-01,-1.876494139432907104e-01,2.815308421850204468e-02,-1.047254279255867004e-01,3.149106204509735107e-01,5.910772681236267090e-01,-1.073521375656127930e-01,-1.941195130348205566e-01,-1.528350859880447388e-01,-6.521410495042800903e-02,2.385228127241134644e-01,3.231667876243591309e-01,-2.905792295932769775e-01,-3.564381599426269531e-01,1.055297628045082092e-01,3.360230326652526855e-01,5.270453095436096191e-01,3.829727470874786377e-01,-1.038918718695640564e-01,-1.109165698289871216e-01,3.889646530151367188e-01,2.321178019046783447e-01,1.266063451766967773e-01,-5.575605109333992004e-02,7.831902801990509033e-02,-9.962086379528045654e-02,-8.621452748775482178e-02,4.449082911014556885e-02,1.038216054439544678e-01,2.216886430978775024e-01,1.896717846393585205e-01,1.763542592525482178e-01,-2.547252178192138672e-01,-1.884021311998367310e-01,1.026672311127185822e-02,-1.654105484485626221e-01,-2.315482199192047119e-01,-1.491052359342575073e-01,-9.303446859121322632e-03,-3.865545243024826050e-02,-2.246571034193038940e-01,-1.711476594209671021e-01,-4.117073714733123779e-01,-2.323378324508666992e-01,-7.400273531675338745e-02,-4.535433277487754822e-02,1.174568161368370056e-01,9.943535923957824707e-02,3.497640490531921387e-01,2.880037724971771240e-01,7.691077888011932373e-02,1.725209355354309082e-01,1.187373921275138855e-01,3.010039776563644409e-02,1.505605727434158325e-01,1.586918681859970093e-01,1.868519484996795654e-01,1.472354531288146973e-01,1.629365235567092896e-01,2.867397964000701904e-01,3.753523528575897217e-01,4.533510208129882812e-01,1.634300649166107178e-01,-1.628590375185012817e-02,1.010910198092460632e-01,-1.850922405719757080e-02,4.696499556303024292e-03,6.742168217897415161e-02,-8.319555968046188354e-02,2.787902951240539551e-01,-7.721102237701416016e-02,2.304294407367706299e-01,1.112979948520660400e-01,3.257554173469543457e-01,-5.384936556220054626e-02,7.164996117353439331e-02,2.225584089756011963e-01,4.670035541057586670e-01,-1.330941617488861084e-01,7.169813662767410278e-02,-1.514622420072555542e-01,-4.557753354310989380e-02,-3.322482109069824219e-01,-1.652219295501708984e-01,2.790919318795204163e-02,-7.070830464363098145e-02,6.512555480003356934e-02,1.371416747570037842e-01,1.545690000057220459e-01,3.638851046562194824e-01,7.549949735403060913e-02,2.117114663124084473e-01,1.104101389646530151e-01,2.390301078557968140e-01,5.299100279808044434e-02,2.113111317157745361e-01,9.805165231227874756e-02,2.255944460630416870e-01,-1.902464218437671661e-02,4.891814664006233215e-02,1.294063329696655273e-01,-2.614263594150543213e-01,-7.198541611433029175e-02,4.230203106999397278e-03,4.824063181877136230e-02,1.244757100939750671e-01
7.079071551561355591e-02,-1.441874355077743530e-01,1.965807080268859863e-01,8.615618944168090820e-02,-1.511679887771606445e-01,-1.290935277938842773e-01,2.629439830780029297e-01,1.031047701835632324e-01,-9.689977020025253296e-02,-1.043141484260559082e-01,0.000000000000000000e+00,2.358202338218688965e-01,2.386028915643692017e-01,-8.634778670966625214e-03,-2.843125164508819580e-01,-2.284414172172546387e-01,2.543669641017913818e-01,1.158731356263160706e-01,1.758752912282943726e-01,-8.056098967790603638e-02,-1.975210756063461304e-01,-2.713962495326995850e-01,1.256001889705657959e-01,4.951652139425277710e-02,-2.339113950729370117e-01,-2.488961517810821533e-01,-1.942630708217620850e-01,-1.977557092905044556e-01,1.914134174585342407e-01,-3.638800978660583496e-02,-1.298050731420516968e-01,-1.565642207860946655e-01,-3.204638063907623291e-01,-3.123036324977874756e-01,-2.682654261589050293e-01,-3.250959217548370361e-01,1.029987819492816925e-02,-3.048499301075935364e-02,-7.973483204841613770e-02,-1.952230185270309448e-01,-1.160554438829421997e-01,2.782089263200759888e-02,1.620762646198272705e-01,1.640646904706954956e-02,-2.504002451896667480e-01,9.030731767416000366e-02,-1.303652999922633171e-03,1.306369453668594360e-01,4.004523903131484985e-02,1.251733005046844482e-01,1.375121027231216431e-01,1.612446308135986328e-01,1.292938590049743652e-01,1.309597492218017578e-01,-1.590265631675720215e-01,3.629649057984352112e-02,1.656835712492465973e-02,-1.347148120403289795e-01,-1.879863739013671875e-01,-2.286698073148727417e-01,-6.640753895044326782e-02,-1.956323832273483276e-01,2.341875433921813965e-01,1.376834660768508911e-01,-1.383757144212722778e-01,-2.523349523544311523e-01,-3.837566971778869629e-01,-3.945236504077911377e-01,-2.404799908399581909e-01,-3.119968473911285400e-01,-1.151502430438995361e-01,-1.007728949189186096e-01,-1.185471117496490479e-01,-2.409266978502273560e-01,9.203924983739852905e-02,1.472290605306625366e-01,4.502784926444292068e-03,-1.149675175547599792e-01,1.757841408252716064e-01,-5.573438107967376709e-02,-4.991773143410682678e-02,-2.096654921770095825e-01,-2.185052931308746338e-01,-2.754160761833190918e-01,-6.363974511623382568e-02,2.407060191035270691e-02,-2.133702039718627930e-01,-1.242591068148612976e-01,-1.013330891728401184e-01,7.982592284679412842e-02,8.883251249790191650e-02,2.660796642303466797e-01,1.609146445989608765e-01,2.939922213554382324e-01,-2.927441522479057312e-02,-9.047690778970718384e-02,-1.110447570681571960e-01,-2.252702862024307251e-01,8.946098387241363525e-02,-1.919490247964859009e-01,-1.053633242845535278e-01,-2.160515822470188141e-02,-2.498751729726791382e-01,1.215118728578090668e-02,-1.077400073409080505e-01,3.317388147115707397e-02,-9.369663894176483154e-04,1.024125292897224426e-01,-3.619494289159774780e-02,7.451948523521423340e-02,-1.279734522104263306e-01,-1.263154204934835434e-02,-2.031458616256713867e-01,-1.825536414980888367e-02,1.028642281889915466e-01,-2.167191542685031891e-02
-3.185699880123138428e-01,1.410599946975708008e-01,-3.254702314734458923e-02,3.301496505737304688e-01,-3.403595834970474243e-02,-4.384145140647888184e-02,-7.852384448051452637e-02,4.466645121574401855e-01,6.503719836473464966e-02,-1.876494139432907104e-01,2.358202338218688965e-01,0.000000000000000000e+00,-3.435095772147178650e-02,3.241168260574340820e-01,-2.683312632143497467e-02,-4.011858403682708740e-01,6.758197396993637085e-02,3.843066096305847168e-01,4.394970089197158813e-02,-5.055008456110954285e-02,-2.524818181991577148e-01,-1.447978150099515915e-02,-1.764219999313354492e-02,2.905323803424835205e-01,-2.375532239675521851e-01,-1.654262095689773560e-01,-1.605357974767684937e-01,-1.991189122200012207e-01,-1.759573630988597870e-02,1.551194638013839722e-01,-1.853138804435729980e-01,-3.242022916674613953e-02,-3.107811212539672852e-01,-1.650495454668998718e-02,-3.549087345600128174e-01,-2.795100212097167969e-01,-3.077337890863418579e-02,-1.027025207877159119e-01,4.072485864162445068e-02,-2.342849671840667725e-01,-1.000269502401351929e-01,-1.062631160020828247e-01,1.596157401800155640e-01,1.072065085172653198e-01,-1.698246002197265625e-01,6.291660666465759277e-02,8.344168215990066528e-02,1.316754072904586792e-01,2.390590608119964600e-01,9.163217246532440186e-02,3.716905713081359863e-01,1.511703729629516602e-01,2.883628010749816895e-01,-6.452613323926925659e-02,2.313365191221237183e-01,-3.243166804313659668e-01,-2.235601246356964111e-01,4.260488972067832947e-02,-2.596695125102996826e-01,-1.251707375049591064e-01,-7.068067044019699097e-02,-3.427255898714065552e-02,-3.385048359632492065e-02,3.654673397541046143e-01,-2.651839852333068848e-01,-2.561632990837097168e-01,-3.768303692340850830e-01,-4.384901523590087891e-01,-1.488355547189712524e-01,-3.218009173870086670e-01,-1.018008813261985779e-01,-9.774809330701828003e-02,-2.376312911510467529e-01,9.469102323055267334e-02,9.081632643938064575e-02,-1.261670738458633423e-01,-6.731609255075454712e-02,-2.922925055027008057e-01,1.957232505083084106e-01,-3.249054849147796631e-01,1.885482668876647949e-01,-2.009819597005844116e-01,6.549785379320383072e-03,-2.978217005729675293e-01,2.236754298210144043e-01,-2.865003943443298340e-01,-3.493547905236482620e-03,-4.210013747215270996e-01,2.828876972198486328e-01,-3.301593959331512451e-01,3.712704181671142578e-01,-1.013868376612663269e-01,4.405638575553894043e-01,-3.105308301746845245e-02,-1.501585636287927628e-02,-1.213923841714859009e-01,1.114257723093032837e-01,-2.236267477273941040e-01,-2.401095256209373474e-02,-1.290612220764160156e-01,7.510849833488464355e-02,-3.843410015106201172e-01,5.563080683350563049e-02,-3.562260866165161133e-01,1.258449554443359375e-01,-3.871392905712127686e-01,7.578179985284805298e-02,-3.117389082908630371e-01,-8.633185923099517822e-02,2.358449101448059082e-01,6.908082216978073120e-02,2.450228482484817505e-01,9.513705037534236908e-03,2.484354004263877869e-02,1.807908117771148682e-01,-1.630895435810089111e-01
1.416842788457870483e-01,-4.755760729312896729e-01,4.149766266345977783e-01,-1.151034533977508545e-01,9.022797457873821259e-03,-2.451252192258834839e-01,5.361485481262207031e-01,-2.047792077064514160e-01,-1.479731798171997070e-01,2.815308421850204468e-02,2.386028915643692017e-01,-3.435095772147178650e-02,0.000000000000000000e+00,-2.554392516613006592e-01,-5.571528896689414978e-02,-1.889348402619361877e-02,3.847314715385437012e-01,-1.574739962816238403e-01,8.262722939252853394e-02,-1.440078299492597580e-02,-1.100747063755989075e-01,-2.434539347887039185e-01,4.634866118431091309e-01,1.623263657093048096e-01,2.487222999334335327e-01,2.850982360541820526e-03,-2.609887421131134033e-01,-2.653124034404754639e-01,8.330360054969787598e-02,9.888741187751293182e-03,1.420497894287109375e-01,-7.707685977220535278e-02,1.373752858489751816e-02,-1.587152779102325439e-01,9.915825724601745605e-02,8.652425557374954224e-02,-1.205672323703765869e-01,4.580890759825706482e-02,-1.760610938072204590e-01,3.893734142184257507e-02,-6.296065449714660645e-02,2.479621954262256622e-02,2.738311886787414551e-01,2.693203985691070557e-01,-2.625342011451721191e-01,2.623484469950199127e-02,4.235887154936790466e-02,1.564427167177200317e-01,-2.393256425857543945e-01,-7.871053367853164673e-02,-2.644839286804199219e-01,1.634262502193450928e-01,-1.650443114340305328e-02,3.573894798755645752e-01,-4.604215919971466064e-01,1.901371330022811890e-01,2.388772368431091309e-02,-4.856071174144744873e-01,-1.404638886451721191e-01,-3.782823979854583740e-01,-9.285836480557918549e-03,-1.714963614940643311e-01,4.275244772434234619e-01,-6.462592631578445435e-02,2.109516859054565430e-01,5.499009415507316589e-02,-1.822572350502014160e-01,-2.065127342939376831e-01,-3.386247754096984863e-01,-2.163117378950119019e-01,-1.558663249015808105e-01,2.822655718773603439e-03,2.384714931249618530e-01,-9.683310985565185547e-02,1.366560459136962891e-01,-1.988390088081359863e-02,-4.031420126557350159e-02,-4.833005368709564209e-03,1.833695322275161743e-01,4.304940998554229736e-01,-2.227077484130859375e-01,1.810355186462402344e-01,-3.358812928199768066e-01,-3.901575133204460144e-02,-2.302575856447219849e-01,5.543764829635620117e-01,-3.503792881965637207e-01,1.263604760169982910e-01,-4.029959738254547119e-01,5.387557148933410645e-01,-1.973606199026107788e-01,5.407742261886596680e-01,-1.536763608455657959e-01,4.322206974029541016e-01,6.043488904833793640e-02,-3.038445115089416504e-02,-1.301731765270233154e-01,-1.169314235448837280e-01,-7.932668924331665039e-02,-1.783584505319595337e-01,-3.919080495834350586e-01,1.491699814796447754e-01,-4.498171508312225342e-01,1.828080266714096069e-01,-4.737408757209777832e-01,1.366944164037704468e-01,-2.155444473028182983e-01,2.591407299041748047e-01,-1.123052984476089478e-01,-3.783512488007545471e-02,-5.342441797256469727e-02,-1.736405193805694580e-01,-2.469834387302398682e-01,-1.984506249427795410e-01,-1.064188033342361450e-01,2.668999880552291870e-02
