0.000000000000000000e+00,6.681661605834960938e-01,6.843258440494537354e-02,8.252120018005371094e-02,2.817924134433269501e-02,-7.747127115726470947e-02,1.885168254375457764e-01,1.239125207066535950e-01,1.315763294696807861e-01,6.260136514902114868e-02,3.339937031269073486e-01,1.030058190226554871e-01,8.263334631919860840e-02,1.356055587530136108e-01,-2.777672111988067627e-01,-7.667074352502822876e-02,-2.965292334556579590e-01,-3.901995345950126648e-02,2.407869845628738403e-01,5.753759145736694336e-01,3.176664467900991440e-03,-1.938131749629974365e-01,-1.716108173131942749e-01,-1.658606231212615967e-01,-2.154451012611389160e-01,-2.152706384658813477e-01,-1.292548980563879013e-02,4.592868685722351074e-02,3.718088939785957336e-02,-2.006411850452423096e-01,-1.539182513952255249e-01,-1.496617197990417480e-01,-3.791445866227149963e-02,-1.985129863023757935e-01,-4.027892053127288818e-01,-4.895513355731964111e-01,-2.505239546298980713e-01,-2.831052541732788086e-01,2.139284163713455200e-01,-2.081499993801116943e-01,-1.026048362255096436e-01,-4.526880383491516113e-01,-2.584334611892700195e-01,-2.025945335626602173e-01,-3.049677014350891113e-01,-3.117190003395080566e-01,2.005419433116912842e-01,-1.544005870819091797e-01,-2.185174971818923950e-01,-5.744826514273881912e-03,1.477597095072269440e-02,1.263597887009382248e-02,1.241800338029861450e-01,2.345195561647415161e-01,1.019550412893295288e-01,-8.682255446910858154e-02,6.241821050643920898e-01,5.234093666076660156e-01,3.197965323925018311e-01,2.563182711601257324e-01,7.826451957225799561e-02,-4.496139287948608398e-02,1.184795126318931580e-01,-1.296087801456451416e-01,-4.819441735744476318e-01,-4.177449941635131836e-01,-2.486174553632736206e-01,-1.032284721732139587e-01,5.871756672859191895e-01,5.177325606346130371e-01,2.075393050909042358e-01,5.039664357900619507e-02,3.037751019001007080e-01,1.150790229439735413e-01,-5.140934512019157410e-02,-8.760972321033477783e-02,-3.653978705406188965e-01,-2.427663952112197876e-01,-2.789258658885955811e-01,1.179019957780838013e-01,-2.187841832637786865e-01,-2.146398425102233887e-01,-4.223032891750335693e-01,-2.864830493927001953e-01,-3.287818431854248047e-01,2.085849791765213013e-01,1.418861001729965210e-01,1.699113100767135620e-01,1.206758320331573486e-01,1.918937638401985168e-02,-2.184837609529495239e-01,-7.111793011426925659e-02,-2.500540018081665039e-01,-2.066703587770462036e-01,1.845422089099884033e-01,8.865586668252944946e-02,3.075046651065349579e-02,-2.962265610694885254e-01,-1.423637419939041138e-01,1.306838691234588623e-01,1.025429964065551758e-01,4.108985960483551025e-01,1.427097022533416748e-01,2.872130274772644043e-01,-1.678213477134704590e-01,-3.742048889398574829e-02,2.667104005813598633e-01,1.495645642280578613e-01,-8.395366370677947998e-02,-6.473114341497421265e-02,-3.944295644760131836e-01,-1.290838122367858887e-01,-2.196190953254699707e-01,-1.353206038475036621e-01,1.460798531770706177e-01,3.744581639766693115e-01
6.681661605834960938e-01,0.000000000000000000e+00,-6.187709979712963104e-03,2.900033071637153625e-02,1.011504828929901123e-01,-2.254915237426757812e-01,-8.653642237186431885e-02,1.822330057621002197e-01,1.757078766822814941e-01,-8.262980729341506958e-02,3.431384265422821045e-01,1.724530309438705444e-01,1.945355385541915894e-01,3.184221386909484863e-01,-2.746815979480743408e-01,-1.420070528984069824e-01,-1.395239979028701782e-01,1.217691227793693542e-01,3.672575345262885094e-03,5.103016495704650879e-01,-1.838016510009765625e-01,-8.579287678003311157e-02,-1.952006220817565918e-01,-1.419503241777420044e-01,-1.781485974788665771e-01,-1.848810613155364990e-01,-3.000367432832717896e-03,1.014048829674720764e-01,1.982991844415664673e-01,-2.117088288068771362e-01,-1.851626336574554443e-01,-1.610374152660369873e-01,-1.580891460180282593e-01,-2.658083438873291016e-01,-6.032193303108215332e-01,-6.000192165374755859e-01,-2.643890082836151123e-01,-2.563952803611755371e-01,7.327771931886672974e-02,-1.538855880498886108e-01,-2.152942121028900146e-01,-2.810101509094238281e-01,-1.705381870269775391e-01,-1.349383145570755005e-01,-2.110297530889511108e-01,-1.186591163277626038e-01,2.723718583583831787e-01,-1.981868036091327667e-02,-4.098399356007575989e-02,2.107805758714675903e-01,2.302522361278533936e-01,2.102191448211669922e-01,2.435456216335296631e-01,3.491268157958984375e-01,1.504524499177932739e-01,3.048274666070938110e-03,6.713614463806152344e-01,7.426922917366027832e-01,3.501400947570800781e-01,4.426941871643066406e-01,-7.462569326162338257e-02,-6.066453829407691956e-02,1.182756498456001282e-01,-7.617677748203277588e-02,-5.389925241470336914e-01,-4.918437004089355469e-01,-4.324460327625274658e-01,-9.384269267320632935e-02,6.426147818565368652e-01,6.943545937538146973e-01,2.062504291534423828e-01,3.249384462833404541e-02,2.636076211929321289e-01,1.637855172157287598e-01,-8.485950529575347900e-02,-1.344194859266281128e-01,-3.710079193115234375e-01,-3.250828385353088379e-01,-1.527307778596878052e-01,1.616524457931518555e-01,5.745758488774299622e-02,-1.744783520698547363e-01,-3.518274426460266113e-01,-1.667616814374923706e-01,-3.235543072223663330e-01,2.952196300029754639e-01,2.128201723098754883e-01,2.293882071971893311e-01,1.935817301273345947e-01,1.693968921899795532e-01,-3.657617866992950439e-01,-3.644151091575622559e-01,-3.258365392684936523e-01,-4.120013713836669922e-01,-2.107637003064155579e-02,-5.429206043481826782e-02,-1.223371475934982300e-01,-3.412583470344543457e-01,-2.660555243492126465e-01,-3.467753529548645020e-02,7.961249351501464844e-02,3.267517387866973877e-01,9.277915954589843750e-02,1.246574819087982178e-01,-4.097036272287368774e-02,-7.433258742094039917e-02,1.340595036745071411e-01,1.740542352199554443e-01,-1.043698489665985107e-01,-7.021597027778625488e-02,-4.547517895698547363e-01,-1.887724846601486206e-01,-1.714198738336563110e-01,-1.546388417482376099e-01,-6.105449050664901733e-03,3.347143828868865967e-01
6.843258440494537354e-02,-6.187709979712963104e-03,0.000000000000000000e+00,2.794104814529418945e-01,5.966039896011352539e-01,-4.162881374359130859e-01,6.127879619598388672e-01,4.467825293540954590e-01,4.965198934078216553e-01,-3.887744843959808350e-01,2.587032318115234375e-01,-1.208427250385284424e-01,4.729189574718475342e-01,2.030529379844665527e-01,2.849789261817932129e-01,-3.105787932872772217e-01,-3.161095976829528809e-01,-3.423490524291992188e-01,2.737781107425689697e-01,1.963751763105392456e-01,3.989440575242042542e-02,7.895125448703765869e-02,5.738505721092224121e-01,5.760146975517272949e-01,3.572526574134826660e-01,2.453170269727706909e-01,-7.636432349681854248e-02,-6.998008489608764648e-02,7.593369483947753906e-02,-1.977638155221939087e-01,4.246807992458343506e-01,3.027750551700592041e-01,3.081207275390625000e-01,6.113788578659296036e-03,1.136808544397354126e-01,-1.284161303192377090e-02,8.084465563297271729e-02,-1.223829165101051331e-01,2.060357630252838135e-01,7.324022799730300903e-02,1.080896036000922322e-04,-2.697865068912506104e-01,-7.091768831014633179e-02,-1.235382910817861557e-02,-1.155267357826232910e-01,-2.802760004997253418e-01,-7.314833346754312515e-03,-1.854897886514663696e-01,-2.914815843105316162e-01,-3.642989695072174072e-01,-2.315860539674758911e-01,-3.723664283752441406e-01,-1.469964254647493362e-02,1.528903394937515259e-01,8.782628923654556274e-02,-1.390708833932876587e-01,-5.493087321519851685e-02,-5.620361492037773132e-02,-1.423513740301132202e-01,-3.960717618465423584e-01,-1.985087692737579346e-01,-3.765656799077987671e-02,-1.681885719299316406e-01,-3.685387670993804932e-01,2.202621996402740479e-01,9.577186405658721924e-02,1.022386997938156128e-01,3.304502367973327637e-02,-5.140679702162742615e-02,4.210494831204414368e-02,3.612945377826690674e-01,2.767664194107055664e-01,-4.360057041049003601e-02,-6.241184845566749573e-02,1.065151169896125793e-01,-6.722631305456161499e-02,-1.287552863359451294e-01,-1.443172842264175415e-01,-2.037877291440963745e-01,2.335394732654094696e-02,-9.988367557525634766e-02,-2.013292461633682251e-01,-2.041943520307540894e-01,-2.894500195980072021e-01,1.724246293306350708e-01,-1.116966754198074341e-01,4.107590019702911377e-01,3.841182962059974670e-02,2.465852349996566772e-01,4.631107673048973083e-03,-1.064706370234489441e-01,1.229004338383674622e-01,-3.019746243953704834e-01,-7.329919841140508652e-03,8.165167272090911865e-02,1.172697320580482483e-01,-1.143077015876770020e-02,-2.455786764621734619e-01,-1.966547816991806030e-01,-1.049521565437316895e-01,-1.599485576152801514e-01,7.561079412698745728e-02,-1.629108488559722900e-01,-1.279310733079910278e-01,-3.636706992983818054e-02,-1.074533462524414062e-01,3.102444345131516457e-03,6.118874624371528625e-02,-2.174105308949947357e-02,-6.459830701351165771e-02,-1.631819605827331543e-01,-1.993566155433654785e-01,-2.117558121681213379e-01,-1.849194467067718506e-01,2.191986590623855591e-01,1.710692048072814941e-01
8.252120018005371094e-02,2.900033071637153625e-02,2.794104814529418945e-01,0.000000000000000000e+00,3.000294417142868042e-02,-1.811895370483398438e-01,4.061953127384185791e-01,4.457405805587768555e-01,-1.326895803213119507e-01,-3.431249260902404785e-01,1.149524375796318054e-01,4.642869830131530762e-01,2.816515266895294189e-01,3.133666515350341797e-01,1.349952220916748047e-01,-2.484046369791030884e-01,1.245104894042015076e-01,2.536713704466819763e-02,4.819317460060119629e-01,3.390609622001647949e-01,1.738836467266082764e-01,-1.247089877724647522e-01,5.082870125770568848e-01,4.555964171886444092e-01,1.346928924322128296e-01,1.304221451282501221e-01,-4.744555056095123291e-01,-3.898441493511199951e-01,3.713485226035118103e-02,1.503023058176040649e-01,3.811383843421936035e-01,5.018219351768493652e-01,6.147765554487705231e-03,2.467710971832275391e-01,7.601667940616607666e-02,9.916756302118301392e-02,-2.250299602746963501e-01,-5.696899816393852234e-02,-3.031546063721179962e-02,-3.021892309188842773e-01,-3.419013693928718567e-02,-1.768720000982284546e-01,2.953315712511539459e-02,-7.135180756449699402e-03,-1.205540597438812256e-01,7.964406907558441162e-02,-1.197209209203720093e-01,2.315403521060943604e-02,3.142124414443969727e-02,8.958566188812255859e-02,6.495981663465499878e-02,1.047483459115028381e-01,-2.351415529847145081e-02,3.894356265664100647e-02,-3.685943186283111572e-01,-9.792020171880722046e-02,1.896183043718338013e-01,1.731674522161483765e-01,-3.098889589309692383e-01,3.591016680002212524e-02,1.784418076276779175e-01,1.453549116849899292e-01,-1.064990758895874023e-01,2.313013672828674316e-01,1.396903395652770996e-01,1.497242897748947144e-01,5.714347213506698608e-02,-1.131103653460741043e-02,-3.623927012085914612e-02,-5.801561102271080017e-02,-1.338743884116411209e-02,1.719166934490203857e-01,4.383793845772743225e-02,3.383073210716247559e-02,-7.666324824094772339e-02,1.119867265224456787e-01,5.544697120785713196e-02,-6.804715842008590698e-02,1.326271444559097290e-01,-5.916373059153556824e-02,-1.997247040271759033e-01,1.702856570482254028e-01,-7.362824678421020508e-02,-3.464156389236450195e-01,1.756297498941421509e-01,-8.361008763313293457e-02,-1.941953301429748535e-01,-3.565055131912231445e-01,1.814649626612663269e-02,1.496082171797752380e-03,-1.165855079889297485e-01,1.559264659881591797e-01,4.614787548780441284e-02,1.325847357511520386e-01,-1.588834375143051147e-01,-2.007994800806045532e-01,-8.513962477445602417e-02,-1.699709296226501465e-01,-2.511913478374481201e-01,-2.634502947330474854e-01,-2.545284628868103027e-01,-5.089352838695049286e-03,-3.472268283367156982e-01,-1.650915592908859253e-01,-2.426889836788177490e-01,-2.445478886365890503e-01,-9.097436070442199707e-02,-3.944061696529388428e-01,1.797702722251415253e-02,-2.264779210090637207e-01,-2.337529510259628296e-01,-3.273396193981170654e-02,-2.443872988224029541e-01,-7.191459834575653076e-02,8.916940540075302124e-02,-2.614214457571506500e-02
2.817924134433269501e-02,1.011504828929901123e-01,5.966039896011352539e-01,3.000294417142868042e-02,0.000000000000000000e+00,-4.501731097698211670e-01,3.885142207145690918e-01,4.059616029262542725e-01,7.159473299980163574e-01,-4.335638284683227539e-01,3.766531050205230713e-01,-6.599994003772735596e-02,4.892570376396179199e-01,4.003130197525024414e-01,1.714366823434829712e-01,-3.946596682071685791e-01,-3.199690282344818115e-01,-1.780688315629959106e-01,8.045897819101810455e-03,1.751897335052490234e-01,-6.191288679838180542e-02,1.128347814083099365e-01,3.736939430236816406e-01,4.647844731807708740e-01,4.176899194717407227e-01,3.775047957897186279e-01,6.208530161529779434e-03,2.466147765517234802e-02,2.642724812030792236e-01,-1.498386859893798828e-01,3.773879408836364746e-01,2.405934184789657593e-01,3.032724261283874512e-01,-1.235050931572914124e-01,-7.068432867527008057e-02,-1.745317578315734863e-01,8.561034500598907471e-02,-1.373724192380905151e-01,2.420538067817687988e-01,1.331435143947601318e-01,-5.055536702275276184e-02,-2.625633776187896729e-01,-1.354690757580101490e-03,5.689228698611259460e-02,2.633473463356494904e-02,-2.612421810626983643e-01,1.768048405647277832e-01,-8.501270413398742676e-02,-1.943790167570114136e-01,-2.462335228919982910e-01,-1.509482860565185547e-01,-2.890930175781250000e-01,6.154008954763412476e-02,2.709506154060363770e-01,2.329144626855850220e-01,-1.802547872066497803e-01,-1.316240872256457806e-03,7.797294855117797852e-02,3.459502384066581726e-02,-2.545675933361053467e-01,-3.938278555870056152e-01,-1.013762727379798889e-01,-1.258821226656436920e-02,-2.781948447227478027e-01,-1.950403559021651745e-03,-5.213785916566848755e-02,7.902936637401580811e-02,1.610075235366821289e-01,4.039381816983222961e-02,1.898920536041259766e-01,4.887286424636840820e-01,2.556476891040802002e-01,1.095513030886650085e-01,5.574787035584449768e-02,-5.082764104008674622e-02,-2.375146001577377319e-01,-2.746820449829101562e-01,-2.311770468950271606e-01,-2.288745641708374023e-01,1.726363301277160645e-01,1.271798014640808105e-01,-1.677216589450836182e-01,-2.166432291269302368e-01,-3.453756570816040039e-01,7.920152693986892700e-02,1.211385726928710938e-01,5.091136097908020020e-01,1.192508637905120850e-01,3.189845681190490723e-01,-1.047809794545173645e-02,-2.517189681529998779e-01,-9.630122780799865723e-02,-4.265297949314117432e-01,-2.173723131418228149e-01,5.076504126191139221e-02,1.191377341747283936e-01,5.285971611738204956e-02,-1.414469033479690552e-01,-1.324347704648971558e-01,4.578507691621780396e-02,-7.422635704278945923e-02,2.191031426191329956e-01,4.765082523226737976e-02,3.031153418123722076e-02,1.118153706192970276e-01,6.766334921121597290e-02,8.848036825656890869e-02,2.131795138120651245e-01,-5.305932834744453430e-02,-7.027880847454071045e-02,-4.761819913983345032e-02,-1.359555572271347046e-01,-5.578925833106040955e-02,-5.210388079285621643e-02,2.465589046478271484e-01,2.803566157817840576e-01
-7.747127115726470947e-02,-2.254915237426757812e-01,-4.162881374359130859e-01,-1.811895370483398438e-01,-4.501731097698211670e-01,0.000000000000000000e+00,-1.524397134780883789e-01,-3.846594095230102539e-01,-3.047032654285430908e-01,7.348510622978210449e-01,-3.013825416564941406e-01,-1.439119875431060791e-01,-4.163994491100311279e-01,-4.641545414924621582e-01,7.175089418888092041e-02,6.188378334045410156e-01,2.049020677804946899e-02,-1.691537443548440933e-03,3.317659348249435425e-02,-8.981915563344955444e-02,3.009024634957313538e-02,-1.955160114448517561e-04,-2.534594833850860596e-01,-3.759855926036834717e-01,-4.151698946952819824e-02,5.898055061697959900e-02,3.587182462215423584e-01,3.588213622570037842e-01,-3.075554072856903076e-01,-6.345427781343460083e-02,-2.258227914571762085e-01,-1.953290849924087524e-01,5.297971516847610474e-02,1.712187081575393677e-01,2.632503807544708252e-01,1.994285583496093750e-01,-1.774602532386779785e-01,-8.178555965423583984e-02,-3.105568587779998779e-01,-2.934686541557312012e-01,-1.284476518630981445e-01,6.596919894218444824e-02,-1.670466214418411255e-01,-1.903034448623657227e-01,-1.321808099746704102e-01,-5.798164755105972290e-02,-3.119274675846099854e-01,-1.638545840978622437e-01,-1.115764379501342773e-01,-8.816455304622650146e-02,-2.427485287189483643e-01,-8.657678961753845215e-02,-2.338753640651702881e-01,-3.454578220844268799e-01,-2.468006163835525513e-01,-1.831292212009429932e-01,-2.077606767416000366e-01,-2.497571706771850586e-01,-7.352101057767868042e-02,-1.155086755752563477e-01,2.620714604854583740e-01,1.264289170503616333e-01,2.601990289986133575e-02,2.985703572630882263e-02,1.442478001117706299e-01,2.155374437570571899e-01,1.247488111257553101e-01,3.167724609375000000e-02,-2.194525897502899170e-01,-2.514948546886444092e-01,-1.800449192523956299e-01,-1.614321917295455933e-01,-6.658031605184078217e-03,-4.218111187219619751e-02,4.693381860852241516e-02,1.626808196306228638e-01,2.455457597970962524e-01,2.775482237339019775e-01,3.098535351455211639e-02,-1.739032119512557983e-01,-2.181215882301330566e-01,-3.551073372364044189e-02,-3.466054424643516541e-02,1.486677825450897217e-01,-1.161839142441749573e-01,-2.827856540679931641e-01,-3.189771175384521484e-01,-3.840761259198188782e-02,-3.551945686340332031e-01,-3.092575371265411377e-01,3.314557075500488281e-01,1.384106874465942383e-01,2.826491594314575195e-01,1.313850730657577515e-01,7.855185307562351227e-03,-1.343701481819152832e-01,-7.156764715909957886e-02,5.989587679505348206e-02,1.439455449581146240e-01,1.104231774806976318e-01,-1.373848505318164825e-02,-6.651524454355239868e-02,7.392689585685729980e-02,8.679766207933425903e-02,2.350945770740509033e-02,9.874302893877029419e-03,4.178996663540601730e-03,-2.435434982180595398e-02,6.549865007400512695e-02,-5.426817014813423157e-02,1.351520866155624390e-01,5.412125214934349060e-02,1.091426238417625427e-01,1.664936840534210205e-01,-1.257347315549850464e-01,-1.289317160844802856e-01
1.885168254375457764e-01,-8.653642237186431885e-02,6.127879619598388672e-01,4.061953127384185791e-01,3.885142207145690918e-01,-1.524397134780883789e-01,0.000000000000000000e+00,3.995084762573242188e-01,3.206950128078460693e-01,-2.603609561920166016e-01,2.516333162784576416e-01,1.049807220697402954e-01,3.528214991092681885e-01,1.341548115015029907e-01,2.286518961191177368e-01,-2.417735308408737183e-01,-1.987859308719635010e-01,-2.081283628940582275e-01,4.581456482410430908e-01,2.932068705558776855e-01,2.366214543581008911e-01,-3.035201504826545715e-02,5.275354981422424316e-01,4.377451241016387939e-01,3.308833539485931396e-01,2.862416505813598633e-01,-1.478561758995056152e-01,-1.690221726894378662e-01,-3.049216605722904205e-02,-1.809929870069026947e-02,4.095358550548553467e-01,3.344106674194335938e-01,3.171165287494659424e-01,1.839294880628585815e-01,2.122685760259628296e-01,4.268923401832580566e-02,-5.033937841653823853e-02,-1.379960179328918457e-01,1.259389370679855347e-01,-1.278317272663116455e-01,-2.363486681133508682e-03,-3.309102654457092285e-01,-1.336281299591064453e-01,-9.156184643507003784e-02,-1.489765197038650513e-01,-2.318757474422454834e-01,-9.561001509428024292e-02,-1.934374719858169556e-01,-2.563092112541198730e-01,-2.577693760395050049e-01,-2.100041210651397705e-01,-2.681595683097839355e-01,-1.258174180984497070e-01,5.270279478281736374e-03,-1.350076794624328613e-01,-2.254247665405273438e-01,2.700209617614746094e-02,-5.237906798720359802e-02,-1.961184740066528320e-01,-3.023729324340820312e-01,8.212635666131973267e-02,7.805826514959335327e-02,-7.086933404207229614e-02,-1.204321160912513733e-01,2.184927314519882202e-01,1.807187199592590332e-01,2.706702649593353271e-01,6.488340348005294800e-02,-6.264059245586395264e-02,-8.483412116765975952e-02,2.704801857471466064e-01,2.765694260597229004e-01,8.358587324619293213e-02,-7.616050541400909424e-03,-2.807902917265892029e-02,-5.407662689685821533e-02,-4.703331273049116135e-03,2.238383144140243530e-02,-1.090629473328590393e-01,1.132265850901603699e-02,-2.752529084682464600e-01,-5.336768180131912231e-02,-2.472420781850814819e-01,-4.508801996707916260e-01,1.005536541342735291e-01,-1.567415893077850342e-01,7.325538992881774902e-02,-2.320078611373901367e-01,-1.934730634093284607e-02,-1.434756815433502197e-01,1.814972236752510071e-02,2.949950397014617920e-01,-1.011544987559318542e-01,1.239375248551368713e-01,1.138636842370033264e-01,3.941735252737998962e-02,5.701555684208869934e-02,-1.453076750040054321e-01,-9.003447741270065308e-02,-1.156519539654254913e-02,-1.446595489978790283e-01,1.117871105670928955e-01,-1.131772845983505249e-01,3.209627792239189148e-02,-1.395069807767868042e-01,-7.582952082157135010e-02,1.017631813883781433e-01,-3.210906311869621277e-02,7.036953419446945190e-02,-1.972153037786483765e-01,-9.625369310379028320e-02,-1.058353334665298462e-01,-1.222538426518440247e-01,-1.065525934100151062e-01,1.938143372535705566e-01,6.635701656341552734e-02
1.239125207066535950e-01,1.822330057621002197e-01,4.467825293540954590e-01,4.457405805587768555e-01,4.059616029262542725e-01,-3.846594095230102539e-01,3.995084762573242188e-01,0.000000000000000000e+00,3.524295389652252197e-01,-4.530444145202636719e-01,2.149075120687484741e-01,2.700724899768829346e-01,2.596104741096496582e-01,4.666417241096496582e-01,-1.183989569544792175e-01,-4.310602545738220215e-01,-2.017192989587783813e-01,-8.673440665006637573e-02,6.148744747042655945e-02,2.649684846401214600e-01,-3.887511044740676880e-02,-3.201247379183769226e-02,2.704297304153442383e-01,4.609578847885131836e-01,9.987045079469680786e-02,1.511003822088241577e-01,-2.189925014972686768e-01,-2.347769290208816528e-01,2.871216237545013428e-01,5.060882493853569031e-02,2.656602561473846436e-01,2.512988150119781494e-01,1.822581440210342407e-01,7.766884565353393555e-02,-1.104924753308296204e-01,-1.007836833596229553e-01,-1.049031615257263184e-01,-1.766090542078018188e-01,9.017641842365264893e-02,9.547908790409564972e-03,-7.078529894351959229e-02,-2.261728942394256592e-01,1.487008109688758850e-02,7.342299818992614746e-02,-9.368776530027389526e-02,-7.667448371648788452e-02,5.167338997125625610e-02,-1.035032793879508972e-01,-2.475486695766448975e-02,-7.620862871408462524e-02,-3.369095548987388611e-02,-6.028130650520324707e-02,3.104692697525024414e-02,1.458523422479629517e-01,5.609822273254394531e-02,-9.454150497913360596e-02,8.786629140377044678e-02,1.197910383343696594e-01,5.302143841981887817e-02,3.038131818175315857e-02,-1.022173790261149406e-03,2.776190638542175293e-01,-3.253323584794998169e-02,5.844566226005554199e-02,-1.294452697038650513e-01,-1.717911288142204285e-02,-2.880770526826381683e-02,2.180137671530246735e-02,3.495321795344352722e-02,6.149331852793693542e-02,1.514145433902740479e-01,1.594934463500976562e-01,1.079235821962356567e-01,7.011348009109497070e-02,-3.275939449667930603e-02,-2.372295409440994263e-02,-1.672368347644805908e-01,-1.305250674486160278e-01,-8.191135525703430176e-02,1.717934757471084595e-01,-6.066985428333282471e-02,-8.176405727863311768e-02,-1.535503268241882324e-01,-3.017395436763763428e-01,-3.871745988726615906e-02,6.430944800376892090e-02,1.780834197998046875e-01,-1.475544273853302002e-01,6.575132906436920166e-02,4.401832446455955505e-02,-1.266297698020935059e-01,-1.332349330186843872e-01,-1.008002832531929016e-01,-1.841046959161758423e-01,-2.619471168145537376e-03,4.521319642663002014e-03,5.714065954089164734e-02,-1.529417783021926880e-01,-1.425240039825439453e-01,-1.025811806321144104e-01,2.595939673483371735e-02,4.650960490107536316e-02,-8.218713104724884033e-02,-1.392581760883331299e-01,2.309079095721244812e-02,-8.758216351270675659e-02,-6.282036751508712769e-02,-6.961689889430999756e-02,1.779449172317981720e-02,-5.178752914071083069e-02,-1.084657534956932068e-01,-1.330953836441040039e-01,-4.086560755968093872e-02,-5.356739461421966553e-02,1.830353736877441406e-01,4.218812659382820129e-02
1.315763294696807861e-01,1.757078766822814941e-01,4.965198934078216553e-01,-1.326895803213119507e-01,7.159473299980163574e-01,-3.047032654285430908e-01,3.206950128078460693e-01,3.524295389652252197e-01,0.000000000000000000e+00,-2.229641675949096680e-01,3.004670441150665283e-01,-2.013510763645172119e-01,3.498785495758056641e-01,2.551547288894653320e-01,9.599036723375320435e-02,-1.892116814851760864e-01,-4.291753768920898438e-01,-2.286594510078430176e-01,-8.114131540060043335e-02,2.155405730009078979e-01,-2.000121176242828369e-01,7.633376866579055786e-02,1.989378631114959717e-01,3.357635140419006348e-01,2.952844202518463135e-01,2.763893604278564453e-01,1.654741466045379639e-01,1.609873175621032715e-01,2.492568343877792358e-01,-2.057237923145294189e-01,2.187855243682861328e-01,4.424118995666503906e-02,3.559322953224182129e-01,-1.213773190975189209e-01,-6.336840242147445679e-02,-1.944587528705596924e-01,-3.149699885398149490e-03,-2.761892974376678467e-01,2.089739888906478882e-01,4.092811420559883118e-02,-1.139498054981231689e-01,-3.499436080455780029e-01,-1.611267179250717163e-01,-7.998997718095779419e-02,-8.985022455453872681e-02,-3.684401214122772217e-01,1.767223328351974487e-01,-2.156975418329238892e-01,-2.620381414890289307e-01,-2.511021196842193604e-01,-1.982021778821945190e-01,-3.168307542800903320e-01,2.003022655844688416e-02,2.223443388938903809e-01,2.702496051788330078e-01,-2.271945476531982422e-01,1.132972445338964462e-02,6.805239617824554443e-02,1.261778920888900757e-01,-2.481316328048706055e-01,-2.834645509719848633e-01,8.348939009010791779e-03,1.292294240556657314e-03,-2.992933988571166992e-01,-9.446963667869567871e-02,-7.912780344486236572e-02,8.529303967952728271e-02,1.982289701700210571e-01,6.548011302947998047e-02,2.577997744083404541e-01,5.110281109809875488e-01,2.262706160545349121e-01,1.355213075876235962e-01,1.297205537557601929e-01,-6.355921179056167603e-02,-1.878349483013153076e-01,-2.659800350666046143e-01,-1.395769417285919189e-01,-3.485004901885986328e-01,2.585687339305877686e-01,9.433881938457489014e-02,-3.143238127231597900e-01,-3.701976537704467773e-01,-2.870226204395294189e-01,-1.272420883178710938e-01,1.104191914200782776e-01,4.996625185012817383e-01,2.354798763990402222e-01,1.836604624986648560e-01,-6.655722856521606445e-02,-1.632936745882034302e-01,-1.564157307147979736e-01,-3.404533565044403076e-01,-2.884364724159240723e-01,1.129694059491157532e-01,1.810514628887176514e-01,7.566559314727783203e-02,-1.689811795949935913e-01,-5.304248258471488953e-02,1.214009597897529602e-01,9.099479764699935913e-02,2.501273751258850098e-01,2.325055748224258423e-01,1.512167006731033325e-01,1.701748520135879517e-01,1.476137936115264893e-01,1.754117906093597412e-01,3.479943871498107910e-01,-9.125908464193344116e-02,-2.393794432282447815e-02,-6.177463009953498840e-02,-1.622595787048339844e-01,2.958126924932003021e-02,3.425716608762741089e-02,3.210029900074005127e-01,3.734624385833740234e-01
6.260136514902114868e-02,-8.262980729341506958e-02,-3.887744843959808350e-01,-3.431249260902404785e-01,-4.335638284683227539e-01,7.348510622978210449e-01,-2.603609561920166016e-01,-4.530444145202636719e-01,-2.229641675949096680e-01,0.000000000000000000e+00,-4.004260301589965820e-01,-3.418798148632049561e-01,-5.227500796318054199e-01,-5.633803606033325195e-01,-5.645015090703964233e-02,6.930281519889831543e-01,-1.225400567054748535e-01,-1.461395472288131714e-01,-3.676510602235794067e-02,-1.698167063295841217e-02,-8.848074823617935181e-02,-6.488836370408535004e-03,-3.847345411777496338e-01,-4.754921197891235352e-01,-2.290714085102081299e-01,-1.663819849491119385e-01,4.459326267242431641e-01,4.688569903373718262e-01,-3.085078299045562744e-01,-1.965520530939102173e-01,-3.510548472404479980e-01,-3.781944811344146729e-01,4.780072718858718872e-02,2.164323814213275909e-02,1.592088341712951660e-01,1.153423935174942017e-01,-1.508994996547698975e-01,-1.538245528936386108e-01,-1.593478322029113770e-01,-2.557490468025207520e-01,-1.215438693761825562e-01,-3.884860128164291382e-02,-3.368054628372192383e-01,-3.494838774204254150e-01,-2.487373054027557373e-01,-2.348915338516235352e-01,-2.339330613613128662e-01,-2.481882125139236450e-01,-2.541095018386840820e-01,-2.086922228336334229e-01,-3.459733426570892334e-01,-1.777782142162322998e-01,-2.612477838993072510e-01,-2.803492844104766846e-01,-1.348742544651031494e-01,-1.796496808528900146e-01,-1.472483426332473755e-01,-1.982111632823944092e-01,1.376171782612800598e-02,-1.045312657952308655e-01,1.791566014289855957e-01,1.271944642066955566e-01,-3.506882861256599426e-02,-1.013604626059532166e-01,3.179416432976722717e-02,1.479829996824264526e-01,6.416303664445877075e-02,4.861457645893096924e-02,-2.237125299870967865e-02,-3.057889081537723541e-02,-8.876851201057434082e-02,-1.822662353515625000e-01,-3.624714910984039307e-02,-8.330325782299041748e-02,1.227907687425613403e-01,2.127784490585327148e-02,1.183284968137741089e-01,1.834651082754135132e-01,-1.555021852254867554e-01,-1.392277926206588745e-01,-2.139977812767028809e-01,-2.043169587850570679e-01,-1.036819890141487122e-01,2.264553904533386230e-01,-2.570401132106781006e-01,-1.976770311594009399e-01,-1.512812227010726929e-01,1.839420199394226074e-01,-2.293556332588195801e-01,-2.790961563587188721e-01,3.263923823833465576e-01,1.172940433025360107e-01,2.056858837604522705e-01,5.979962646961212158e-02,8.101142197847366333e-02,-2.719545736908912659e-02,2.559087984263896942e-02,2.348004281520843506e-02,1.601927131414413452e-01,2.062027305364608765e-01,6.846255809068679810e-02,6.089211627840995789e-02,1.888115555047988892e-01,1.545694917440414429e-01,7.707107812166213989e-02,6.490765511989593506e-02,5.109946802258491516e-02,1.119043529033660889e-01,4.449116438627243042e-02,1.048744693398475647e-01,8.165142685174942017e-02,1.187687646597623825e-02,7.742675393819808960e-02,2.181380540132522583e-01,-3.940391540527343750e-02,2.850770764052867889e-02
3.339937031269073486e-01,3.431384265422821045e-01,2.587032318115234375e-01,1.149524375796318054e-01,3.766531050205230713e-01,-3.013825416564941406e-01,2.516333162784576416e-01,2.149075120687484741e-01,3.004670441150665283e-01,-4.004260301589965820e-01,0.000000000000000000e+00,2.863206267356872559e-01,6.602512598037719727e-01,4.809065759181976318e-01,1.295503824949264526e-01,-3.036420345306396484e-01,-1.193768810480833054e-02,1.283470392227172852e-01,8.757473528385162354e-02,2.725437879562377930e-01,-1.152472272515296936e-01,-5.721217766404151917e-02,1.954566687345504761e-01,2.516510188579559326e-01,2.719531655311584473e-01,1.938061863183975220e-01,-6.032181903719902039e-02,-2.366711385548114777e-02,2.851889133453369141e-01,-9.786766767501831055e-02,2.243012487888336182e-01,2.166961282491683960e-01,3.648597374558448792e-02,-1.828157342970371246e-02,-2.863934636116027832e-01,-4.198392331600189209e-01,-1.785769462585449219e-01,-1.746224313974380493e-01,-5.035712942481040955e-02,-6.780369579792022705e-02,-1.969306915998458862e-01,-7.756450772285461426e-02,1.310952901840209961e-01,8.401890844106674194e-02,-2.652896335348486900e-03,-1.016914322972297668e-01,6.848895549774169922e-02,-5.843220278620719910e-02,3.263132274150848389e-02,2.307144366204738617e-02,1.737098395824432373e-01,4.016408231109380722e-03,1.567406356334686279e-01,2.061162441968917847e-01,7.303295657038688660e-03,-1.153269559144973755e-01,2.907035946846008301e-01,3.668570220470428467e-01,8.880582451820373535e-02,4.786960408091545105e-02,-4.058412089943885803e-02,-3.683097064495086670e-01,3.934458494186401367e-01,-4.026371613144874573e-02,-2.095321118831634521e-01,-3.950801193714141846e-01,-2.486461997032165527e-01,-1.654941886663436890e-01,1.644857078790664673e-01,2.612170577049255371e-01,2.132356315851211548e-01,1.658145785331726074e-01,1.887411624193191528e-01,2.669877707958221436e-01,-4.114754498004913330e-02,7.888390868902206421e-02,-1.536204069852828979e-01,-2.060547173023223877e-01,-5.832103267312049866e-02,4.593195766210556030e-02,1.589833050966262817e-01,-5.757443234324455261e-02,-2.279695719480514526e-01,-2.355691641569137573e-01,9.736115485429763794e-02,1.129840314388275146e-01,1.991465538740158081e-01,-5.014663189649581909e-02,1.926089823246002197e-01,9.409990906715393066e-02,-3.512529432773590088e-01,-2.241919785737991333e-01,-3.141991496086120605e-01,-2.561169490218162537e-02,-1.923670172691345215e-01,-1.444474309682846069e-01,-2.207356542348861694e-01,-2.843663692474365234e-01,-2.493134886026382446e-01,-9.291191399097442627e-02,-1.947586834430694580e-01,1.408746242523193359e-01,-1.180541738867759705e-01,1.242857426404953003e-02,2.115130424499511719e-02,3.541468176990747452e-04,5.382107943296432495e-02,1.374762803316116333e-01,-9.492883831262588501e-02,-2.336454093456268311e-01,-2.601413130760192871e-01,-1.557850986719131470e-01,-9.271099418401718140e-02,-9.147662669420242310e-02,1.102980002760887146e-01,1.078677102923393250e-01
1.030058190226554871e-01,1.724530309438705444e-01,-1.208427250385284424e-01,4.642869830131530762e-01,-6.599994003772735596e-02,-1.439119875431060791e-01,1.049807220697402954e-01,2.700724899768829346e-01,-2.013510763645172119e-01,-3.418798148632049561e-01,2.863206267356872559e-01,0.000000000000000000e+00,3.089495003223419189e-01,5.818471312522888184e-01,1.390644907951354980e-01,-2.167453914880752563e-01,4.134492874145507812e-01,4.785957038402557373e-01,2.206466197967529297e-01,2.336181551218032837e-01,1.642092168331146240e-01,-4.680706933140754700e-02,1.933307647705078125e-01,1.524804979562759399e-01,4.502019286155700684e-02,1.342880874872207642e-01,-3.686449825763702393e-01,-3.527973294258117676e-01,1.860919296741485596e-01,3.359298706054687500e-01,1.711758226156234741e-01,3.637852966785430908e-01,-2.452214509248733521e-01,1.273597776889801025e-01,-2.384389489889144897e-01,-2.470762878656387329e-01,-2.007659822702407837e-01,1.011701077222824097e-01,-1.752223223447799683e-01,-1.228159517049789429e-01,-1.007659733295440674e-01,1.626716405153274536e-01,2.142788320779800415e-01,1.664752811193466187e-01,-8.338663610629737377e-04,2.671801745891571045e-01,-9.536057710647583008e-02,7.890439778566360474e-02,1.914481073617935181e-01,3.339394629001617432e-01,3.298598229885101318e-01,3.351367413997650146e-01,3.147795051336288452e-02,3.378796949982643127e-02,-2.120170742273330688e-01,1.471822336316108704e-02,3.042609393596649170e-01,3.393568992614746094e-01,-9.766317158937454224e-02,3.607262372970581055e-01,1.654930412769317627e-01,6.183965504169464111e-02,1.555643826723098755e-01,4.767679274082183838e-01,-6.418594717979431152e-02,-1.181550621986389160e-01,-1.900252848863601685e-01,-1.901737302541732788e-01,2.199384383857250214e-02,-2.104550786316394806e-02,-2.025255411863327026e-01,8.366052061319351196e-02,1.328043192625045776e-01,1.772361099720001221e-01,-1.514700949192047119e-01,1.852546483278274536e-01,7.656436413526535034e-02,-4.778218455612659454e-03,3.559919893741607666e-01,-2.859019115567207336e-02,2.432714030146598816e-02,3.808019161224365234e-01,3.162274509668350220e-02,-1.984470337629318237e-01,1.954474300146102905e-01,1.535233855247497559e-01,-1.907267570495605469e-01,-2.613949477672576904e-01,2.451574057340621948e-02,1.836360692977905273e-01,-3.117672204971313477e-01,-1.618022322654724121e-01,-5.693918094038963318e-02,-4.905258864164352417e-02,-1.884662210941314697e-01,-2.765528559684753418e-01,-1.772998720407485962e-01,-4.516503959894180298e-02,-2.036439180374145508e-01,-2.851073145866394043e-01,-2.310678660869598389e-01,-4.202536493539810181e-02,-3.074564933776855469e-01,-1.704961210489273071e-01,-2.452236115932464600e-01,-2.520818114280700684e-01,-9.619968384504318237e-02,-3.168812394142150879e-01,5.702699348330497742e-02,-3.029089570045471191e-01,-2.222642600536346436e-01,2.158854715526103973e-02,-1.191118806600570679e-01,-7.661935687065124512e-02,-1.496008336544036865e-01,-2.228123396635055542e-01
8.263334631919860840e-02,1.945355385541915894e-01,4.729189574718475342e-01,2.816515266895294189e-01,4.892570376396179199e-01,-4.163994491100311279e-01,3.528214991092681885e-01,2.596104741096496582e-01,3.498785495758056641e-01,-5.227500796318054199e-01,6.602512598037719727e-01,3.089495003223419189e-01,0.000000000000000000e+00,5.544256567955017090e-01,3.810673654079437256e-01,-3.722594976425170898e-01,9.422110021114349365e-02,1.320448517799377441e-01,1.754673421382904053e-01,1.776482760906219482e-01,-5.939149484038352966e-02,-6.259404122829437256e-02,5.652900934219360352e-01,5.118108391761779785e-01,4.570407271385192871e-01,3.084284365177154541e-01,-1.940546333789825439e-01,-1.206722706556320190e-01,2.348360568284988403e-01,-5.705711990594863892e-02,4.055072367191314697e-01,3.946332335472106934e-01,6.662843376398086548e-02,-8.379494771361351013e-03,-1.442844271659851074e-01,-3.024069964885711670e-01,-1.179260835051536560e-01,-1.033135801553726196e-01,-4.506583884358406067e-02,-1.027696132659912109e-01,-1.767788827419281006e-01,-5.650712922215461731e-02,1.516618281602859497e-01,7.963774353265762329e-02,1.722657936625182629e-03,-7.250418514013290405e-02,3.843207284808158875e-02,2.677133306860923767e-02,-5.781670100986957550e-03,7.470427546650171280e-03,2.031791657209396362e-01,1.873799972236156464e-02,1.378099322319030762e-01,2.459200620651245117e-01,-8.920260518789291382e-02,-9.965616464614868164e-02,1.689219176769256592e-01,3.243472576141357422e-01,-1.335261464118957520e-01,-1.058460026979446411e-01,-7.765869051218032837e-02,-2.875363528728485107e-01,1.473776698112487793e-01,-7.426463812589645386e-02,1.404746025800704956e-01,-1.374431103467941284e-01,-1.219403818249702454e-01,-8.801048249006271362e-02,1.615391112864017487e-02,1.888668388128280640e-01,2.032246589660644531e-01,2.280136793851852417e-01,1.214891523122787476e-01,1.556145846843719482e-01,-7.370870560407638550e-02,3.754152730107307434e-02,-8.847928047180175781e-02,-2.132240682840347290e-01,4.049814864993095398e-02,1.054311636835336685e-02,1.610231250524520874e-01,7.890968769788742065e-02,-1.601372957229614258e-01,-3.011102080345153809e-01,3.543727695941925049e-01,7.700367271900177002e-02,2.232219129800796509e-01,-1.229527145624160767e-01,3.062286972999572754e-01,1.493504345417022705e-01,-3.833875358104705811e-01,-9.909959882497787476e-02,-3.559832274913787842e-01,3.147964179515838623e-02,-2.203715592622756958e-01,-2.070311307907104492e-01,-2.234791368246078491e-01,-2.207766175270080566e-01,-3.286727964878082275e-01,-2.333454340696334839e-01,-2.974604070186614990e-01,6.905300915241241455e-02,-2.613970637321472168e-01,-1.408169865608215332e-01,-4.524156078696250916e-02,-5.060662701725959778e-02,-2.209352701902389526e-02,-6.381922867149114609e-03,-8.209435641765594482e-02,-2.720647752285003662e-01,-2.543797791004180908e-01,-1.268586814403533936e-01,-1.493458598852157593e-01,-1.171612814068794250e-01,1.156114339828491211e-01,5.957368761301040649e-02
