0.000000000000000000e+00,5.688228011131286621e-01,3.295671641826629639e-01,3.913621902465820312e-01,-9.220404177904129028e-02,-2.404510676860809326e-01,3.008827865123748779e-01,3.716876506805419922e-01,5.718997493386268616e-02,-2.374818474054336548e-01,1.761764287948608398e-01,3.878548042848706245e-03,2.280383110046386719e-01,-7.319964468479156494e-02,-6.180800125002861023e-02,-3.006276190280914307e-01,-1.006799563765525818e-02,6.238793581724166870e-02,6.282638907432556152e-01,6.442356109619140625e-01,-2.787657976150512695e-01,-2.540943324565887451e-01,-2.483914233744144440e-02,1.286676973104476929e-01,-2.963011264801025391e-01,-4.168339967727661133e-01,-3.501064181327819824e-01,-3.844720721244812012e-01,-1.118121147155761719e-01,-8.256020396947860718e-02,-1.200464293360710144e-01,-7.482493668794631958e-02,3.583746254444122314e-01,3.826304078102111816e-01,-7.459878176450729370e-02,6.494407355785369873e-02,-3.258590102195739746e-01,-2.117651402950286865e-01,-2.035584747791290283e-01,-3.160770833492279053e-01,-1.960139572620391846e-01,-1.615729033946990967e-01,1.339814625680446625e-02,-6.873918324708938599e-02,-1.346288248896598816e-02,6.133340671658515930e-02,8.936598151922225952e-02,4.260235279798507690e-02,4.468222334980964661e-02,5.316342040896415710e-02,4.104778915643692017e-02,1.240499038249254227e-02,2.510196864604949951e-01,4.233808442950248718e-02,-2.169139869511127472e-02,-1.277008056640625000e-01,4.540801048278808594e-01,1.931188106536865234e-01,1.714457720518112183e-01,1.155692487955093384e-01,2.295731157064437866e-01,9.274668246507644653e-02,3.489871695637702942e-02,-1.577709428966045380e-02,-9.470289200544357300e-02,-7.435392588376998901e-02,5.443127453327178955e-02,2.753594890236854553e-02,6.744009852409362793e-01,2.445635795593261719e-01,-1.783391982316970825e-01,-2.487504929304122925e-01,-4.919400438666343689e-02,3.564985701814293861e-03,8.255839347839355469e-02,1.523054689168930054e-01,-1.340260612778365612e-03,-1.031002998352050781e-01,-9.190589934587478638e-02,-7.057785987854003906e-02,-1.655271202325820923e-01,-8.808718621730804443e-02,-2.938992083072662354e-01,-2.350087016820907593e-01,-7.051076740026473999e-02,-1.809080541133880615e-01,-2.574260532855987549e-01,-1.412924677133560181e-01,-7.424906641244888306e-02,-1.110656782984733582e-01,1.798408920876681805e-03,-1.184641756117343903e-02,1.176158413290977478e-01,1.807612478733062744e-01,-9.058985114097595215e-02,-1.813512444496154785e-01,-1.037330701947212219e-01,-5.721738934516906738e-02,1.428791135549545288e-01,1.354594826698303223e-01,1.271218508481979370e-01,-3.343023359775543213e-02,-4.469455033540725708e-02,-1.036567986011505127e-01,-8.214093744754791260e-02,-1.515508396551012993e-03,-2.370016723871231079e-01,-1.537011861801147461e-01,-9.490720182657241821e-02,-1.313302516937255859e-01,3.353501856327056885e-02,4.012349992990493774e-02,9.620732069015502930e-02,2.101815342903137207e-01,5.003229901194572449e-02,-7.653428614139556885e-02
5.688228011131286621e-01,0.000000000000000000e+00,-1.073148008435964584e-02,3.001754581928253174e-01,-9.282633662223815918e-02,-6.470589339733123779e-02,8.825004845857620239e-02,1.923943758010864258e-01,-9.533017128705978394e-02,-1.301049441099166870e-01,2.477202862501144409e-01,3.454528748989105225e-01,1.956165879964828491e-01,1.593107283115386963e-01,-9.177446365356445312e-02,-1.102498397231101990e-01,1.933974474668502808e-01,2.739751935005187988e-01,2.781955599784851074e-01,5.235243439674377441e-01,-1.014962643384933472e-01,-2.865664064884185791e-01,-3.822233155369758606e-02,-1.196653470396995544e-01,-9.631537646055221558e-02,-2.227317355573177338e-02,-1.031176224350929260e-01,-6.204311922192573547e-02,6.063297390937805176e-02,5.514950677752494812e-02,1.186407059431076050e-01,1.726732850074768066e-01,3.584164083003997803e-01,1.818003058433532715e-01,-1.441804766654968262e-01,-2.703351341187953949e-02,-2.830658555030822754e-01,5.253731831908226013e-02,-1.302733421325683594e-01,2.031896030530333519e-03,-1.434743553400039673e-01,2.829832956194877625e-02,-2.661551237106323242e-01,-2.990430891513824463e-01,-3.638527095317840576e-01,-2.978868484497070312e-01,-2.635844051837921143e-01,-2.286803424358367920e-01,-3.160686492919921875e-01,-3.376228809356689453e-01,-3.346695601940155029e-01,-2.841675877571105957e-01,-8.932119607925415039e-02,-1.245945808477699757e-03,-8.970691263675689697e-02,1.104784458875656128e-01,6.493366956710815430e-01,6.750742793083190918e-01,2.146432399749755859e-01,2.575545907020568848e-01,9.597565978765487671e-02,1.439036875963211060e-01,4.041628167033195496e-02,2.021445780992507935e-01,-2.242622375488281250e-01,-1.856847107410430908e-01,6.888122111558914185e-02,-2.297902479767799377e-02,3.244147896766662598e-01,3.943678438663482666e-01,5.442911013960838318e-02,1.033517047762870789e-01,1.580920964479446411e-01,9.020376950502395630e-02,-7.037571817636489868e-02,8.561797440052032471e-02,6.544797122478485107e-02,5.542643740773200989e-02,-1.193157806992530823e-01,5.442510917782783508e-02,-1.282465755939483643e-01,1.212326809763908386e-01,-6.202130392193794250e-02,3.359773010015487671e-02,-3.080572187900543213e-01,4.795562010258436203e-03,-1.076205447316169739e-01,8.460769057273864746e-02,-1.035328507423400879e-01,1.448760777711868286e-01,-2.915340662002563477e-01,-2.464363425970077515e-01,-2.414991259574890137e-01,-1.882136613130569458e-01,3.260114043951034546e-02,-7.909590750932693481e-02,8.958949148654937744e-02,1.912321448326110840e-01,3.309316188097000122e-02,2.406714856624603271e-01,-1.133692935109138489e-01,3.241338953375816345e-02,1.898498535156250000e-01,1.932433396577835083e-01,-1.798567026853561401e-01,-7.928063720464706421e-02,-2.789738215506076813e-02,1.403272300958633423e-01,-1.309497505426406860e-01,-1.571973413228988647e-01,-1.354154348373413086e-01,7.247124612331390381e-02,-1.655453294515609741e-01,-9.952600300312042236e-02,-2.663647234439849854e-01,-8.557654917240142822e-02
3.295671641826629639e-01,-1.073148008435964584e-02,0.000000000000000000e+00,2.172258496284484863e-01,-6.624482572078704834e-02,-3.526432514190673828e-01,4.942732751369476318e-01,5.249039530754089355e-01,1.932909488677978516e-01,-2.890531718730926514e-01,-1.113754585385322571e-01,-3.928408920764923096e-01,1.614346206188201904e-01,-5.799747072160243988e-03,3.561894595623016357e-02,-6.567108631134033203e-01,-3.815865218639373779e-01,-7.203064113855361938e-02,5.751764774322509766e-01,4.156587123870849609e-01,-4.012820124626159668e-01,-2.656355500221252441e-01,1.640521436929702759e-01,7.120030522346496582e-01,-5.106748268008232117e-02,-5.090442895889282227e-01,-4.514840543270111084e-01,-5.570183992385864258e-01,-1.736071705818176270e-01,1.708005554974079132e-02,-2.850949764251708984e-01,-1.719287037849426270e-01,1.538123637437820435e-01,4.336726963520050049e-01,1.165327280759811401e-01,9.332877397537231445e-02,-4.021568894386291504e-01,-6.628599166870117188e-01,-4.241089224815368652e-01,-6.993958950042724609e-01,-2.784892022609710693e-01,-4.712964296340942383e-01,3.242259025573730469e-01,1.094072088599205017e-01,4.067674577236175537e-01,3.626736700534820557e-01,4.549910128116607666e-01,2.096831202507019043e-01,5.089049339294433594e-01,4.014015197753906250e-01,3.688540756702423096e-01,8.098773658275604248e-02,5.478321313858032227e-01,-7.907753437757492065e-02,-1.008153483271598816e-01,-6.732671260833740234e-01,-1.663493067026138306e-01,-2.946466207504272461e-01,-2.413827180862426758e-01,-2.601325809955596924e-01,1.880495995283126831e-01,-1.612292826175689697e-01,5.446221306920051575e-02,-3.244943320751190186e-01,2.976927161216735840e-01,2.071194052696228027e-01,-1.394072622060775757e-01,-1.670361310243606567e-01,2.282755523920059204e-01,-2.571228444576263428e-01,-8.517864346504211426e-02,-4.894866049289703369e-01,-1.133452281355857849e-01,2.114943563938140869e-01,2.473733574151992798e-01,4.351209104061126709e-01,-1.040913239121437073e-01,-5.049638152122497559e-01,6.723328679800033569e-02,-3.722775876522064209e-01,9.772514551877975464e-02,-4.549953043460845947e-01,-3.987490534782409668e-01,-6.445521116256713867e-01,2.884497642517089844e-01,-6.830174922943115234e-01,-4.415034949779510498e-01,-5.754206180572509766e-01,2.463176399469375610e-01,-6.752782464027404785e-01,5.230882763862609863e-01,1.103515252470970154e-01,6.311888694763183594e-01,5.037373304367065430e-01,-4.333175718784332275e-01,-3.950570225715637207e-01,-2.686777710914611816e-01,-6.125151515007019043e-01,-1.796513982117176056e-02,-4.260752201080322266e-01,2.666952311992645264e-01,-3.568102717399597168e-01,-3.819480538368225098e-01,-5.838258266448974609e-01,-1.156725138425827026e-01,-2.501325905323028564e-01,-3.685398101806640625e-01,-6.307300329208374023e-01,-1.337079405784606934e-01,-1.780768185853958130e-01,-1.478378288447856903e-02,-2.084716260433197021e-01,4.320917427539825439e-01,3.933188617229461670e-01,4.301870465278625488e-01,1.612674891948699951e-01
3.913621902465820312e-01,3.001754581928253174e-01,2.172258496284484863e-01,0.000000000000000000e+00,2.140967994928359985e-01,1.252379119396209717e-01,5.028128623962402344e-01,4.814566075801849365e-01,2.712216973304748535e-01,1.228407919406890869e-01,-1.222967058420181274e-01,-6.954553723335266113e-02,7.016891986131668091e-02,-1.240132525563240051e-01,3.856882080435752869e-02,-1.881666183471679688e-01,-1.119169294834136963e-01,-1.338613480329513550e-01,4.629903733730316162e-01,3.979201912879943848e-01,-2.259864360094070435e-01,-2.849321961402893066e-01,2.474697232246398926e-01,1.751703321933746338e-01,1.041250824928283691e-01,-2.198770456016063690e-02,-2.528381943702697754e-01,-2.535748481750488281e-01,-1.577283293008804321e-01,-2.343141436576843262e-01,1.744995079934597015e-02,4.354504868388175964e-02,1.627717912197113037e-01,3.245467245578765869e-01,-1.124907732009887695e-01,-7.302430272102355957e-02,-2.718297839164733887e-01,-1.334463655948638916e-01,-2.341301441192626953e-01,-1.470428854227066040e-01,-2.328946888446807861e-01,-3.549964725971221924e-02,-1.595332846045494080e-02,-1.213639229536056519e-01,-6.101990118622779846e-02,4.730323702096939087e-02,-8.652385324239730835e-02,-1.832469925284385681e-02,-9.284867346286773682e-02,-3.670196235179901123e-02,-1.778917312622070312e-01,-1.091562509536743164e-01,1.380680128931999207e-02,1.418712586164474487e-01,-3.225143849849700928e-01,-1.082850173115730286e-01,1.803133636713027954e-01,-4.342827573418617249e-02,-2.204657942056655884e-01,-1.298373639583587646e-01,-1.805022805929183960e-01,5.604468658566474915e-02,-2.841844260692596436e-01,3.069231286644935608e-03,-1.265294700860977173e-01,1.233331635594367981e-01,-5.557556822896003723e-02,2.450978569686412811e-02,4.118637144565582275e-01,1.612489521503448486e-01,-1.672158092260360718e-01,-1.096542850136756897e-01,-6.573438644409179688e-02,-1.294472813606262207e-01,-2.383524179458618164e-01,-1.012398079037666321e-01,-1.447881460189819336e-01,-2.005681544542312622e-01,-3.287538290023803711e-01,9.288255870342254639e-02,-3.643377423286437988e-01,-7.443365454673767090e-02,-3.522169291973114014e-01,-1.915904283523559570e-01,-3.626417815685272217e-01,1.112081855535507202e-02,-3.188195228576660156e-01,-1.534724980592727661e-01,-3.375908732414245605e-01,-9.861255064606666565e-03,1.414766535162925720e-02,1.516523659229278564e-01,1.305456757545471191e-01,2.315621972084045410e-01,-2.099275887012481689e-01,-1.566324532032012939e-01,-2.993695139884948730e-01,-1.264370977878570557e-01,-1.841153204441070557e-02,1.813262701034545898e-01,-1.971325725317001343e-01,1.456773281097412109e-01,-1.208715513348579407e-01,-3.398485854268074036e-02,2.454348653554916382e-02,2.837135791778564453e-01,-1.520848870277404785e-01,-4.852354899048805237e-02,3.317429870367050171e-02,-2.181173264980316162e-01,-6.324110180139541626e-02,8.960445411503314972e-03,7.073368877172470093e-02,8.212810754776000977e-02,9.927006065845489502e-02,1.508046835660934448e-01
-9.220404177904129028e-02,-9.282633662223815918e-02,-6.624482572078704834e-02,2.140967994928359985e-01,0.000000000000000000e+00,7.142470479011535645e-01,-5.039482563734054565e-02,4.029532521963119507e-02,7.766758799552917480e-01,7.661578059196472168e-01,-2.314520478248596191e-01,-2.339738905429840088e-01,-3.586055040359497070e-01,-3.486389517784118652e-01,5.666053891181945801e-01,9.310181438922882080e-02,-1.865882575511932373e-01,-2.357382178306579590e-01,-1.627028733491897583e-01,-2.297894805669784546e-01,-3.547374904155731201e-02,6.178269907832145691e-02,-2.475395649671554565e-01,-7.636874914169311523e-02,6.370166540145874023e-01,3.000882863998413086e-01,1.550460234284400940e-02,6.496112793684005737e-02,-1.546892821788787842e-01,-1.291886866092681885e-01,-2.645392417907714844e-01,-3.527404963970184326e-01,-2.429004460573196411e-01,-1.031682714819908142e-01,-6.769861280918121338e-02,-3.025282546877861023e-02,-1.113589778542518616e-01,-1.194983497262001038e-01,-8.183001726865768433e-02,-6.563026458024978638e-02,-4.293577745556831360e-02,-2.705240435898303986e-02,1.329993009567260742e-01,1.660492420196533203e-01,7.910071313381195068e-02,1.405927687883377075e-01,5.648203566670417786e-02,1.944176107645034790e-01,1.599027663469314575e-01,1.932485252618789673e-01,6.062689796090126038e-02,1.317735612392425537e-01,-1.615126878023147583e-01,7.922159880399703979e-02,-1.640062034130096436e-01,-5.713538825511932373e-02,-2.489416301250457764e-01,-2.371188998222351074e-01,-5.531274527311325073e-02,2.176706120371818542e-02,-2.547344937920570374e-02,-3.391697769984602928e-03,-2.503042221069335938e-01,-1.000471189618110657e-01,-2.437337301671504974e-02,4.973995685577392578e-02,-5.606226623058319092e-02,6.607449054718017578e-02,-1.145430468022823334e-02,-1.210253983736038208e-01,-1.639916002750396729e-01,-1.585971713066101074e-01,-1.043718606233596802e-01,-9.099767357110977173e-02,-4.025369125884026289e-04,-4.402047768235206604e-02,2.024164199829101562e-01,1.763440668582916260e-01,-1.154326424002647400e-01,-2.243345975875854492e-01,-2.546671032905578613e-01,-2.188751995563507080e-01,-9.412243962287902832e-02,-5.608287826180458069e-02,-2.077368646860122681e-01,-1.522415876388549805e-01,2.560236491262912750e-03,-2.084091901779174805e-01,-1.369412243366241455e-01,-1.904820799827575684e-01,1.352908909320831299e-01,1.103517413139343262e-01,6.273712217807769775e-02,1.097228452563285828e-01,-8.004552870988845825e-02,-2.137308940291404724e-02,-1.105318143963813782e-01,-1.542998999357223511e-01,-9.533507376909255981e-02,-8.651043474674224854e-02,-1.194796860218048096e-01,-6.169434264302253723e-02,-2.799990475177764893e-01,-1.481302678585052490e-01,-1.438820064067840576e-01,-1.487044245004653931e-01,-1.530161201953887939e-01,-1.655536890029907227e-01,-1.106419488787651062e-01,1.391352340579032898e-02,-1.877228915691375732e-01,-2.173659950494766235e-01,5.509917438030242920e-02,-6.703417003154754639e-02,1.536225825548171997e-01,-8.061606436967849731e-03
-2.404510676860809326e-01,-6.470589339733123779e-02,-3.526432514190673828e-01,1.252379119396209717e-01,7.142470479011535645e-01,0.000000000000000000e+00,-2.099831551313400269e-01,-2.306048274040222168e-01,5.377321243286132812e-01,7.691498994827270508e-01,-6.591600924730300903e-02,1.449112687259912491e-02,-2.794588804244995117e-01,-2.982455193996429443e-01,4.551137983798980713e-01,3.521819114685058594e-01,-5.320444330573081970e-02,-1.986888945102691650e-01,-3.482570052146911621e-01,-2.752628922462463379e-01,1.878744065761566162e-01,7.388629019260406494e-02,-1.011748909950256348e-01,-2.513288557529449463e-01,6.133618950843811035e-01,5.554675459861755371e-01,1.757736653089523315e-01,3.693392574787139893e-01,-1.241277083754539490e-01,-1.401519179344177246e-01,2.063386887311935425e-02,-7.500660419464111328e-02,-2.462495565414428711e-01,-3.084407150745391846e-01,-1.170094683766365051e-01,-7.357298582792282104e-02,7.367012649774551392e-02,2.242372632026672363e-01,1.546711921691894531e-01,3.051437139511108398e-01,7.760886102914810181e-02,2.490430474281311035e-01,-1.693793684244155884e-01,-4.582611471414566040e-02,-2.349058538675308228e-01,-1.803924590349197388e-01,-2.966544926166534424e-01,-8.003112673759460449e-02,-2.200000286102294922e-01,-1.429362148046493530e-01,-2.269991487264633179e-01,-7.244197279214859009e-02,-4.701428413391113281e-01,1.051840744912624359e-02,-9.330356866121292114e-02,2.394278198480606079e-01,-1.387307196855545044e-01,-5.311516299843788147e-02,5.244360119104385376e-02,1.130017489194869995e-01,-1.528438627719879150e-01,1.580441743135452271e-02,-2.437404096126556396e-01,6.041823327541351318e-02,-1.112213954329490662e-01,-5.480616539716720581e-02,8.474598079919815063e-02,1.086170226335525513e-01,-1.566535830497741699e-01,1.470069140195846558e-01,3.714570775628089905e-02,1.808058619499206543e-01,2.438564086332917213e-03,-2.047839909791946411e-01,-2.324427515268325806e-01,-2.609524130821228027e-01,1.624825149774551392e-01,3.972967267036437988e-01,-9.490354359149932861e-02,2.646051533520221710e-02,-3.094335496425628662e-01,-4.425798356533050537e-02,1.288179308176040649e-01,2.806506454944610596e-01,-3.273434638977050781e-01,2.111241519451141357e-01,2.736578881740570068e-01,1.261454373598098755e-01,-2.206756770610809326e-01,1.953867524862289429e-01,-2.119498401880264282e-01,-6.309094280004501343e-02,-2.985333502292633057e-01,-2.055933475494384766e-01,8.964274823665618896e-02,1.622395217418670654e-01,-3.793665021657943726e-02,1.057950854301452637e-01,-2.056033462285995483e-01,3.486252948641777039e-02,-2.489763051271438599e-01,1.306550949811935425e-01,3.213232755661010742e-02,2.323428690433502197e-01,2.581347711384296417e-02,7.700099796056747437e-02,1.997299492359161377e-01,2.139986753463745117e-01,-1.003606021404266357e-01,1.973236165940761566e-02,-1.889921575784683228e-01,-1.515050083398818970e-01,-2.412053942680358887e-01,-2.522591054439544678e-01,-1.430084258317947388e-01,-1.509652659296989441e-02
3.008827865123748779e-01,8.825004845857620239e-02,4.942732751369476318e-01,5.028128623962402344e-01,-5.039482563734054565e-02,-2.099831551313400269e-01,0.000000000000000000e+00,5.904668569564819336e-01,9.180182963609695435e-02,-1.076692491769790649e-01,2.144299596548080444e-01,-2.005038410425186157e-01,4.017257392406463623e-01,1.466600745916366577e-01,-1.150192767381668091e-01,-2.813679575920104980e-01,-2.558095753192901611e-01,-1.090242862701416016e-01,5.095916390419006348e-01,3.467422127723693848e-01,-3.326459527015686035e-01,-2.219224870204925537e-01,2.883004248142242432e-01,3.788142800331115723e-01,-2.811031974852085114e-02,-1.970312297344207764e-01,-1.405518949031829834e-01,-2.653763294219970703e-01,-7.541212718933820724e-03,-8.584324270486831665e-02,-5.213671177625656128e-02,8.337102830410003662e-02,2.101447284221649170e-01,4.396411776542663574e-01,3.293507033959031105e-03,-6.620945036411285400e-02,-3.228252232074737549e-01,-3.637191057205200195e-01,-3.782887458801269531e-01,-3.977827131748199463e-01,-3.109007179737091064e-01,-3.705385327339172363e-01,-1.331212371587753296e-02,-1.774572432041168213e-01,2.502489835023880005e-03,1.640160684473812580e-03,4.472051188349723816e-02,-6.256739795207977295e-02,7.492664456367492676e-02,1.837173290550708771e-02,-2.103603631258010864e-02,-1.852107346057891846e-01,2.121270895004272461e-01,-1.045923382043838501e-01,-3.094334304332733154e-01,-4.206715524196624756e-01,9.688319265842437744e-02,-1.975246071815490723e-01,-3.035693466663360596e-01,-2.958672642707824707e-01,-5.172408651560544968e-03,-8.195409923791885376e-02,-1.411873847246170044e-01,-2.138637453317642212e-01,-1.505615469068288803e-02,4.317994788289070129e-02,-1.520262658596038818e-01,-2.048272341489791870e-01,1.377359330654144287e-01,-1.664468199014663696e-01,4.175592213869094849e-02,-1.499954611063003540e-01,8.954908698797225952e-03,2.838414907455444336e-02,1.233163923025131226e-01,1.388590335845947266e-01,-3.647677600383758545e-02,-3.637516200542449951e-01,-7.899140566587448120e-02,-6.501974910497665405e-02,1.493081636726856232e-02,-1.914014071226119995e-01,-3.133664131164550781e-01,-3.543131649494171143e-01,-7.362344861030578613e-02,-2.344122081995010376e-01,-3.931969404220581055e-01,-3.296937942504882812e-01,-3.376125544309616089e-02,-2.459796369075775146e-01,2.221621274948120117e-01,2.100304663181304932e-01,3.622742891311645508e-01,3.883266746997833252e-01,-3.747617900371551514e-01,-3.436353206634521484e-01,-3.868499696254730225e-01,-4.021101891994476318e-01,-1.357380598783493042e-01,-1.545097678899765015e-01,-3.601742163300514221e-02,-3.059093467891216278e-02,-2.397715747356414795e-01,-2.782092690467834473e-01,-7.238516584038734436e-03,6.470178719609975815e-03,-3.384766578674316406e-01,-2.712194323539733887e-01,-2.114542573690414429e-02,-2.624817192554473877e-01,-1.020965129137039185e-01,-1.796796619892120361e-01,1.573430597782135010e-01,1.495558023452758789e-01,1.623582839965820312e-01,1.822080165147781372e-01
3.716876506805419922e-01,1.923943758010864258e-01,5.249039530754089355e-01,4.814566075801849365e-01,4.029532521963119507e-02,-2.306048274040222168e-01,5.904668569564819336e-01,0.000000000000000000e+00,2.696957290172576904e-01,-9.448297321796417236e-02,-5.915055517107248306e-03,-1.343162953853607178e-01,2.655501663684844971e-01,3.102987408638000488e-01,5.449909344315528870e-02,-4.575688838958740234e-01,-2.294881194829940796e-01,-7.381092011928558350e-02,5.355782508850097656e-01,3.320666849613189697e-01,-4.479373693466186523e-01,-3.219295740127563477e-01,2.051685191690921783e-02,4.565691649913787842e-01,-4.561814293265342712e-02,-4.614905714988708496e-01,-5.237572789192199707e-01,-5.921089053153991699e-01,-9.143073111772537231e-02,2.212863229215145111e-02,-3.842681050300598145e-01,-3.105818927288055420e-01,4.135470837354660034e-02,3.340575695037841797e-01,-1.576889120042324066e-02,6.793148349970579147e-03,-5.047172904014587402e-01,-5.973128676414489746e-01,-5.295320749282836914e-01,-6.192035675048828125e-01,-3.197989165782928467e-01,-3.482137918472290039e-01,2.098058313131332397e-01,-6.560793519020080566e-02,2.148621231317520142e-01,2.917850017547607422e-01,3.121320009231567383e-01,1.708287149667739868e-01,3.591031730175018311e-01,2.991715967655181885e-01,2.426757812500000000e-01,5.162420123815536499e-02,4.446465075016021729e-01,1.078407168388366699e-01,-2.715536355972290039e-01,-5.580917000770568848e-01,-3.746888041496276855e-02,-1.900499910116195679e-01,-2.703642845153808594e-01,-1.375011056661605835e-01,1.405198574066162109e-01,5.704165995121002197e-02,-9.060227125883102417e-02,-1.380978673696517944e-01,3.844033554196357727e-02,1.742696464061737061e-01,-2.936800718307495117e-01,-2.524880170822143555e-01,3.432798087596893311e-01,-1.798306554555892944e-01,-2.311756312847137451e-01,-4.850338399410247803e-01,-9.316692501306533813e-02,1.061667874455451965e-01,8.755128830671310425e-02,2.575880885124206543e-01,-6.999333947896957397e-02,-4.168542027473449707e-01,-4.285157844424247742e-02,-3.124382793903350830e-01,-6.702093034982681274e-02,-3.665862977504730225e-01,-4.784827232360839844e-01,-6.483128070831298828e-01,-8.686529099941253662e-02,-5.118490457534790039e-01,-6.296524405479431152e-01,-5.775973796844482422e-01,-1.464515924453735352e-02,-4.937271773815155029e-01,4.559643566608428955e-01,2.435219436883926392e-01,5.905168652534484863e-01,5.475624203681945801e-01,-4.333543777465820312e-01,-3.138217031955718994e-01,-3.131875097751617432e-01,-4.926595389842987061e-01,-9.827945381402969360e-02,-2.718213498592376709e-01,-1.127438712865114212e-02,-2.471321523189544678e-01,-4.900383651256561279e-01,-5.473321080207824707e-01,-2.345005273818969727e-01,-2.332292497158050537e-01,-5.159037709236145020e-01,-5.445929765701293945e-01,-3.531909361481666565e-02,-1.744544208049774170e-01,-3.690271079540252686e-02,-1.552816927433013916e-01,4.265402555465698242e-01,2.070096582174301147e-01,3.487356007099151611e-01,8.849406242370605469e-02
5.718997493386268616e-02,-9.533017128705978394e-02,1.932909488677978516e-01,2.712216973304748535e-01,7.766758799552917480e-01,5.377321243286132812e-01,9.180182963609695435e-02,2.696957290172576904e-01,0.000000000000000000e+00,6.533783078193664551e-01,-2.772659957408905029e-01,-3.491316437721252441e-01,-2.858122885227203369e-01,-3.105387687683105469e-01,5.348178744316101074e-01,-1.760161668062210083e-01,-2.204905897378921509e-01,-2.806985676288604736e-01,9.099821001291275024e-02,-1.117037907242774963e-01,-3.120199143886566162e-01,-1.289895325899124146e-01,-2.936477363109588623e-01,1.450453847646713257e-01,5.170334577560424805e-01,-2.790852636098861694e-02,-2.796177566051483154e-01,-2.438350915908813477e-01,-2.274581491947174072e-01,-1.735817342996597290e-01,-4.881534576416015625e-01,-5.205211639404296875e-01,-1.777026355266571045e-01,5.866982415318489075e-02,-8.226071484386920929e-03,9.776881337165832520e-02,-2.302407473325729370e-01,-3.970365226268768311e-01,-2.932991683483123779e-01,-3.765271306037902832e-01,-1.966842561960220337e-01,-2.223017513751983643e-01,3.501656651496887207e-01,3.134536743164062500e-01,2.894736826419830322e-01,3.636938333511352539e-01,3.109739124774932861e-01,3.684541583061218262e-01,4.011090993881225586e-01,4.279204607009887695e-01,2.964133322238922119e-01,2.866663336753845215e-01,1.015464365482330322e-01,2.067853659391403198e-01,-2.006179243326187134e-01,-2.847151756286621094e-01,-2.799112200736999512e-01,-3.480595052242279053e-01,-2.676273323595523834e-02,2.213800325989723206e-02,1.610329747200012207e-01,6.478103995323181152e-02,-1.890266239643096924e-01,-1.349014937877655029e-01,1.121583804488182068e-01,2.082353532314300537e-01,-9.207394719123840332e-02,6.774274259805679321e-02,1.663371473550796509e-01,-2.130982726812362671e-01,-3.473541438579559326e-01,-4.476154744625091553e-01,-1.658297628164291382e-01,-1.194584295153617859e-01,5.287218838930130005e-02,6.897508352994918823e-02,9.395793080329895020e-02,-8.646411588415503502e-04,-1.358012109994888306e-01,-3.670581281185150146e-01,-3.130908906459808350e-01,-3.821071386337280273e-01,-3.591794371604919434e-01,-3.815302848815917969e-01,-1.626169830560684204e-01,-3.719276487827301025e-01,-2.937939763069152832e-01,-4.404554963111877441e-01,-1.156694293022155762e-01,-4.004073441028594971e-01,3.490337431430816650e-01,2.334421873092651367e-01,3.339623212814331055e-01,3.726336359977722168e-01,-2.275306284427642822e-01,-1.517120599746704102e-01,-1.987524777650833130e-01,-3.454994857311248779e-01,-3.626134619116783142e-02,-1.795661896467208862e-01,1.004456449300050735e-02,-1.604513376951217651e-01,-4.170010983943939209e-01,-3.642338812351226807e-01,-1.757116764783859253e-01,-1.769676655530929565e-01,-3.302674591541290283e-01,-4.180949032306671143e-01,-1.240553855895996094e-01,-4.722366854548454285e-02,-1.169581562280654907e-01,-2.084772884845733643e-01,2.834162414073944092e-01,9.481215476989746094e-02,3.456752598285675049e-01,8.133842609822750092e-03
-2.374818474054336548e-01,-1.301049441099166870e-01,-2.890531718730926514e-01,1.228407919406890869e-01,7.661578059196472168e-01,7.691498994827270508e-01,-1.076692491769790649e-01,-9.448297321796417236e-02,6.533783078193664551e-01,0.000000000000000000e+00,-1.535120606422424316e-01,-6.401674449443817139e-02,-3.025182485580444336e-01,-2.471547722816467285e-01,5.429360866546630859e-01,3.888369500637054443e-01,-2.712912671267986298e-02,-2.028300613164901733e-01,-3.122671842575073242e-01,-3.242616951465606689e-01,2.976824529469013214e-02,1.431593894958496094e-01,-2.280097007751464844e-01,-2.224266976118087769e-01,5.672747492790222168e-01,4.294700324535369873e-01,1.831069737672805786e-01,2.476434707641601562e-01,-4.528775066137313843e-02,-1.233033314347267151e-01,-1.914519369602203369e-01,-2.789569795131683350e-01,-2.451938092708587646e-01,-2.097743004560470581e-01,-9.607876092195510864e-02,-2.485441602766513824e-02,3.456689417362213135e-02,4.618054628372192383e-02,-5.588638782501220703e-02,8.741981536149978638e-02,-1.019959710538387299e-02,6.791221350431442261e-02,1.376879215240478516e-02,1.362265199422836304e-01,-6.584902852773666382e-02,-4.756067937705665827e-04,-9.085308760404586792e-02,1.281568109989166260e-01,3.023147815838456154e-03,7.470448315143585205e-02,-1.468653883785009384e-02,1.641921401023864746e-01,-3.468079864978790283e-01,1.261666119098663330e-01,-2.108289599418640137e-01,1.422740519046783447e-01,-1.380326896905899048e-01,-1.234790980815887451e-01,8.555908501148223877e-02,1.658842116594314575e-01,-1.777435839176177979e-02,9.794540703296661377e-02,-2.337971329689025879e-01,3.779579326510429382e-02,-2.912118844687938690e-02,4.831526800990104675e-02,1.783630810678005219e-02,1.545882225036621094e-01,-7.212327420711517334e-02,1.179933920502662659e-02,-1.195572018623352051e-01,-2.984974067658185959e-03,1.675147749483585358e-02,-1.460830718278884888e-01,-1.063287332653999329e-01,-1.563815623521804810e-01,2.226749062538146973e-01,3.445205092430114746e-01,-1.425051391124725342e-01,-8.954490721225738525e-02,-2.792696654796600342e-01,-4.376664012670516968e-02,1.636163517832756042e-02,1.387536674737930298e-01,-3.446477353572845459e-01,9.581188857555389404e-02,8.251132071018218994e-02,-1.779889687895774841e-02,-3.102427721023559570e-01,4.405792057514190674e-02,-6.558814551681280136e-03,1.311836987733840942e-01,-1.569715738296508789e-01,-3.988522663712501526e-02,6.362805515527725220e-02,8.725149184465408325e-02,-4.597236588597297668e-02,1.807042956352233887e-02,-1.501547992229461670e-01,1.124162692576646805e-02,-2.347340881824493408e-01,1.487695518881082535e-02,-1.465194225311279297e-01,6.674559321254491806e-03,-8.393177390098571777e-02,-8.145173639059066772e-02,-6.343755125999450684e-02,3.961317986249923706e-02,-5.936150997877120972e-02,1.014857366681098938e-01,-1.911814510822296143e-01,-2.009677737951278687e-01,-1.347022354602813721e-01,-2.788254320621490479e-01,1.852886937558650970e-02,-1.146046742796897888e-01
1.761764287948608398e-01,2.477202862501144409e-01,-1.113754585385322571e-01,-1.222967058420181274e-01,-2.314520478248596191e-01,-6.591600924730300903e-02,2.144299596548080444e-01,-5.915055517107248306e-03,-2.772659957408905029e-01,-1.535120606422424316e-01,0.000000000000000000e+00,3.711326122283935547e-01,4.534999728202819824e-01,2.536797821521759033e-01,-9.308030456304550171e-02,1.829990148544311523e-01,6.148345395922660828e-02,-2.693303860723972321e-03,6.226904317736625671e-02,2.167355120182037354e-01,1.221127063035964966e-01,1.522224675863981247e-02,1.624791622161865234e-01,-2.063612937927246094e-01,-1.419443786144256592e-01,1.093052402138710022e-01,2.296721041202545166e-01,2.800310254096984863e-01,2.463940382003784180e-01,9.655286371707916260e-02,3.424570858478546143e-01,3.692269325256347656e-01,2.248081117868423462e-01,1.026201341301202774e-02,-1.116078123450279236e-01,-2.504611909389495850e-01,-1.348156034946441650e-01,1.952549070119857788e-01,2.253669500350952148e-02,1.706620603799819946e-01,-3.491962701082229614e-02,2.074344642460346222e-02,-3.526228070259094238e-01,-3.109485507011413574e-01,-4.548239111900329590e-01,-4.535271525382995605e-01,-3.170706927776336670e-01,-2.526806890964508057e-01,-3.354272842407226562e-01,-3.590230941772460938e-01,-3.221093118190765381e-01,-3.661999702453613281e-01,-1.434916555881500244e-01,-1.521877944469451904e-01,7.169240713119506836e-02,1.593635976314544678e-01,3.351673483848571777e-01,2.821731269359588623e-01,6.950890272855758667e-02,6.699899584054946899e-02,-5.776679888367652893e-02,-1.128159016370773315e-01,5.944990739226341248e-02,9.841379523277282715e-02,-4.037980437278747559e-01,-4.657392799854278564e-01,-6.989085674285888672e-02,-2.701770067214965820e-01,-1.564194262027740479e-01,1.841315329074859619e-01,4.030261337757110596e-01,3.586522042751312256e-01,1.841967701911926270e-01,3.816228359937667847e-02,4.748081043362617493e-02,-3.772081062197685242e-02,2.429116070270538330e-01,2.275427430868148804e-01,7.405249029397964478e-02,-1.531234104186296463e-02,9.504020959138870239e-02,9.311761707067489624e-02,2.449461072683334351e-01,2.277845591306686401e-01,-9.688162058591842651e-02,1.972037851810455322e-01,1.743022501468658447e-01,2.171102762222290039e-01,6.045426055788993835e-02,2.389241904020309448e-01,-1.876337975263595581e-01,-1.182404905557632446e-01,-2.322216629981994629e-01,-2.279341071844100952e-01,1.085908934473991394e-01,-1.485786959528923035e-02,5.826865136623382568e-02,1.107998341321945190e-01,-5.946981534361839294e-02,4.731456190347671509e-02,-6.237507238984107971e-02,1.686063110828399658e-01,2.744210064411163330e-01,2.909329533576965332e-01,1.173562277108430862e-02,-5.840596184134483337e-02,-4.467616602778434753e-02,2.455461472272872925e-01,-1.102631613612174988e-01,-4.144494980573654175e-02,-1.401731371879577637e-01,-2.998981252312660217e-02,-1.192489862442016602e-01,-1.629531569778919220e-02,-3.438965082168579102e-01,6.326911505311727524e-03
3.878548042848706245e-03,3.454528748989105225e-01,-3.928408920764923096e-01,-6.954553723335266113e-02,-2.339738905429840088e-01,1.449112687259912491e-02,-2.005038410425186157e-01,-1.343162953853607178e-01,-3.491316437721252441e-01,-6.401674449443817139e-02,3.711326122283935547e-01,0.000000000000000000e+00,1.710075139999389648e-01,4.613432884216308594e-01,-1.196645647287368774e-01,3.801051080226898193e-01,3.165558874607086182e-01,1.926381736993789673e-01,-1.274145543575286865e-01,1.414634734392166138e-01,1.546357423067092896e-01,-5.640061944723129272e-02,-5.782425776124000549e-02,-4.146083593368530273e-01,-2.123829424381256104e-01,1.540185362100601196e-01,2.169679850339889526e-01,2.685758173465728760e-01,3.243444561958312988e-01,2.652413845062255859e-01,2.418402880430221558e-01,2.653267085552215576e-01,1.291229669004678726e-02,-2.232571989297866821e-01,-1.433679610490798950e-01,-1.302153468132019043e-01,-1.229035016149282455e-02,3.742156922817230225e-01,1.221659183502197266e-01,3.700810372829437256e-01,1.802074164152145386e-01,2.928950488567352295e-01,-4.468172490596771240e-01,-3.008145987987518311e-01,-5.083253383636474609e-01,-4.450538754463195801e-01,-4.445901811122894287e-01,-2.050738334655761719e-01,-3.859297633171081543e-01,-3.435616195201873779e-01,-2.883232831954956055e-01,-1.262755542993545532e-01,-3.221046924591064453e-01,-2.657714113593101501e-02,5.064808204770088196e-02,4.154159724712371826e-01,3.472137451171875000e-01,4.837997555732727051e-01,3.747676610946655273e-01,4.438808858394622803e-01,2.108998969197273254e-02,2.510817050933837891e-01,9.993563592433929443e-02,4.586974084377288818e-01,-3.785872161388397217e-01,-2.646619081497192383e-01,7.227105647325515747e-02,5.774147436022758484e-02,-5.199411138892173767e-02,4.645816981792449951e-01,2.190262377262115479e-01,4.312856495380401611e-01,2.210910469293594360e-01,8.249612152576446533e-02,-1.249075904488563538e-01,-1.511922925710678101e-01,1.071244329214096069e-01,2.974751889705657959e-01,1.588391065597534180e-01,1.495875716209411621e-01,2.450264990329742432e-02,2.237007617950439453e-01,3.448051214218139648e-01,3.670542836189270020e-01,-3.177559971809387207e-01,3.812655806541442871e-01,2.119022309780120850e-01,4.068335294723510742e-01,-2.043760269880294800e-01,4.324476718902587891e-01,-3.550320267677307129e-01,-2.444223612546920776e-01,-4.772271513938903809e-01,-4.859930574893951416e-01,1.451341211795806885e-01,2.549832463264465332e-01,8.084984868764877319e-02,2.779024541378021240e-01,-1.747516393661499023e-01,1.648414880037307739e-01,-1.575286984443664551e-01,2.462373971939086914e-01,3.213320672512054443e-01,4.010061919689178467e-01,-3.593342378735542297e-02,5.004264414310455322e-02,1.115221828222274780e-01,4.063579738140106201e-01,6.411088258028030396e-02,4.812940582633018494e-02,-2.246680855751037598e-01,-2.782658906653523445e-03,-2.685250341892242432e-01,-2.972466349601745605e-01,-3.560713827610015869e-01,-2.400517910718917847e-01
2.280383110046386719e-01,1.956165879964828491e-01,1.614346206188201904e-01,7.016891986131668091e-02,-3.586055040359497070e-01,-2.794588804244995117e-01,4.017257392406463623e-01,2.655501663684844971e-01,-2.858122885227203369e-01,-3.025182485580444336e-01,4.534999728202819824e-01,1.710075139999389648e-01,0.000000000000000000e+00,4.485705196857452393e-01,-3.982082381844520569e-02,-5.145506188273429871e-02,7.183006964623928070e-04,-4.491643235087394714e-02,2.875183820724487305e-01,1.832484602928161621e-01,7.851389795541763306e-02,-6.075269728899002075e-02,2.778324782848358154e-01,2.005069255828857422e-01,-1.193169504404067993e-01,-1.057229116559028625e-01,9.159048087894916534e-03,-3.114787675440311432e-02,1.801562905311584473e-01,4.273004084825515747e-02,1.667583137750625610e-01,2.108633071184158325e-01,3.246928751468658447e-01,3.044743239879608154e-01,1.979068964719772339e-01,7.866992056369781494e-02,-1.277220994234085083e-01,-4.415014013648033142e-02,-1.090059727430343628e-01,-8.804527670145034790e-02,-2.075372636318206787e-01,-1.770807951688766479e-01,-4.924682900309562683e-02,-1.787720471620559692e-01,-1.786192208528518677e-01,-2.111928910017013550e-01,-6.730668991804122925e-02,-1.806247532367706299e-01,-1.477604657411575317e-01,-1.697012931108474731e-01,-1.014011725783348083e-01,-2.302571833133697510e-01,1.117916032671928406e-01,-2.730176448822021484e-01,-1.676412671804428101e-01,-1.680984646081924438e-01,2.178967893123626709e-01,4.286918044090270996e-02,-1.098845377564430237e-01,-2.089851200580596924e-01,1.657892614603042603e-01,-1.384652871638536453e-02,1.681199073791503906e-01,-3.019994869828224182e-02,1.308454200625419617e-02,-2.529365755617618561e-02,-3.159287944436073303e-02,-1.945986598730087280e-01,1.045083701610565186e-01,7.366975396871566772e-02,2.355535924434661865e-01,1.369216591119766235e-01,1.907726973295211792e-01,9.640292078256607056e-02,1.186075210571289062e-01,1.368897408246994019e-01,2.488320693373680115e-02,-7.625696808099746704e-02,1.514187548309564590e-02,-4.526642709970474243e-02,1.379061639308929443e-01,2.897091954946517944e-02,-6.727632600814104080e-03,-7.144711911678314209e-02,6.820871680974960327e-02,1.987106353044509888e-02,-1.286006271839141846e-01,-2.192615345120429993e-02,-4.468396306037902832e-02,3.293617442250251770e-02,2.238772064447402954e-02,2.132824808359146118e-02,4.195750132203102112e-02,7.040479779243469238e-02,2.779099531471729279e-02,-7.355535775423049927e-02,3.698272630572319031e-02,-5.678452551364898682e-03,-4.513090103864669800e-02,2.681403234601020813e-02,-7.572985440492630005e-02,-6.353201717138290405e-02,-6.681238859891891479e-02,-8.072802424430847168e-02,-4.979719221591949463e-02,2.687915787100791931e-02,-1.965444087982177734e-01,-3.245678916573524475e-02,-1.109175756573677063e-01,6.791807711124420166e-02,1.584822684526443481e-01,-9.823606349527835846e-03,6.009408086538314819e-02,7.940552383661270142e-02,3.139012493193149567e-03,2.880775928497314453e-02
