0.000000000000000000e+00,-3.539969449149280717e-02,4.743371406277738234e-01,2.479359265498663201e-01,-3.396582681139820314e-01,-2.888694570961986563e-01,6.251172953894204021e-01,1.909578768224392264e-01,-3.814959167085158476e-01,-3.968872858221957900e-01,5.022492801551442509e-01,1.131331244852811502e-01,4.180858880407076206e-01,-1.158024390601441050e-01,-3.870355106543546531e-01,-4.166223663084953621e-01,1.939295712488077125e-02,-3.686804057530425061e-01,5.386480087090058655e-01,3.275620170326727920e-01,-3.976226728778242125e-01,-2.129070776799560083e-01,3.784093380970196541e-01,2.047473387508381981e-01,-2.224778230316318828e-01,-3.631014493440866686e-01,-2.525019630920027347e-01,-3.178103245516822328e-01,-3.045514629771962634e-01,-3.285159161194140531e-01,2.908317915534585629e-01,2.415266791975837768e-01,2.960996231331388673e-01,4.114928999737657023e-01,-2.261922549239311908e-01,-1.414966600542096331e-01,-3.713229978089155336e-01,-4.752184425431899006e-01,-2.883571814658494326e-01,-2.050668823559266829e-01,-2.858893930613375933e-01,-5.589572422772194626e-02,-1.696333784391463595e-01,-2.711304897293587146e-01,2.133561820529279451e-01,2.586582417978177117e-01,-2.841528866367773465e-01,-2.597575639149035664e-01,4.237024677980428256e-01,3.614033371303145836e-01,1.262208291396137716e-01,3.239695623331371316e-02,-2.562059965686342908e-02,-9.607284713146643784e-02,-2.636740437597115405e-01,-1.575743848500366640e-01,4.328465055895371338e-01,-1.338250689462882302e-02,5.091997683101282535e-01,5.179386082638316458e-01,4.552283035861080518e-01,3.864673567652518460e-01,-9.187279936123864121e-02,-3.763199818363420768e-01,3.267988367935531491e-01,3.091347902002055115e-01,5.025175459064576966e-01,4.133196557150944916e-01,-6.182887854506111114e-02,2.268217776518716977e-01,1.191473968746956380e-01,-1.006520730390250140e-01,-3.477140294894425221e-01,-3.719648413109609697e-01,-1.001744612774644883e-01,-1.755437740658005452e-01,-2.465127891646832492e-01,-4.005550310502916100e-01,-1.307033872917860162e-01,-4.677513620013261653e-01,-3.450252021386256418e-01,-4.668132835899604371e-01,-3.629633576364836300e-01,-1.857887193518116542e-01,-1.975458028702691826e-01,-3.025286109129361467e-01,-1.839990749788353308e-01,-1.429222736703816832e-01,-1.182589633296048381e-01,-1.587046391773193621e-01,-3.276549765932727509e-01,-1.771833708100868654e-01,-2.347713958587296645e-01,-8.753443985933019589e-02,-2.517808417145220856e-01,-1.869216673039707788e-01,-2.705689420128129519e-01,-2.600821592101952850e-01,-2.341679001610435240e-01,-7.010487286037425658e-02,-2.214541854782657582e-01,1.069168442940285624e-01,-2.332607521385307026e-01,-1.410747692680537277e-02,-1.702799865773006183e-01,-8.393557311944031818e-02,-1.729629411175349907e-01,-6.544587687715448798e-02,-1.007027644434748404e-01,-2.314869293085833335e-01,-2.449797396848626685e-01,-2.118427873164423492e-01,8.790119630337039913e-02,-8.779695998152824143e-02,-9.852872373002466433e-02,-1.065596506797457654e-01
-3.539969449149280717e-02,0.000000000000000000e+00,9.890180245906191395e-03,2.256184531288189798e-01,-1.229392708668326784e-01,-1.451733223728049471e-01,-1.181586989734823429e-01,4.056413238825824497e-01,-9.906645046155677925e-02,-1.136437888804913976e-01,-1.563438981982215592e-01,3.697337608332600389e-01,-1.322121686509480643e-01,3.953212898661111474e-01,-5.622893692741955801e-02,-7.404026819973874574e-02,-6.442755972895790328e-02,3.269211207530692831e-01,9.066780078651977270e-02,2.750005706490672996e-01,-1.769379888011966273e-01,-2.949728047313545654e-01,-1.858622054819835528e-02,1.008525276555905514e-01,-2.800248819908850995e-01,-7.723186436096776686e-02,-1.580968570223822978e-01,-1.489578129961582620e-01,1.069320498448346306e-02,7.981272352441509330e-03,-1.986081666586577421e-01,-8.121756097269183794e-02,6.487799257837502387e-02,1.142913800775794131e-01,-8.235412928445683123e-02,-1.442900458318251422e-01,-5.477467934629180052e-02,8.065982615919421728e-02,-2.705312297979097225e-01,-1.070420227090766591e-01,-1.947333797825435628e-02,-8.099494933171695610e-02,-1.682583224551856549e-01,-4.808128924138831833e-02,-2.662491571968269022e-01,-1.840339376803260818e-01,-2.451265330286477861e-01,-4.954679086475242272e-02,-3.264640702964761720e-01,-1.184988287551930475e-01,-2.622910102292103640e-01,-6.417400688609249670e-02,-3.049708541735111078e-01,-5.720236306020580475e-02,-2.862702753544342782e-01,-1.554843371608555236e-01,9.450072979592279154e-02,6.405455219728805050e-01,-5.263685779911213281e-02,1.682348497717507663e-01,-9.271622806504117853e-02,1.451839074925946882e-01,-1.763809074643378494e-01,3.316131808914083434e-01,-2.204109550229737813e-01,1.247671409624485778e-01,-1.680563565271605275e-01,4.539091942650572489e-03,4.604013295674450751e-02,5.187779196532509712e-02,-3.529505542116647687e-01,3.354746256706195306e-02,2.594108352669427433e-03,-1.477167149789257276e-02,-1.273535088172421947e-01,8.163437224103572976e-02,5.346052855526700273e-03,3.880930338631789767e-02,-3.527004796374891282e-02,1.526641713000765621e-01,-1.166649501042297393e-01,1.969746387375405083e-01,-2.006194076840977017e-02,-3.241363027090114063e-02,-2.568071237540217044e-01,6.841825213935684435e-02,-9.777953005184722435e-02,-4.987902027125398763e-02,-1.313391110394687700e-01,-2.914353104556239790e-02,3.715374273262063431e-02,3.156002304399692371e-02,-7.591665386206988830e-02,-1.537606123781604939e-01,-2.438436110461231210e-02,-1.716961489119973872e-01,-1.595398726977293735e-01,-1.173424313672664782e-01,-3.182613767632619384e-02,-9.002599933069195537e-02,-4.806799978109118493e-03,-1.869124682108532221e-01,2.775477377533547632e-02,-1.969135136813639220e-01,6.189856327154165394e-03,-4.085296249360014648e-02,-3.805284984350215671e-02,-7.995224797094155345e-02,2.496329812506928661e-02,-1.291295999876643230e-01,1.225939752416285375e-02,-5.614305812621402797e-02,-2.089106862570449530e-01,-1.482420638822851966e-01,-1.323833642312458869e-01,6.692275658634555535e-02
4.743371406277738234e-01,9.890180245906191395e-03,0.000000000000000000e+00,5.542807079460463360e-01,-1.721418585545161917e-01,-1.070648597382142936e-01,6.812645013781586378e-01,4.837118693069774600e-01,-1.529782777536734806e-01,-2.604312213009926102e-01,4.579199644797186108e-01,2.987315166316872883e-01,5.077708977893568010e-01,1.906212769914919225e-01,-2.354937762982388105e-01,-1.641877659675009260e-01,2.643817490940835856e-04,-2.151643583093365564e-01,4.277933317393482482e-01,3.141023501310116761e-01,-3.814536608954384733e-01,-2.892019847304982405e-01,6.450738056557991928e-01,5.914741701749620661e-01,-1.829968260566280369e-01,-1.999426049929196869e-01,-2.446896397421398361e-01,-2.829045305430099022e-01,-2.118918721378490466e-01,-2.329399143153296770e-01,4.415291654873192972e-01,5.168354672718364906e-01,1.294211760097687958e-01,4.520386055482381593e-01,-2.988298520510418999e-01,-2.575731591639760509e-01,-3.701748573591360225e-01,-4.578217268872017409e-01,-3.356276746127092592e-01,-2.527160140867630300e-01,-3.082669587876626927e-01,-1.113862040162116873e-01,-2.777420911356214273e-01,-3.325005992873367733e-01,-3.896572521940830369e-02,1.396373975482271546e-01,-3.955579654986289828e-01,-4.076124075337679287e-01,2.171044058410559474e-01,2.510802358779961607e-01,2.117955652822568063e-02,-4.479906765954824732e-02,-8.840856254724430152e-02,-1.599175429178051056e-01,-4.169663350749754360e-01,-3.799998459196254896e-01,7.096575869439517015e-02,-7.482073058424931755e-02,4.136846453522193268e-01,4.462551478162689045e-01,3.076400320658520537e-01,3.374652593074105589e-01,-2.922450655700443156e-01,-3.349458616412828715e-01,1.756697338982162737e-01,2.827238376868161374e-01,2.877296349572102119e-01,2.177879371181754287e-01,-2.822654823817430381e-01,2.754253908096403886e-02,2.354652791231006403e-01,2.415277061305619588e-01,-2.018982224926932634e-01,-2.584330703655243755e-01,-3.134084337933797787e-02,-2.991437981915714417e-01,-3.316633009845137425e-01,-4.250419464457744767e-01,-1.743041956503191270e-01,-3.281667456014004114e-01,-4.391467173609045482e-01,-3.619251274862679280e-01,-3.491281490611974903e-01,-6.119046361571892773e-02,-2.287874082883945837e-01,-2.299820558227210765e-01,-2.146030206073054614e-01,-5.006079006766404188e-02,-2.433159773845570972e-01,-1.764441299685484688e-01,-3.380962383662620696e-01,-2.622146577305936588e-01,-3.270244488807379502e-01,-1.631879490143172129e-01,-4.069106141645187358e-01,-3.520765241204107387e-01,-4.805508378410974779e-01,-4.437905437086234750e-01,-3.995023348696759014e-01,-2.880091136590623990e-01,-3.098573559529948507e-01,8.276381118854167149e-03,-3.990246193212825254e-01,-2.164513463858825926e-01,-3.383482780541017809e-01,-2.331074889405064243e-01,-1.632744659272230003e-01,-2.390467586431657410e-01,-2.276947660003126039e-01,-4.011790807782336099e-01,-4.140296367766232444e-01,-3.995830420647299430e-01,-7.234300259094982033e-02,-1.582349796277609244e-01,-1.433476719040954472e-01,-2.442109540159379255e-01
2.479359265498663201e-01,2.256184531288189798e-01,5.542807079460463360e-01,0.000000000000000000e+00,-4.354962418190429924e-02,-5.198509584863587711e-03,5.179602829064983149e-01,5.991707463946062129e-01,-9.676918601016855359e-02,-1.069540311103798907e-01,2.347210712660671161e-01,3.733692767813864277e-01,3.945718447467008172e-01,3.224690945342773563e-01,-1.052923672803163929e-01,-1.310867564269021235e-01,-1.037466089402979200e-02,5.550111978343608143e-02,1.899553970707058559e-01,2.226394736677359543e-01,-3.364128827331033245e-01,-2.326521373143754789e-01,6.224714237706970854e-01,5.948066651665200322e-01,-1.170186267159710886e-01,-1.235411337115033537e-01,-1.849128460005319274e-01,-1.997967847570338018e-01,-1.175411387330600188e-01,-2.060684087008208404e-02,3.145041755277056539e-01,4.713606596046867048e-01,-3.140683198093466300e-02,2.699169048505845603e-01,-2.391960288881781194e-01,-2.108549332197499626e-01,-2.793048405577197579e-01,-2.193712935675714570e-01,-2.939320578990159971e-01,-1.783721227061952908e-01,-2.566116871571915148e-01,-6.869656551151565038e-02,-2.594921329167543811e-01,-3.094712077101788861e-01,-1.572159881345716326e-01,-1.040446221220487355e-01,-4.255533885537367556e-01,-3.665712759052028868e-01,-4.404850268948398706e-02,-5.570681035069070808e-02,-2.130458910324048161e-01,-1.909311588939467952e-01,-2.228953913554476696e-01,-1.507670474517130432e-01,-3.988352410770956147e-01,-3.412374930368067827e-01,-7.760819362636429963e-02,7.032371894930589118e-02,1.829312102468610701e-01,2.944599375667224517e-01,9.825852845999474838e-02,1.582768677329209617e-01,-3.250355099366387668e-01,-1.833372516916997041e-01,-3.633290363068284595e-02,1.328571528783868694e-01,4.434641871228654775e-02,8.740629760492779621e-02,-2.603598348373992732e-01,-4.604923890713558121e-02,1.962298405001112744e-01,1.875583317969003461e-01,-1.536390410161958819e-01,1.313449599122181073e-02,-8.017763344903905409e-02,-5.752355721469783016e-03,-2.254456878353659210e-01,-2.969171929729678139e-01,-7.539726195889971672e-02,-1.527553565245846068e-01,-3.090981804486708229e-01,-1.613510968493578612e-01,-2.295394984114568215e-01,-8.826844730092163471e-02,-2.366597487105504272e-01,-1.891275424591267462e-01,-1.908010629590869423e-01,-7.717694280027087572e-02,-1.507716867110998893e-01,-1.631983245740135646e-01,-2.453266740815103208e-01,-4.689880098615852727e-02,-1.990729003609127135e-01,-3.352169301388878420e-02,-2.935211195272385831e-01,-2.655246736747404745e-01,-3.979427928913600865e-01,-2.981952861188274517e-01,-3.305461788695717718e-01,-1.841839748445618652e-01,-2.346724470271993324e-01,4.096862754649521071e-02,-2.997866088335473522e-01,-1.474635282354766208e-01,-2.407349549004156875e-01,-1.814267609085359334e-01,-1.352648870810836679e-01,-9.744589142789074343e-02,-1.641928008693119001e-01,-3.744951732218000928e-01,-3.305594258857542100e-01,-3.786556286681881378e-01,-1.754351340934336978e-01,-2.356915043042432656e-01,-1.471728870562577507e-01,-1.436847323669906695e-01
-3.396582681139820314e-01,-1.229392708668326784e-01,-1.721418585545161917e-01,-4.354962418190429924e-02,0.000000000000000000e+00,5.508553049091202691e-01,-1.855634500601344161e-01,-5.638046448829660273e-02,6.151096520557847169e-01,6.664759556451870237e-01,-1.762327958659382909e-01,-7.180544995730525626e-02,-4.083467059964050738e-02,1.694738810520933225e-01,5.017256531693176091e-01,5.467945127051451193e-01,-7.608023513640073399e-02,8.603348023901548347e-02,-2.637788013040817670e-01,-2.952030451690639268e-01,4.702155712703557922e-01,4.345640392570298549e-01,-3.673532515939355314e-02,-6.684305848245274129e-02,5.123219839101165185e-01,5.976006378356787385e-01,3.032038557271002910e-01,4.169968799668011816e-01,2.869974749662909663e-01,2.426040058412070044e-01,1.275981337821152362e-01,8.311237045962805575e-03,-1.760606965239167598e-01,-2.484522182654100575e-01,1.757517653331554797e-01,6.712230063790157464e-02,3.374149753402992391e-01,2.464893359455037347e-01,3.808400236987429799e-01,2.304567032577342356e-01,3.515100155361103318e-01,8.423168028760313897e-02,3.922744023295265947e-02,-1.476129972120505604e-02,-1.639213860018603475e-01,-2.367205960674923781e-01,5.771630939533337057e-02,-6.089421738662012529e-02,-2.483837204534167231e-01,-3.335687441384783125e-01,-1.926282644603968808e-01,-2.853475468327775766e-01,-1.544280588536326992e-01,-1.988580629914804832e-01,2.215317308180946299e-01,1.319908571287178312e-01,-2.483699291525179598e-01,-2.044377740587521031e-01,-3.239068205978921089e-01,-3.365020845712818898e-01,-2.615222104318324914e-01,-3.630540519808468369e-01,5.228497966974679501e-02,8.240142898185963752e-03,-1.863964333661332906e-01,-3.424525837216714219e-01,-2.833290228813855061e-01,-3.206592172998057877e-01,-5.632372082818312004e-02,-2.731987381884953825e-01,2.126144268914151592e-01,2.551208462073249472e-01,3.818395957981756683e-01,2.618068825733056437e-01,1.371956179647915719e-01,9.223166452056871800e-02,2.507615723371563465e-01,2.442869081995030223e-01,-4.477172945803304348e-03,1.227112359604729253e-01,2.316510242219304294e-01,1.356733725565380522e-01,3.592692989487228927e-01,2.058562866825380255e-01,1.647363011193276328e-01,2.881554018403681416e-02,2.516829708864475879e-01,7.757630882282802454e-02,2.639659094742892176e-01,3.155510386255665906e-02,2.321508444261470294e-01,1.382218432189623591e-01,2.152451348634903672e-01,-3.343082485108964802e-02,3.021141045650476697e-01,2.506618333132866749e-01,2.416255432592008534e-01,2.431700569605109719e-01,1.413939508288638014e-01,8.887608851443666580e-02,1.417540060585171791e-01,-9.295390653965324157e-02,7.341448818723203540e-02,3.047099670070859551e-02,1.787976827418370218e-01,1.045693546675744018e-01,1.282639426610183153e-01,1.773851879774798745e-01,1.226904241117128119e-01,2.572128314369969693e-01,1.225843704957890884e-01,1.385048962010047569e-01,-7.744916219553983627e-02,-1.034793049546330612e-01,3.879808611193825973e-02,5.390817678142566932e-02
-2.888694570961986563e-01,-1.451733223728049471e-01,-1.070648597382142936e-01,-5.198509584863587711e-03,5.508553049091202691e-01,0.000000000000000000e+00,-1.443727453251672510e-01,-5.161693724877119450e-03,6.263963715834764967e-01,5.920631508281621880e-01,-2.292648526938584619e-01,-1.280963873950156096e-01,-1.210516369325426445e-01,7.808977444601084006e-02,3.220495338251200268e-01,5.164002130574566474e-01,-1.313426888283213134e-01,3.314846276210842591e-03,-2.402681888271300525e-01,-3.132584210572528227e-01,4.202512250222150136e-01,4.313529438083756329e-01,-3.747616656254908890e-02,-2.509265051519543599e-02,2.981575746381078806e-01,6.645421337811752149e-01,9.387515061064530264e-02,3.900250694292103915e-01,1.460593492623152301e-01,1.771407002199439362e-01,1.408339556564197070e-01,1.546732024027203667e-01,-3.334779942092506999e-02,-1.104100553781795224e-01,1.504974921854704828e-01,1.202311299708974102e-01,3.426752529309206596e-01,3.011011776354973746e-01,1.291935353344351722e-01,2.080906802565176128e-01,1.616616094148686233e-01,-4.024574893929864366e-02,7.858871669764348061e-03,-7.546170273827393360e-02,-2.050558371687404569e-01,-2.420247648944190699e-01,2.582479521222869924e-03,-1.171855665707960126e-01,-2.480191681723633856e-01,-3.079611665817802435e-01,-2.281659052571510804e-01,-2.670029155968214329e-01,-9.889574959792116204e-02,-2.098002141207467586e-01,8.473706991564582125e-02,8.121432068083460354e-02,-3.022782814945146335e-01,-1.791542004396800558e-01,-3.707666297069211470e-01,-3.196524901421880505e-01,-2.892351535978296417e-01,-2.436322946641557297e-01,-6.862577596880961583e-02,4.691720180502841064e-02,-2.610930280693170569e-01,-2.502216791266481111e-01,-3.099416659392679740e-01,-3.231330458450684118e-01,-1.201724771116190332e-01,-2.727429525576419711e-01,2.698157590161753272e-01,3.004585790534429757e-01,3.673979370328218086e-01,3.934740627813328451e-01,2.114297286714614532e-01,9.525026158884748045e-03,2.313983372586636278e-01,2.348879267656703018e-01,-1.955061174349317574e-02,1.854146844029411212e-01,8.048051989931699624e-02,7.595150350851186116e-02,1.834812678671403630e-01,1.230599557170043148e-03,2.445131639084134959e-02,2.313850083944041583e-02,-4.138086759868935677e-02,-1.858073111721429693e-01,1.448583439326844025e-01,-6.675167361180849024e-02,9.231675856283937109e-02,4.471937134994150714e-02,1.290190247862462725e-01,-4.722614307311882517e-03,1.518976649383765865e-01,1.426633796519315711e-01,1.942350714079543461e-01,1.625466315679928719e-01,8.195141676182583768e-02,1.593232944498243764e-01,6.878007300732860707e-02,-7.615731890922534941e-02,6.223904237238497839e-02,7.223882086614431819e-02,1.506570453934271692e-01,8.595059425222081884e-02,9.055425108953406299e-02,1.321021988259937774e-01,3.066721277043234564e-02,2.419876273034177183e-01,5.528015841733047164e-02,6.027506942966591452e-02,6.310584015725515666e-04,-4.604440186017309117e-02,5.003164883707120897e-02,3.581740584599228672e-02
6.251172953894204021e-01,-1.181586989734823429e-01,6.812645013781586378e-01,5.179602829064983149e-01,-1.855634500601344161e-01,-1.443727453251672510e-01,0.000000000000000000e+00,4.513984843745489361e-01,-2.141858667983967957e-01,-2.371039040046225566e-01,5.915780756162205556e-01,2.780274962701193009e-01,6.101782664051615956e-01,1.009301938195717591e-01,-2.419033136811192253e-01,-2.740697157891244795e-01,7.874485751443172088e-03,-3.122568691823469633e-01,3.470289052566629673e-01,2.288217847325025589e-01,-3.417051540139235399e-01,-1.511470234762420095e-01,6.769394141172859758e-01,5.471569254503124702e-01,-9.643536363986797422e-02,-2.661119607695073830e-01,-1.372981658061181165e-01,-2.001679797044623454e-01,-2.617056509499617878e-01,-2.625140076602197614e-01,5.170911407886730204e-01,5.649606709238327307e-01,1.565885955525947726e-01,4.496643692014626326e-01,-3.163371161414829658e-01,-2.006232346813386080e-01,-4.245734957205208326e-01,-4.822424561141325228e-01,-2.405276777396806176e-01,-1.795851122312153436e-01,-3.160045628064783729e-01,-6.141602359399315342e-02,-2.406854859950937620e-01,-3.512679276323122379e-01,6.976097053617681676e-02,1.427818649253001504e-01,-3.536365488890917952e-01,-4.213294918644597820e-01,3.199600682778945826e-01,2.428052003284661975e-01,-1.809574044810300514e-02,-6.777376626241224389e-02,-9.651408585435654330e-02,-1.002919490231396621e-01,-2.797412673572398090e-01,-2.317573585633374844e-01,5.153045169630791206e-02,-1.645348594254707753e-01,3.860051108295224354e-01,4.392494031284163714e-01,3.262387721036192345e-01,3.886855703187063193e-01,-2.319495860281274857e-01,-3.671504692618189347e-01,2.283918810242115960e-01,3.177952352282531479e-01,3.715303131933481162e-01,3.177370387248458217e-01,-3.227568477029574834e-01,1.676505991501271026e-02,3.574912744068994286e-01,1.821408537551323370e-01,-3.037700939083161633e-01,-2.560129574566281097e-01,-9.544826658791452645e-02,-2.108157171850705280e-01,-3.356996029262229730e-01,-4.474285511063291754e-01,-1.574839089081404575e-01,-3.984661332368747977e-01,-4.093300535564714515e-01,-4.216773004376556111e-01,-3.430210258677501844e-01,-1.216352588967027359e-01,-1.735090898967484863e-01,-2.521569376244133243e-01,-1.312643679638167693e-01,-1.281892864600036319e-01,-6.393691527841802169e-02,-1.158276900417690713e-01,-3.402447255766620771e-01,-2.159022219316951430e-01,-2.661070737599047220e-01,4.520587583482157945e-03,-3.186198687495163107e-01,-2.131404646793400304e-01,-3.580009299479759988e-01,-3.525836183940971869e-01,-3.680431403040320126e-01,-1.515649548670010283e-01,-2.827028245498189873e-01,1.007185452187115693e-01,-3.615057368389084091e-01,-7.668028278778091233e-02,-2.491304603254913264e-01,-1.577426742287514894e-01,-1.615562271850328746e-01,-6.942755804639434702e-02,-2.188110354736336471e-01,-3.400221393277761406e-01,-4.024365164545287699e-01,-3.874251706768556125e-01,4.197563864899437475e-02,-1.682754159109555170e-01,-1.325322029659584955e-01,-2.431405386993779616e-01
1.909578768224392264e-01,4.056413238825824497e-01,4.837118693069774600e-01,5.991707463946062129e-01,-5.638046448829660273e-02,-5.161693724877119450e-03,4.513984843745489361e-01,0.000000000000000000e+00,-2.529329605017108587e-02,-9.604089712823438152e-02,2.010739420675980715e-01,6.146903261146703379e-01,3.148436556469262904e-01,6.037212749159007741e-01,-1.293858153504689468e-01,-6.722223665358201261e-02,-1.493924210283373022e-01,1.760092117929059341e-01,2.385943276078458519e-01,1.668898226596387813e-01,-3.282674118341858960e-01,-3.316069744334451674e-01,5.568640534868759540e-01,5.449012531324884945e-01,-2.114906914512610370e-01,-1.672080970616945592e-02,-2.543917278779224689e-01,-1.667156950652257386e-01,-1.295582142987347640e-01,-1.315207774261591411e-01,3.316674810878161850e-01,4.960134983537582420e-01,1.433142452306185310e-01,4.018349866579473129e-01,-2.084996539816316996e-01,-2.502863919884393828e-01,-2.221664104476603063e-01,-1.268242370736047397e-01,-3.863255230524600958e-01,-2.357584321085305357e-01,-2.431812667154040208e-01,-1.823737910881963742e-01,-3.786346644235196734e-01,-3.630449590712122032e-01,-3.144627157135087558e-01,-1.239080488121669377e-01,-4.569350742214318140e-01,-3.798044382501079008e-01,-1.675225802871799230e-01,-6.522102344219105063e-02,-2.702335401152895500e-01,-1.811794471950033403e-01,-2.965443585409545668e-01,-2.014010517645611342e-01,-4.209278545371192282e-01,-3.754342514933247110e-01,-1.372027771450314015e-01,1.878304601319518707e-01,1.142131099797783628e-01,3.504989616585462153e-01,8.236905378251309362e-02,3.086067357393394439e-01,-3.544684710526417315e-01,7.717229024192394371e-02,-5.365119651597149292e-02,2.750887748258264986e-01,-4.356326731238122779e-02,1.256977279385380064e-01,-3.765655283288721900e-01,-4.316541467361408729e-02,1.123791957723309504e-01,3.592094486628237271e-01,-2.440307913683200519e-02,-3.655359626670471457e-02,-1.064605591108836458e-01,-1.143990200985243039e-01,-2.019824332470041006e-01,-2.097782161886059815e-01,-1.581631541552965536e-01,-3.694216815473137794e-02,-3.422437608305810564e-01,8.680234724622230488e-03,-2.398218840222164638e-01,-1.565630115325835625e-01,-2.626815138719699183e-01,-9.209839249299042740e-02,-2.476588179279160529e-01,-2.041998351206431028e-01,-1.284393715067132513e-01,-1.673563949300500842e-01,-1.639463376488461965e-01,-1.168176731394696827e-01,-1.967530805512489323e-01,-1.564891985400134189e-01,-2.914653433833256369e-01,-3.720289126024832749e-01,-4.458183496684466340e-01,-3.879805091291878560e-01,-3.077745973029731852e-01,-2.645127916324778172e-01,-1.892876595883534740e-01,-1.250809093156782792e-01,-2.836683535111504395e-01,-2.845546571179439765e-01,-2.076679171136378010e-01,-1.832194511032718409e-01,-2.285280777812410957e-01,-1.767338572473419744e-01,-1.910238147753201554e-01,-3.923886536245198009e-01,-3.307944507976976478e-01,-3.784711130772986931e-01,-2.086347609699974737e-01,-3.032697570720142011e-01,-1.773007579103399456e-01,-1.731180767652362451e-01
-3.814959167085158476e-01,-9.906645046155677925e-02,-1.529782777536734806e-01,-9.676918601016855359e-02,6.151096520557847169e-01,6.263963715834764967e-01,-2.141858667983967957e-01,-2.529329605017108587e-02,0.000000000000000000e+00,6.248159913702063806e-01,-1.874128384835774541e-01,-4.289035673950969407e-02,1.059005605674126320e-02,1.349748447121277006e-01,5.795020039638079101e-01,5.895940573401872165e-01,-2.075439826077357663e-01,1.439321911058732972e-01,-2.345400999916575635e-01,-3.754014652091162141e-01,4.216669210939104073e-01,3.266850459176742771e-01,-1.055428263055537552e-01,-1.114365547775415799e-01,2.884689808462264637e-01,7.083478738157443777e-01,1.737303122351761264e-01,5.629820801117340068e-01,2.706636208180192571e-01,2.159656990765523588e-01,6.362378207004519559e-02,-2.650661067676269439e-03,-1.379015952689258140e-01,-1.893329602500280762e-01,1.321617072652813141e-01,3.572365985324148230e-02,3.181314086601493840e-01,2.844295478082188300e-01,1.824663159240740296e-01,1.615644367888751098e-01,1.692951402808375305e-01,-1.223350576873108719e-01,-2.825335820125009223e-02,3.639054335187639003e-03,-2.697429035132972164e-01,-2.017826197083898709e-01,3.866290444187758715e-03,-5.370676525288724940e-02,-2.925536828826275637e-01,-2.819836212047166502e-01,-1.996694232234300093e-01,-1.695338004338429738e-01,-9.922791346364115417e-02,-8.166794859770448722e-02,1.118986196898322794e-01,7.051169944277539681e-02,-3.053598592534683132e-01,-1.763944733871959381e-01,-2.983422442116668849e-01,-2.866104994504766745e-01,-2.316796923940128983e-01,-2.548223646476601711e-01,-4.136900977359468656e-02,1.186610751965426758e-01,-2.331828772639322755e-01,-2.474784651441906125e-01,-3.317277643853572822e-01,-2.887676857634645655e-01,-2.059652570141117245e-01,-3.508443985009127020e-01,1.737563351384825705e-01,2.317350953404171687e-01,3.865473950035370754e-01,2.754883132308621474e-01,2.873663975577531171e-01,-4.562526740012681770e-02,1.753099190147060227e-01,1.658869358538905825e-01,1.027443309644906697e-02,2.003811675826704386e-01,2.212276148447067659e-01,2.576140579626008953e-01,4.050998207417138564e-01,9.497660687023375126e-02,1.712266247831409904e-01,1.427573957787874881e-01,1.199343010869866055e-01,-1.229748776495856316e-01,2.162622286542851824e-01,4.913951423532059853e-02,9.796830748532817101e-02,6.472577663181064943e-03,9.709521864842951544e-02,-3.720798380253582255e-02,1.124255816967374422e-01,4.753088144705341217e-02,1.121025338553846978e-01,4.213020181615227677e-02,1.112522285997052107e-01,-1.111233540796263165e-02,3.655722287896937678e-02,-1.540752413439756552e-01,1.988937662504786097e-02,-7.305874632500748700e-02,7.728642013045990133e-02,-8.508606800757404984e-03,2.704432598478603497e-02,-3.016979111004958192e-02,9.649211035946614334e-02,2.294483511747972826e-01,-1.611663646390337898e-03,1.126619722318595029e-01,4.353281079052999901e-03,1.102155274324275597e-02,5.144126838225376863e-02,-7.280498962561265941e-02
-3.968872858221957900e-01,-1.136437888804913976e-01,-2.604312213009926102e-01,-1.069540311103798907e-01,6.664759556451870237e-01,5.920631508281621880e-01,-2.371039040046225566e-01,-9.604089712823438152e-02,6.248159913702063806e-01,0.000000000000000000e+00,-2.432632691146801862e-01,-1.137693264100293616e-01,-1.591191308095966650e-01,1.105208347281846359e-01,5.261859632895261596e-01,6.215008005764817156e-01,-1.186812606434342887e-01,1.142105924672126849e-01,-4.391181608093573940e-01,-3.907137346071009598e-01,5.372495522925868627e-01,5.097796297640699859e-01,-1.369108807607941347e-01,-9.307624122387866961e-02,4.881031157174928192e-01,6.174237666049393614e-01,3.443871302469808660e-01,5.017518517784220755e-01,2.064780336583977027e-01,2.337652222582320138e-01,5.120646300403466217e-02,-3.397325477390083365e-02,-3.016737368570615585e-01,-3.256738605708218715e-01,1.305107223538872208e-01,9.637856516433930543e-02,2.951573041325479263e-01,2.859564363079037386e-01,3.352121367308719679e-01,3.500401545656089963e-01,2.476489517647000593e-01,2.610059493469342809e-02,4.900674257659391742e-02,9.990923774592837259e-02,-1.662250806096400857e-01,-2.229302791748604129e-01,3.722326524419793115e-02,1.147757701135291436e-02,-2.954860498765914945e-01,-3.309950305457801667e-01,-2.099828657009844002e-01,-2.045855424988355653e-01,-9.723897508372554566e-02,-1.056426647076688929e-01,1.769265639396232215e-01,1.618743906063986326e-01,-3.247654399693170602e-01,-1.082520171895197530e-01,-3.552181407744538499e-01,-3.552311979978904910e-01,-3.150539795835013979e-01,-3.111905471925347499e-01,2.314850243408287170e-02,1.336071246816940283e-01,-2.876542316652277997e-01,-3.287826409366614300e-01,-3.244886687651479251e-01,-3.116300406122518574e-01,-8.902644244329151191e-02,-3.157193317801576526e-01,1.709847222808747735e-01,2.775496993435099813e-01,2.656229444018003982e-01,4.237928171731811799e-01,9.460180448457980451e-02,1.006168154366552520e-01,2.167986628501855362e-01,2.756792038664614419e-01,-2.081146499331539348e-02,2.509611163938127998e-01,1.853519269720454998e-01,2.109585005621446852e-01,2.799208772127440570e-01,1.279857405834580464e-01,1.410605634673582076e-01,1.651465332102330097e-01,1.967626405383754162e-01,3.028477475628595875e-03,1.980818003820720985e-01,1.336902869654952308e-01,1.393915670632791814e-01,4.602273116416660814e-02,1.209734094760755163e-01,-5.286593131762250264e-02,2.217494365166096659e-01,2.128430249452704925e-01,2.212741890498481911e-01,2.260412942500399924e-01,1.401002976749870232e-01,9.120414339974104723e-02,7.838883731882004269e-02,-1.163721045001327031e-01,4.230428457332006259e-02,-2.933221324439455255e-02,1.252000311424537882e-01,5.072850756550069395e-02,1.141071081107834229e-01,8.175776323185317274e-02,1.063017101588155655e-01,2.510216131443233634e-01,1.199497901347504752e-01,1.338176503896191250e-01,1.312547733846778503e-02,-5.807240271438177809e-02,7.063366766365915261e-02,3.068311027420950882e-02
5.022492801551442509e-01,-1.563438981982215592e-01,4.579199644797186108e-01,2.347210712660671161e-01,-1.762327958659382909e-01,-2.292648526938584619e-01,5.915780756162205556e-01,2.010739420675980715e-01,-1.874128384835774541e-01,-2.432632691146801862e-01,0.000000000000000000e+00,3.118622059082936104e-01,6.952837211440761056e-01,6.006253181354189721e-04,-4.782846289036123133e-02,-2.262199243231960422e-01,2.965308229745247104e-01,-1.022095108446752915e-01,2.360261419211664435e-01,8.649124621098792931e-02,-3.382916078050409170e-01,-1.679659457390191568e-01,4.617383365926909788e-01,3.500035349491235626e-01,-1.499191773969897890e-01,-2.911631012606798463e-01,-1.180854481245253579e-01,-1.689012026121055610e-01,-4.239261952041326748e-02,-1.604906797701939614e-01,3.862513077599527000e-01,3.831178190165079878e-01,5.361199864429076756e-02,2.763773869596746757e-01,-3.355623467809358274e-01,-2.368757406270039501e-01,-3.613530275525268509e-01,-3.981245471862857599e-01,-2.257738330828679418e-01,-9.578713773637034801e-02,-2.604798025070025891e-01,-1.149901340713919799e-02,-1.796632500700773016e-01,-2.351792676560315876e-01,-2.655423787965906224e-02,1.026851991159997840e-01,-2.906659838900992887e-01,-3.538077144282537057e-01,3.025015202693142613e-01,2.564405618918512708e-01,8.131324570362832849e-02,9.643581710566283272e-02,6.749732370927895644e-03,8.642853175090497997e-02,-2.277957313867826350e-01,-1.754223344390716810e-01,9.353911182337076857e-02,-1.346033166588263552e-01,2.341397971950933965e-01,3.299798405867377937e-01,1.627753069766591509e-01,2.611972357934648215e-01,-9.306539972339873679e-02,-2.622023587719097826e-01,1.601968194329104478e-01,2.243074495143298763e-01,1.533046134423295959e-01,9.658634576291041940e-02,-3.740721915400038178e-01,-1.277717932948371771e-01,2.222920317620518393e-01,5.396343991570691501e-02,-2.304736752154330770e-01,-1.454653474528570523e-01,-9.697402748334868483e-02,-1.738967258188788279e-01,-2.416477282491111822e-01,-3.069410000121721716e-01,4.661926549164088773e-02,-2.824140108379567526e-01,-1.970979728099139516e-01,-2.312686577915895325e-01,-1.679144840459425581e-01,-2.753584989824581566e-03,1.066862814569613169e-02,-3.923667150209283333e-02,-2.965231004937216464e-03,-3.640997945020696402e-02,-1.412186358863224411e-01,3.906475792972032013e-02,-1.933653250224039999e-01,-2.731897864601128267e-01,-1.992026554231639268e-01,1.187347378535331087e-02,-3.047316757121712461e-01,-1.513027064536327515e-01,-2.965845651870587241e-01,-2.822119825186543141e-01,-1.918588815553345372e-01,-2.010351144979573568e-01,-1.057672594662689008e-01,1.123528836455825047e-01,-1.861633100700627041e-01,-7.152793811629803988e-02,-2.319601403216306756e-01,-1.655783215935934527e-01,-1.707331614709087231e-01,-8.196798368012583880e-02,-2.462896723626369355e-01,-2.823848253170731515e-01,-3.000263323556177641e-01,-2.574574637080022099e-01,7.894159525088498275e-02,-7.490129705300754837e-02,-1.047611145820586676e-01,-2.632770583948182419e-01
1.131331244852811502e-01,3.697337608332600389e-01,2.987315166316872883e-01,3.733692767813864277e-01,-7.180544995730525626e-02,-1.280963873950156096e-01,2.780274962701193009e-01,6.146903261146703379e-01,-4.289035673950969407e-02,-1.137693264100293616e-01,3.118622059082936104e-01,0.000000000000000000e+00,3.374168322728721692e-01,5.917306401525789239e-01,5.504233679695003101e-02,6.844993227544333980e-02,-7.480677404174603320e-03,3.691975775227016587e-01,1.541020669145830579e-01,1.092036225282708994e-01,-3.377350213158512027e-01,-3.016923011177815583e-01,4.199099060866925415e-01,3.966786680954373923e-01,-1.448976883543390548e-01,-1.265485038401170104e-01,-1.411006172292602334e-01,-1.276973530363539888e-01,-2.140622108790217817e-02,4.362566151543863929e-02,2.216767381141624693e-01,3.178216054759436804e-01,3.598558668379778225e-02,2.462072395938980363e-01,-2.354405052855820246e-01,-2.315762517579814939e-01,-2.686795049423259529e-01,-7.197128177669301352e-02,-3.440607212556687777e-01,-2.896806653953096222e-02,-2.578170362375559743e-01,-1.574919359798215568e-01,-2.838680123081945839e-01,-2.328681776687497040e-01,-3.495372112685271593e-01,-1.092556861398111812e-01,-3.643993527375772867e-01,-2.619856381476048934e-01,-1.510391681759941374e-01,3.148282777335017352e-02,-1.691787061786222401e-01,4.025351506625667042e-02,-2.228625689008328636e-01,2.655018813267078556e-03,-3.726076107999596321e-01,-2.834568684568776198e-01,-1.613546214248403887e-01,2.819954696015125606e-01,-2.239176240641836679e-02,2.154181515468413521e-01,-2.266615064186311770e-02,2.931710646832438316e-01,-2.286174881406780601e-01,1.805639702561568360e-01,-5.775828237339639820e-02,2.705314092191629660e-01,-1.872605034818850267e-01,-1.826773963374176551e-02,-3.444774263078740351e-01,-1.195181172319960544e-01,3.567195995845820304e-03,3.059441342607703285e-01,-7.063039237251747537e-02,1.115989096417692276e-02,-8.339648993498535723e-02,-9.613321144401167084e-02,-2.730015731735752627e-01,-2.057727381218949214e-01,-4.134793509569484327e-02,1.199714496361449917e-01,-2.903639138607965742e-01,1.725442463275912719e-01,-1.316114881819349103e-01,1.825223566664113950e-01,-1.027355996843551528e-01,2.091551907461506321e-01,-1.237551741458434440e-01,1.563511347098837587e-02,-1.972460924615293265e-01,6.645674218307660863e-02,-1.149680298906421289e-01,-2.398208450451892737e-01,-1.850813755884451461e-01,-1.313860343447921242e-01,-3.784402535323498351e-01,-3.585166229025718576e-01,-5.011412551842312491e-01,-3.511620965345782497e-01,-2.626716554444698537e-01,-3.479975175247571606e-01,-7.683124835200283442e-02,-1.664022786055124881e-01,-2.356153683630249074e-01,-3.179848848997339772e-01,-3.039973326662817610e-01,-3.145705919369033432e-01,-2.793272706947232953e-01,-1.900601010141077518e-01,-2.479679809259096868e-01,-3.278270050888585918e-01,-3.404333149980832141e-01,-3.448766433909131179e-01,-1.751863601711333429e-01,-2.964552040866118010e-01,-2.096285622912401059e-01,-2.889856543182263149e-01
4.180858880407076206e-01,-1.322121686509480643e-01,5.077708977893568010e-01,3.945718447467008172e-01,-4.083467059964050738e-02,-1.210516369325426445e-01,6.101782664051615956e-01,3.148436556469262904e-01,1.059005605674126320e-02,-1.591191308095966650e-01,6.952837211440761056e-01,3.374168322728721692e-01,0.000000000000000000e+00,1.565752553744518549e-01,8.558930909597729786e-02,-1.197717898728818259e-01,1.505971097882005949e-01,-5.105920062101290680e-02,2.374525062951210741e-01,5.218512266220077384e-02,-3.340335667760585547e-01,-1.819596195388493431e-01,5.838160120441889811e-01,4.305549032989648972e-01,-1.184127898490225789e-01,-1.552618907228842382e-01,-1.875598964567935789e-01,-1.084786453044035981e-01,2.073061274933038142e-02,-6.639520302260232265e-02,3.933813550890890576e-01,4.165357089689375458e-01,6.018283110506154930e-04,2.537971493666394962e-01,-2.851275230233722424e-01,-2.475654859920375372e-01,-2.753164617006961246e-01,-3.083530160238084350e-01,-2.423731346334912218e-01,-1.373413051227125037e-01,-2.177428763116860122e-01,-9.403175956633222365e-02,-2.229134455754553656e-01,-3.116052718214520900e-01,-1.384290413104625195e-01,-4.302024169438452283e-02,-3.533712581300774147e-01,-4.018132324787879739e-01,1.559081602441030057e-01,1.147126597823381333e-01,-9.352208410564995245e-02,-2.144685075747572445e-02,-1.304831134318401031e-01,4.804684744387260897e-02,-2.811916125754799212e-01,-2.195179722777775289e-01,3.412457081164946109e-03,-1.791668511272110353e-01,1.972558556800080853e-01,3.216064900077067468e-01,1.665270839000374259e-01,2.076864843639265046e-01,-1.686503536470161657e-01,-2.795979136633778284e-01,1.309134734683710666e-01,2.210096440962525666e-01,8.825096959514702744e-02,4.243311716096486580e-02,-4.001492271783316235e-01,-1.520799179800700895e-01,2.757671452251256872e-01,9.563700783868009370e-02,-1.406517966896901617e-01,-1.006982046385234003e-01,2.542465981272386266e-02,-1.702409317215307916e-01,-2.339207223272048441e-01,-3.694639857034043295e-01,4.919254627386978468e-02,-2.791132278654300802e-01,-1.753674628622841902e-01,-1.878839414387605822e-01,-4.838330693918403008e-02,-1.416637718763260299e-02,2.280987648510054977e-02,-4.963414753852878059e-02,-9.281392089121273670e-02,-8.357089380160612202e-02,-1.027618790049998759e-01,-4.259212726574272386e-04,-2.215992431560658837e-01,-2.098803941089992242e-01,-2.070287840037682847e-01,9.568563831283734278e-02,-3.068150346456181565e-01,-1.878927401025677069e-01,-3.462174067580264802e-01,-3.330300601746849498e-01,-2.422960233892423043e-01,-2.211620872524257264e-01,-1.538447637821832303e-01,5.656758102750383821e-02,-2.508604695561756359e-01,-8.969895743986358583e-02,-2.392952539849300120e-01,-2.062627066269635545e-01,-1.537224352566153862e-01,-7.188833721161073942e-02,-2.024543568105106606e-01,-2.699567863307597015e-01,-3.731713627844031045e-01,-3.163774587884328748e-01,-1.655015813817705198e-02,-1.265396588213034967e-01,-1.543684035621859518e-01,-2.842459745309679486e-01
