0.000000000000000000e+00,5.356889963150024414e-01,1.384736150503158569e-01,2.248722016811370850e-01,-7.784128934144973755e-02,-1.895841807126998901e-01,3.489763140678405762e-01,2.563958168029785156e-01,-1.774924248456954956e-01,-2.079240381717681885e-01,3.826902806758880615e-01,2.284788489341735840e-01,1.960743218660354614e-01,2.090093493461608887e-01,-2.314454913139343262e-01,-2.101223617792129517e-01,-1.000850927084684372e-02,8.336978405714035034e-02,5.037497282028198242e-01,5.263893008232116699e-01,-3.210824131965637207e-01,-2.327871918678283691e-01,6.806623935699462891e-02,-1.908776722848415375e-02,-2.406166940927505493e-01,-1.210218146443367004e-01,-1.020293459296226501e-01,-1.987851709127426147e-01,6.118572130799293518e-02,-1.215758100152015686e-01,8.372392505407333374e-02,-1.052091419696807861e-01,4.656371176242828369e-01,3.446403145790100098e-01,2.310843765735626221e-02,-1.665845811367034912e-01,-2.742965519428253174e-01,-3.000990152359008789e-01,-3.182753622531890869e-01,-2.906349301338195801e-01,-7.816228270530700684e-02,-1.030077189207077026e-01,-3.835745854303240776e-03,2.864236943423748016e-02,4.943163692951202393e-02,2.368481010198593140e-01,1.665177047252655029e-01,1.391006857156753540e-01,9.130982309579849243e-02,1.977964937686920166e-01,1.309869736433029175e-01,1.833519488573074341e-01,1.092105507850646973e-01,1.018830761313438416e-01,-1.334176659584045410e-01,-1.191133186221122742e-01,5.003573894500732422e-01,4.022525846958160400e-01,4.313386976718902588e-01,1.688171029090881348e-01,3.912775516510009766e-01,3.305524587631225586e-01,2.201627939939498901e-01,3.391824960708618164e-01,-1.150688976049423218e-01,4.404939711093902588e-02,2.184419184923171997e-01,1.285968571901321411e-01,2.648004293441772461e-01,1.659259349107742310e-01,-4.216523095965385437e-02,-2.274623364210128784e-01,1.622882336378097534e-01,8.531181514263153076e-02,1.110940128564834595e-01,9.209506213665008545e-03,1.930094063282012939e-01,1.347521245479583740e-01,-6.622514128684997559e-02,-9.722203016281127930e-02,-3.981618583202362061e-02,-3.089641919359564781e-03,-2.089504003524780273e-01,-2.568707466125488281e-01,8.740601688623428345e-02,4.903130605816841125e-02,-2.300924658775329590e-01,-2.606146931648254395e-01,-2.397549804300069809e-03,-8.404923975467681885e-02,9.322805702686309814e-02,-1.362086553126573563e-02,1.252114400267601013e-02,-4.007648304104804993e-02,-4.096319153904914856e-02,-1.339313685894012451e-01,-1.844375627115368843e-03,-7.068964838981628418e-02,-3.931439295411109924e-02,1.123281121253967285e-01,7.295212894678115845e-02,-8.466649800539016724e-02,1.483866851776838303e-02,-4.892558977007865906e-02,-9.167354553937911987e-02,-1.231006532907485962e-01,3.186293318867683411e-02,-1.415409892797470093e-01,-1.462623029947280884e-01,-7.189348340034484863e-02,-1.915360838174819946e-01,-8.940356969833374023e-02,-1.011358797550201416e-01,1.100486665964126587e-01,2.285610586404800415e-01,-3.011381328105926514e-01
5.356889963150024414e-01,0.000000000000000000e+00,1.965790838003158569e-01,2.548790276050567627e-01,4.628625512123107910e-02,-7.567755877971649170e-02,3.070049583911895752e-01,3.246594071388244629e-01,-4.641865938901901245e-02,-7.666581124067306519e-02,2.441761940717697144e-01,2.137067019939422607e-01,5.768347065895795822e-03,1.500777006149291992e-01,-2.101728692650794983e-02,-7.196212559938430786e-02,2.507463470101356506e-02,2.727485597133636475e-01,4.279240965843200684e-01,5.992140173912048340e-01,-1.681225001811981201e-01,1.392164360731840134e-02,6.551261525601148605e-03,2.449582144618034363e-02,-1.195450127124786377e-01,-9.102491289377212524e-02,1.801416743546724319e-03,-7.322773337364196777e-02,4.494186863303184509e-02,-1.457424368709325790e-02,-6.391170620918273926e-02,-6.181318312883377075e-02,2.962157428264617920e-01,3.008699715137481689e-01,2.244340628385543823e-02,-1.212873160839080811e-01,-1.833362728357315063e-01,-1.322454661130905151e-01,-1.910664290189743042e-01,-5.473551899194717407e-02,2.656427212059497833e-02,-1.547123305499553680e-02,-8.682168275117874146e-02,1.427640765905380249e-01,-5.568492412567138672e-02,1.129961907863616943e-01,5.316358432173728943e-02,-5.503407120704650879e-02,-9.251493960618972778e-03,-2.566351182758808136e-02,-7.386337220668792725e-02,-3.247968852519989014e-02,-2.917733229696750641e-02,-1.876696497201919556e-01,-3.254768997430801392e-02,3.699381276965141296e-02,4.388274252414703369e-01,6.057477593421936035e-01,2.547827064990997314e-01,1.213410794734954834e-01,4.655154421925544739e-02,1.698548644781112671e-01,5.993312224745750427e-02,2.912112474441528320e-01,-2.548236846923828125e-01,-9.428820013999938965e-02,2.582609057426452637e-01,1.719943881034851074e-01,4.553974866867065430e-01,4.145914018154144287e-01,6.168462708592414856e-02,-1.273281872272491455e-01,1.686409562826156616e-01,2.856554388999938965e-01,1.575544923543930054e-01,9.800600260496139526e-02,1.640072762966156006e-01,1.769486367702484131e-01,-9.714075177907943726e-02,6.846125423908233643e-02,-2.903353422880172729e-02,5.175710190087556839e-03,-1.300038993358612061e-01,-1.270698457956314087e-01,-1.577031426131725311e-02,-7.505612075328826904e-02,-1.005828231573104858e-01,-1.136800721287727356e-01,5.821926146745681763e-02,-8.244828879833221436e-02,-1.089777722954750061e-01,-2.280448079109191895e-01,-3.424010798335075378e-02,-2.047598361968994141e-01,7.525600027292966843e-03,-5.542937293648719788e-02,-2.464995533227920532e-02,3.018697351217269897e-02,4.777749627828598022e-02,7.840123027563095093e-02,1.214232519268989563e-01,-1.557448953390121460e-01,1.527972072362899780e-01,4.560376983135938644e-03,-1.066497042775154114e-01,-1.250710487365722656e-01,1.636898666620254517e-01,-4.661643411964178085e-03,-1.758723258972167969e-01,-1.960106492042541504e-01,-2.920536696910858154e-01,-1.400713622570037842e-01,-9.804206341505050659e-02,1.715242713689804077e-01,-1.769986934959888458e-02,-1.882464885711669922e-01
1.384736150503158569e-01,1.965790838003158569e-01,0.000000000000000000e+00,6.483328342437744141e-01,2.194107770919799805e-01,1.737855076789855957e-01,6.406474113464355469e-01,4.350910782814025879e-01,8.874315023422241211e-02,1.482471972703933716e-01,-1.047269701957702637e-01,-2.273764908313751221e-01,1.520476639270782471e-01,4.974981769919395447e-02,1.646371632814407349e-01,1.436329036951065063e-01,-2.413479685783386230e-01,-1.459348797798156738e-01,2.051455974578857422e-01,2.727068066596984863e-01,1.053802147507667542e-01,6.386771798133850098e-02,6.129252314567565918e-01,6.786643266677856445e-01,1.338593959808349609e-01,2.512252926826477051e-01,2.422670274972915649e-01,2.535628974437713623e-01,-9.841764718294143677e-02,-1.142454296350479126e-01,1.843799054622650146e-01,3.214981555938720703e-01,1.132898926734924316e-01,2.567966841161251068e-02,2.390404492616653442e-01,-3.569015115499496460e-02,2.170803025364875793e-02,2.602610550820827484e-02,-8.268804103136062622e-02,-8.474367111921310425e-02,7.218242436647415161e-02,6.505934894084930420e-02,-1.693118661642074585e-01,-6.194667145609855652e-02,-1.821025758981704712e-01,-3.324923515319824219e-01,-2.505986690521240234e-01,-2.825565636157989502e-01,-2.860265076160430908e-01,-3.221271634101867676e-01,-2.979943752288818359e-01,-3.124467134475708008e-01,-2.976396977901458740e-01,-2.656542658805847168e-01,-1.725067198276519775e-01,-5.943689122796058655e-02,-3.602826222777366638e-02,-5.630442127585411072e-02,-3.263175114989280701e-02,-2.106955945491790771e-01,-2.443201094865798950e-01,-2.258003950119018555e-01,-3.311639726161956787e-01,-3.018462955951690674e-01,2.627522349357604980e-01,1.160117015242576599e-01,1.082146838307380676e-01,-1.241928339004516602e-01,6.026279553771018982e-02,1.034656763076782227e-01,1.352736204862594604e-01,1.959055215120315552e-01,6.593454629182815552e-02,8.568333834409713745e-02,-2.105099707841873169e-02,-7.701741065829992294e-03,-1.205848995596170425e-02,8.422181941568851471e-03,-1.760065704584121704e-01,4.970806837081909180e-02,-1.675094962120056152e-01,1.841606758534908295e-02,-3.433980047702789307e-03,-5.974451452493667603e-02,-1.371806710958480835e-01,3.624675422906875610e-02,5.255315080285072327e-02,7.818865031003952026e-02,-6.499715894460678101e-02,-3.232887387275695801e-02,-2.026693224906921387e-01,-2.645837143063545227e-02,-1.876567304134368896e-02,1.209974065423011780e-01,3.658590838313102722e-02,-5.744808539748191833e-02,-9.601439535617828369e-02,-7.489401102066040039e-02,-1.933232843875885010e-01,-1.382334679365158081e-01,-1.732128560543060303e-01,-2.477829903364181519e-02,4.900803789496421814e-02,6.438383460044860840e-02,-2.058063745498657227e-01,-1.221959590911865234e-01,8.754294365644454956e-02,7.317241281270980835e-02,-1.514394730329513550e-01,-1.647169291973114014e-01,-3.403172791004180908e-01,-1.632931381464004517e-01,-4.858568683266639709e-02,-1.142815873026847839e-01,-2.442597448825836182e-01,5.913387238979339600e-02
2.248722016811370850e-01,2.548790276050567627e-01,6.483328342437744141e-01,0.000000000000000000e+00,1.915967613458633423e-01,2.699032425880432129e-01,6.697646379470825195e-01,5.083476901054382324e-01,8.605045080184936523e-02,2.377229183912277222e-01,5.956863611936569214e-02,-3.552849218249320984e-02,2.058357596397399902e-01,2.094554007053375244e-01,3.541317209601402283e-02,2.024960815906524658e-01,-2.243993878364562988e-01,-2.217851281166076660e-01,3.129617571830749512e-01,3.803478777408599854e-01,2.767375437542796135e-03,7.576204091310501099e-02,5.049009323120117188e-01,6.856549382209777832e-01,1.322898566722869873e-01,2.451913058757781982e-01,2.076238691806793213e-01,2.539294362068176270e-01,-1.177509427070617676e-01,-2.023598998785018921e-01,2.611755728721618652e-01,4.085327982902526855e-01,2.552198171615600586e-01,1.611219644546508789e-01,1.400855779647827148e-01,-2.912623248994350433e-02,2.121027372777462006e-02,-4.104335606098175049e-02,-1.276670694351196289e-01,-7.326473295688629150e-02,1.132910419255495071e-02,-6.611854583024978638e-02,-2.430313378572463989e-01,-1.041708365082740784e-01,-2.662911415100097656e-01,-2.304391413927078247e-01,-3.112567365169525146e-01,-3.319863975048065186e-01,-3.817045390605926514e-01,-2.964873015880584717e-01,-4.204531908035278320e-01,-1.714834570884704590e-01,-4.637954235076904297e-01,-1.394929289817810059e-01,-2.954644262790679932e-01,4.615147039294242859e-02,-1.282164157601073384e-04,7.652854919433593750e-02,1.365312933921813965e-01,-5.404886603355407715e-02,-2.730407714843750000e-01,3.283229842782020569e-02,-1.776487082242965698e-01,-5.659971386194229126e-02,7.199057936668395996e-02,1.054376512765884399e-01,8.832141757011413574e-02,5.277618020772933960e-02,1.016610115766525269e-02,2.043675929307937622e-01,1.480369120836257935e-01,2.800241410732269287e-01,7.077515125274658203e-02,4.400364309549331665e-02,-1.057078968733549118e-02,-2.840144559741020203e-02,-1.769642904400825500e-02,1.060135141015052795e-01,-3.548416495323181152e-01,4.399107303470373154e-03,-3.570093214511871338e-01,2.126319892704486847e-02,-1.103202402591705322e-01,-1.077952459454536438e-01,-3.692624270915985107e-01,1.110791787505149841e-01,1.000799238681793213e-02,1.520691961050033569e-01,-3.498004674911499023e-01,1.706943064928054810e-01,-3.104205131530761719e-01,-1.768749393522739410e-02,-2.403565049171447754e-01,1.095111295580863953e-01,-5.710042640566825867e-02,-1.547767966985702515e-01,-1.715952455997467041e-01,-1.006513312458992004e-01,-1.974503844976425171e-01,-7.431422173976898193e-02,-2.803819179534912109e-01,6.320199370384216309e-02,9.410554915666580200e-02,1.898680776357650757e-01,-1.871573776006698608e-01,-2.975350618362426758e-02,5.461549852043390274e-03,1.385920643806457520e-01,-9.329612553119659424e-02,-2.238484472036361694e-01,-3.819510638713836670e-01,-2.818143367767333984e-01,-7.995851337909698486e-02,-5.755133461207151413e-04,-1.801463961601257324e-01,-1.234945561736822128e-02
-7.784128934144973755e-02,4.628625512123107910e-02,2.194107770919799805e-01,1.915967613458633423e-01,0.000000000000000000e+00,6.447527408599853516e-01,1.701181828975677490e-01,8.116122335195541382e-02,6.127091646194458008e-01,6.235089898109436035e-01,1.756839007139205933e-01,-8.183421939611434937e-02,2.612030804157257080e-01,2.243009954690933228e-01,5.125635266304016113e-01,5.025612115859985352e-01,-2.784843444824218750e-01,-4.817240312695503235e-02,1.896073669195175171e-01,4.031611233949661255e-02,2.294009774923324585e-01,1.837096959352493286e-01,1.943805664777755737e-01,2.364667207002639771e-01,5.014616250991821289e-01,6.900882124900817871e-01,6.067322492599487305e-01,5.854495763778686523e-01,4.556413739919662476e-02,3.196395561099052429e-02,1.264901310205459595e-01,2.044718414545059204e-01,4.795780777931213379e-02,-2.397256903350353241e-02,-9.055226691998541355e-04,-8.477985858917236328e-02,-1.719418019056320190e-01,-1.461093574762344360e-01,-5.333347246050834656e-02,-2.414667047560214996e-02,6.127611175179481506e-02,-6.486723572015762329e-02,-1.365490555763244629e-01,-1.363180875778198242e-01,-1.304884403944015503e-01,-1.410190761089324951e-01,-1.511567533016204834e-01,-2.690825760364532471e-01,-1.215454488992691040e-01,-1.416354477405548096e-01,-1.392815858125686646e-01,-2.077687829732894897e-01,-1.366221159696578979e-01,-1.420887112617492676e-01,-1.149486824870109558e-01,-6.186090037226676941e-02,-2.602243721485137939e-01,-1.100383549928665161e-01,-9.110932052135467529e-02,-1.582278311252593994e-01,-3.436216711997985840e-01,-1.748327761888504028e-01,-2.890453040599822998e-01,-5.341048166155815125e-02,-1.413475126028060913e-01,-1.980057805776596069e-01,-1.201107650995254517e-01,-2.475398331880569458e-01,-1.295381784439086914e-01,2.623562701046466827e-02,4.029260277748107910e-01,1.983120888471603394e-01,2.507303655147552490e-02,9.588072448968887329e-02,1.890742778778076172e-01,8.230926841497421265e-02,-1.712053567171096802e-01,-1.353428885340690613e-02,-1.873666346073150635e-01,1.236282736063003540e-01,-1.889315247535705566e-01,-1.067909877747297287e-02,5.274289473891258240e-02,-5.981051921844482422e-02,-2.847200930118560791e-01,-5.947366729378700256e-02,1.313544511795043945e-01,1.580544263124465942e-01,5.900458991527557373e-02,3.019696474075317383e-02,-2.691658139228820801e-01,-2.234389781951904297e-01,-5.929353088140487671e-02,-6.026729941368103027e-02,-7.845849031582474709e-04,-1.079552695155143738e-01,-1.666322350502014160e-01,-1.914874613285064697e-01,-3.022440075874328613e-01,-2.479480803012847900e-01,-8.972927182912826538e-02,-1.766197755932807922e-02,-2.112358994781970978e-02,6.156845018267631531e-03,-2.364024817943572998e-01,-2.168207764625549316e-01,6.316839158535003662e-02,3.782232478260993958e-02,-6.153161451220512390e-02,-1.830044686794281006e-01,-2.477176487445831299e-01,-2.329843491315841675e-01,-1.379739940166473389e-01,-8.004833757877349854e-02,-5.207302421331405640e-02,-1.768911443650722504e-02
-1.895841807126998901e-01,-7.567755877971649170e-02,1.737855076789855957e-01,2.699032425880432129e-01,6.447527408599853516e-01,0.000000000000000000e+00,1.142947748303413391e-01,6.583893299102783203e-02,6.339357495307922363e-01,6.750903129577636719e-01,8.070719242095947266e-02,-3.642031922936439514e-02,2.819355130195617676e-01,1.738384813070297241e-01,5.389038920402526855e-01,5.902931690216064453e-01,-2.791355550289154053e-01,-2.029213011264801025e-01,7.241571322083473206e-03,-9.790066629648208618e-02,2.735730707645416260e-01,3.450811505317687988e-01,1.333356052637100220e-01,3.416602611541748047e-01,5.681282877922058105e-01,5.929900407791137695e-01,5.389563441276550293e-01,5.950686931610107422e-01,-3.128635510802268982e-02,-2.935325168073177338e-02,2.260166704654693604e-01,3.470090031623840332e-01,-2.662797085940837860e-02,-1.003085002303123474e-01,-4.291752353310585022e-02,1.933233812451362610e-02,-1.087001636624336243e-01,-5.717335268855094910e-02,-8.588707074522972107e-03,1.000895500183105469e-01,-5.227255169302225113e-03,-1.589116901159286499e-01,-2.141725867986679077e-01,-2.897145748138427734e-01,-3.174929320812225342e-01,-3.128313720226287842e-01,-2.858329415321350098e-01,-3.937361240386962891e-01,-3.180058598518371582e-01,-3.296156823635101318e-01,-2.705967426300048828e-01,-2.669335007667541504e-01,-2.455812096595764160e-01,-1.552817970514297485e-01,-6.743479520082473755e-02,7.765964418649673462e-02,-2.363717257976531982e-01,-1.207561939954757690e-01,-9.594227373600006104e-02,-7.153634727001190186e-02,-4.751769602298736572e-01,-2.071617096662521362e-01,-2.853954434394836426e-01,-1.385187208652496338e-01,-1.631854623556137085e-01,-2.611354291439056396e-01,-2.571300268173217773e-01,-2.604819834232330322e-01,-1.592821180820465088e-01,6.889367103576660156e-02,4.797291457653045654e-01,4.461507797241210938e-01,-8.495086431503295898e-02,4.534187261015176773e-03,1.465272456407546997e-01,6.753759831190109253e-02,-9.722114354372024536e-02,8.363348245620727539e-02,-2.951832413673400879e-01,4.661073535680770874e-02,-3.114797174930572510e-01,-9.681000560522079468e-02,-8.606004528701305389e-03,5.802677571773529053e-02,-4.227717220783233643e-01,-1.706324219703674316e-01,2.354117631912231445e-01,3.515949845314025879e-01,-1.219398975372314453e-01,1.849044710397720337e-01,-3.135475516319274902e-01,-1.708679795265197754e-01,-1.327553540468215942e-01,-1.136965863406658173e-02,-2.769063413143157959e-02,-1.041825860738754272e-01,-3.119617402553558350e-01,-2.364940196275711060e-01,-2.567929625511169434e-01,-1.896836608648300171e-01,-1.064687445759773254e-01,4.582487791776657104e-02,4.707599431276321411e-02,1.309380084276199341e-01,-2.001337260007858276e-01,-2.165745943784713745e-01,-7.335836440324783325e-02,1.418109387159347534e-01,-3.576584160327911377e-02,-2.902817130088806152e-01,-2.667882144451141357e-01,-2.367633134126663208e-01,-1.725438386201858521e-01,-9.602262079715728760e-02,-1.737132221460342407e-01,4.812181740999221802e-02
3.489763140678405762e-01,3.070049583911895752e-01,6.406474113464355469e-01,6.697646379470825195e-01,1.701181828975677490e-01,1.142947748303413391e-01,0.000000000000000000e+00,5.334498286247253418e-01,1.729345507919788361e-02,1.124703511595726013e-01,1.745993793010711670e-01,-4.040459543466567993e-02,2.385038733482360840e-01,1.924977898597717285e-01,2.318352833390235901e-02,3.290101513266563416e-02,-2.147527486085891724e-01,-1.095656976103782654e-01,3.361558616161346436e-01,4.332288801670074463e-01,-9.627708233892917633e-03,-6.524422019720077515e-02,5.404973030090332031e-01,5.112187862396240234e-01,3.042380325496196747e-02,1.541970670223236084e-01,1.475395113229751587e-01,1.163924485445022583e-01,-3.317040577530860901e-02,-1.570366024971008301e-01,1.730211526155471802e-01,2.382667511701583862e-01,2.994609177112579346e-01,1.839577406644821167e-01,8.493146300315856934e-02,-1.469510644674301147e-01,-1.201660111546516418e-01,-1.568846851587295532e-01,-1.992312520742416382e-01,-1.786859929561614990e-01,3.719414025545120239e-02,-5.040903761982917786e-02,-9.481835365295410156e-02,-3.127420321106910706e-02,-8.738955110311508179e-02,-1.049569100141525269e-01,-1.411892920732498169e-01,-1.748843491077423096e-01,-1.500833183526992798e-01,-9.308648109436035156e-02,-2.096752375364303589e-01,-5.766708776354789734e-02,-2.794749438762664795e-01,-3.639005497097969055e-02,-3.468729555606842041e-01,-9.471929818391799927e-02,9.230156242847442627e-02,7.292858511209487915e-02,9.065593034029006958e-02,-1.646945029497146606e-01,-3.311432525515556335e-02,1.215295568108558655e-01,-1.454351097345352173e-01,1.982098631560802460e-02,8.517841249704360962e-02,1.755182147026062012e-01,1.333941072225570679e-01,-5.187180824577808380e-03,5.055788159370422363e-02,8.785819262266159058e-02,2.146911807358264923e-02,2.965200506150722504e-02,2.698029205203056335e-02,5.110009387135505676e-02,-6.132145226001739502e-02,-6.574551016092300415e-02,-2.329714596271514893e-02,4.396236315369606018e-02,-1.804879009723663330e-01,7.922185212373733521e-02,-2.292460203170776367e-01,1.643225364387035370e-02,-7.264439016580581665e-02,-1.775191873311996460e-01,-2.452582567930221558e-01,7.831483334302902222e-02,-1.067446246743202209e-01,-4.947226494550704956e-02,-2.218688726425170898e-01,-2.303105592727661133e-02,-1.957147419452667236e-01,-7.844109088182449341e-03,-6.413976848125457764e-02,1.341257393360137939e-01,-2.716358751058578491e-02,-1.277384459972381592e-01,-1.055761948227882385e-01,-1.106895208358764648e-01,-1.993000656366348267e-01,-1.273363381624221802e-01,-2.239443957805633545e-01,6.334721297025680542e-02,-5.153764039278030396e-02,-1.600784808397293091e-02,-2.734592854976654053e-01,-1.362502425909042358e-01,1.111314725130796432e-02,-3.725456818938255310e-02,-1.240746378898620605e-01,-1.335771381855010986e-01,-3.257611393928527832e-01,-2.147468179464340210e-01,-6.383807957172393799e-02,-1.043822467327117920e-01,-3.659906983375549316e-02,-8.891098201274871826e-02
2.563958168029785156e-01,3.246594071388244629e-01,4.350910782814025879e-01,5.083476901054382324e-01,8.116122335195541382e-02,6.583893299102783203e-02,5.334498286247253418e-01,0.000000000000000000e+00,6.539909541606903076e-02,1.645980477333068848e-01,2.500574290752410889e-02,2.497151046991348267e-01,1.003619357943534851e-01,3.767554163932800293e-01,-2.094746567308902740e-02,-1.981153711676597595e-02,-2.897232174873352051e-01,-1.579841822385787964e-01,2.351440340280532837e-01,3.206648230552673340e-01,-1.927646547555923462e-01,-1.025758963078260422e-02,3.907338082790374756e-01,2.981760203838348389e-01,9.988757781684398651e-03,7.402831315994262695e-02,8.691225200891494751e-02,3.342208638787269592e-02,-2.178442925214767456e-01,-1.729916781187057495e-01,5.220308527350425720e-02,2.650481760501861572e-01,2.290702611207962036e-01,3.343381285667419434e-01,-6.276435218751430511e-03,6.309407763183116913e-03,-1.664210855960845947e-01,-1.607923805713653564e-01,-1.743196994066238403e-01,-1.261529177427291870e-01,-5.172409117221832275e-02,-6.343810260295867920e-02,-1.032176837325096130e-01,2.515424229204654694e-02,-1.410311460494995117e-01,-1.131943762302398682e-01,-1.098591238260269165e-01,-2.177584916353225708e-01,-9.098688513040542603e-02,-6.929812580347061157e-02,-7.295884191989898682e-02,-4.591346904635429382e-02,-6.178281083703041077e-02,-1.687860190868377686e-01,-1.827881634235382080e-01,-4.822533205151557922e-02,-6.180002540349960327e-02,7.913015037775039673e-02,5.453526228666305542e-02,-6.061489135026931763e-02,4.771161079406738281e-02,1.316192299127578735e-01,-1.832595616579055786e-01,8.685319125652313232e-02,-1.148907616734504700e-01,1.383565515279769897e-01,1.404661568813025951e-03,4.840807989239692688e-02,-1.680633984506130219e-02,1.909441780298948288e-03,5.303029716014862061e-02,-7.894993759691715240e-03,1.399797797203063965e-01,9.274269640445709229e-02,7.295726239681243896e-02,-2.759456867352128029e-03,-3.594827651977539062e-02,6.944519281387329102e-02,-1.720385849475860596e-01,1.098862942308187485e-02,-1.221331283450126648e-01,-4.080051928758621216e-02,-2.762625813484191895e-01,-2.274490892887115479e-01,-1.319330781698226929e-01,6.810377817600965500e-03,-1.867739558219909668e-01,-1.429426223039627075e-01,2.478730492293834686e-02,-1.178136989474296570e-01,-1.191371083259582520e-01,-2.080218344926834106e-01,4.719818755984306335e-02,-4.575308784842491150e-02,-3.470732644200325012e-02,-1.233775541186332703e-01,-7.821000367403030396e-02,-8.634188026189804077e-02,-1.935517638921737671e-01,-1.832461208105087280e-01,1.637952774763107300e-02,-6.214292719960212708e-02,-5.383308231830596924e-02,-1.304084062576293945e-01,-1.044846996665000916e-01,-1.776179522275924683e-01,1.393961757421493530e-01,-3.700749948620796204e-02,-1.012513563036918640e-01,-6.663944572210311890e-02,-2.151952832937240601e-01,-1.874953210353851318e-01,-1.391305327415466309e-01,-5.525392666459083557e-02,-5.019977688789367676e-02,-1.602474004030227661e-01
-1.774924248456954956e-01,-4.641865938901901245e-02,8.874315023422241211e-02,8.605045080184936523e-02,6.127091646194458008e-01,6.339357495307922363e-01,1.729345507919788361e-02,6.539909541606903076e-02,0.000000000000000000e+00,6.557466983795166016e-01,1.357033699750900269e-01,1.155479550361633301e-01,3.874102234840393066e-01,1.753312349319458008e-01,5.985152721405029297e-01,5.029885172843933105e-01,-2.128813564777374268e-01,-1.236820742487907410e-01,-5.318379029631614685e-02,-1.155104711651802063e-01,2.193758189678192139e-01,3.256692290306091309e-01,1.112925633788108826e-01,1.172749474644660950e-01,6.058971881866455078e-01,5.445810556411743164e-01,4.744384586811065674e-01,5.334622859954833984e-01,2.195845916867256165e-02,-7.692568004131317139e-02,1.564417481422424316e-01,2.634602487087249756e-01,-1.111806705594062805e-01,-8.823187649250030518e-02,8.539189584553241730e-03,5.840907339006662369e-03,-1.420455724000930786e-01,-2.183608710765838623e-02,1.330223493278026581e-02,1.473638862371444702e-01,2.037862688302993774e-02,-1.557084769010543823e-01,-3.029916882514953613e-01,-2.665290832519531250e-01,-3.208827674388885498e-01,-2.689682543277740479e-01,-1.647050380706787109e-01,-3.338162004947662354e-01,-1.870243251323699951e-01,-2.380431443452835083e-01,-8.768782019615173340e-02,-2.030564397573471069e-01,-6.803320348262786865e-02,-2.017059326171875000e-01,4.144088923931121826e-02,4.472716525197029114e-02,-2.695117592811584473e-01,-1.073501259088516235e-01,-9.326656907796859741e-02,7.144658360630273819e-03,-3.074850738048553467e-01,-2.069701105356216431e-01,-1.725461632013320923e-01,-1.192257553339004517e-01,-1.615060865879058838e-01,-3.053799271583557129e-01,-3.057630360126495361e-01,-3.352752327919006348e-01,-1.354973167181015015e-01,2.557298168540000916e-02,4.993315041065216064e-01,2.699835002422332764e-01,-1.372794248163700104e-02,6.137644127011299133e-02,2.381520420312881470e-01,1.134041845798492432e-01,-1.709067635238170624e-02,1.136747747659683228e-01,-1.675643920898437500e-01,-8.219044655561447144e-02,-2.377841770648956299e-01,-2.069933563470840454e-01,-1.072535812854766846e-01,1.755760982632637024e-02,-1.958550214767456055e-01,-2.252070009708404541e-01,1.867292970418930054e-01,2.642171382904052734e-01,1.570910811424255371e-01,7.758300006389617920e-02,-2.109396755695343018e-01,-2.799666225910186768e-01,-3.531409427523612976e-02,-1.544265598058700562e-01,2.619356103241443634e-02,-2.460172027349472046e-02,-2.413654029369354248e-01,-1.698737591505050659e-01,-1.720158606767654419e-01,-1.393407583236694336e-01,4.875131323933601379e-02,-3.549311310052871704e-02,2.689251676201820374e-02,4.000012204051017761e-02,-1.116480156779289246e-01,-2.472185343503952026e-01,-2.105971425771713257e-02,7.606793195009231567e-02,2.050793729722499847e-02,-2.679648399353027344e-01,-1.997614502906799316e-01,-1.575567722320556641e-01,-2.048585414886474609e-01,-2.993599139153957367e-02,-7.213429361581802368e-02,2.739714831113815308e-02
-2.079240381717681885e-01,-7.666581124067306519e-02,1.482471972703933716e-01,2.377229183912277222e-01,6.235089898109436035e-01,6.750903129577636719e-01,1.124703511595726013e-01,1.645980477333068848e-01,6.557466983795166016e-01,0.000000000000000000e+00,-1.234635524451732635e-02,1.785656437277793884e-02,1.864014714956283569e-01,1.542150825262069702e-01,5.843847393989562988e-01,6.378301978111267090e-01,-2.789405286312103271e-01,-2.437090277671813965e-01,7.745141629129648209e-03,-7.361391186714172363e-02,2.295041829347610474e-01,3.477823734283447266e-01,2.189496755599975586e-01,2.578819990158081055e-01,5.473262071609497070e-01,5.115264058113098145e-01,5.730918645858764648e-01,6.265800595283508301e-01,-1.038772389292716980e-01,-1.061529293656349182e-01,8.144889771938323975e-02,3.199279606342315674e-01,-3.729735314846038818e-02,-2.267146017402410507e-03,2.793240174651145935e-02,3.986267000436782837e-02,-6.927617639303207397e-02,1.172769814729690552e-02,7.586029917001724243e-02,1.276289671659469604e-01,2.836547605693340302e-02,-1.360805481672286987e-01,-2.711030542850494385e-01,-2.204342633485794067e-01,-2.713893651962280273e-01,-2.723252475261688232e-01,-2.505734264850616455e-01,-3.681112229824066162e-01,-2.477219700813293457e-01,-2.599106431007385254e-01,-2.461221516132354736e-01,-2.176786363124847412e-01,-2.894432246685028076e-01,-1.388936936855316162e-01,-1.231053397059440613e-01,5.689286068081855774e-02,-3.028616309165954590e-01,-1.459861993789672852e-01,-9.351833164691925049e-02,-1.001326739788055420e-01,-3.997804522514343262e-01,-1.492489874362945557e-01,-2.160895764827728271e-01,-1.216901019215583801e-01,-1.907382011413574219e-01,-2.566474378108978271e-01,-2.527518272399902344e-01,-2.552461028099060059e-01,-1.349481642246246338e-01,7.329864054918289185e-02,3.905927240848541260e-01,3.459809124469757080e-01,-3.376189619302749634e-02,-3.887971490621566772e-02,2.189081460237503052e-01,9.262267500162124634e-02,-7.405909150838851929e-02,1.577182114124298096e-01,-2.536385655403137207e-01,1.024125516414642334e-01,-2.992847859859466553e-01,-9.835767000913619995e-02,-5.354338511824607849e-02,3.207603469491004944e-03,-3.754290640354156494e-01,-5.976412072777748108e-02,2.135616838932037354e-01,3.576349914073944092e-01,-1.092061102390289307e-01,1.774989515542984009e-01,-3.326500356197357178e-01,-2.355006188154220581e-01,-9.594453126192092896e-02,2.552074438426643610e-04,2.144146710634231567e-02,-2.699612826108932495e-02,-2.404776066541671753e-01,-1.520279794931411743e-01,-2.266989350318908691e-01,-1.710868775844573975e-01,-1.161736994981765747e-01,9.741093218326568604e-02,-2.258248999714851379e-02,8.048918098211288452e-02,-2.435015588998794556e-01,-1.641370952129364014e-01,-3.635793924331665039e-02,1.567250043153762817e-01,1.452015340328216553e-02,-2.564713358879089355e-01,-1.987200826406478882e-01,-2.132635861635208130e-01,-1.199299246072769165e-01,-1.165263354778289795e-01,-8.953878283500671387e-02,-1.951581612229347229e-02
3.826902806758880615e-01,2.441761940717697144e-01,-1.047269701957702637e-01,5.956863611936569214e-02,1.756839007139205933e-01,8.070719242095947266e-02,1.745993793010711670e-01,2.500574290752410889e-02,1.357033699750900269e-01,-1.234635524451732635e-02,0.000000000000000000e+00,2.688399851322174072e-01,4.924472868442535400e-01,4.229911267757415771e-01,-7.537440210580825806e-02,-1.250436995178461075e-02,-2.821813803166151047e-03,1.548387259244918823e-01,3.373827338218688965e-01,2.883915603160858154e-01,-1.024999096989631653e-01,-2.264894992113113403e-01,-6.677636504173278809e-02,-1.185381636023521423e-01,8.157858997583389282e-02,1.905263662338256836e-01,2.959539927542209625e-02,-5.490354448556900024e-02,2.889388203620910645e-01,5.935380235314369202e-02,2.622501850128173828e-01,-1.444378197193145752e-01,4.628477692604064941e-01,2.615956366062164307e-01,-6.709384918212890625e-02,-2.283696085214614868e-01,-3.266816437244415283e-01,-3.109235763549804688e-01,-2.604190409183502197e-01,-1.567857414484024048e-01,1.651747524738311768e-02,-1.311580985784530640e-01,7.965977489948272705e-02,-5.321844294667243958e-02,6.646470725536346436e-02,2.903137803077697754e-01,3.171016871929168701e-01,2.309304028749465942e-01,2.021550089120864868e-01,2.678802907466888428e-01,2.402355223894119263e-01,1.745611727237701416e-01,1.856304109096527100e-01,1.390441507101058960e-01,-1.513198763132095337e-01,-1.934987604618072510e-01,2.278065234422683716e-01,2.677469849586486816e-01,1.973125487565994263e-01,4.267722740769386292e-02,2.535323202610015869e-01,3.453192710876464844e-01,2.343608886003494263e-01,4.730515778064727783e-01,-2.767643630504608154e-01,-6.630703806877136230e-02,-6.153521686792373657e-02,-1.136701256036758423e-01,-6.136734411120414734e-02,-6.507897377014160156e-02,1.822447329759597778e-01,-2.195697575807571411e-01,4.755727574229240417e-02,1.826156824827194214e-01,1.356871426105499268e-01,-4.206798598170280457e-02,9.255801141262054443e-02,2.034537866711616516e-02,7.954598404467105865e-03,-3.630150482058525085e-02,-1.368176341056823730e-01,-1.327771544456481934e-01,-1.154724657535552979e-01,-1.604955196380615234e-01,-6.445749104022979736e-02,-4.250200092792510986e-02,-2.403270602226257324e-01,-2.297231554985046387e-01,9.196396172046661377e-02,-1.380464583635330200e-01,1.589675992727279663e-01,-1.249026283621788025e-01,1.119878888130187988e-01,-1.342592239379882812e-01,2.460985444486141205e-02,-6.930629163980484009e-02,4.438517242670059204e-02,-5.817671492695808411e-02,-1.133048012852668762e-01,-5.577634647488594055e-02,5.753334239125251770e-02,-1.687737740576267242e-02,-1.024110093712806702e-01,-1.615288108587265015e-01,-4.200365021824836731e-02,-1.951897293329238892e-01,-2.900502085685729980e-02,-2.147839814424514771e-01,-3.034854121506214142e-02,-1.259558349847793579e-01,-3.877565637230873108e-02,-7.141236215829849243e-02,-1.557764410972595215e-01,-3.633978217840194702e-02,3.722066879272460938e-01,-3.045219480991363525e-01
2.284788489341735840e-01,2.137067019939422607e-01,-2.273764908313751221e-01,-3.552849218249320984e-02,-8.183421939611434937e-02,-3.642031922936439514e-02,-4.040459543466567993e-02,2.497151046991348267e-01,1.155479550361633301e-01,1.785656437277793884e-02,2.688399851322174072e-01,0.000000000000000000e+00,2.715158760547637939e-01,4.325844645500183105e-01,3.176893666386604309e-02,-7.706970721483230591e-02,1.050095483660697937e-01,8.832946419715881348e-02,-3.208364918828010559e-02,9.837361983954906464e-03,-2.319922447204589844e-01,1.523907184600830078e-01,-1.306949257850646973e-01,-2.755019366741180420e-01,1.119915992021560669e-01,-1.137483268976211548e-01,-2.105091325938701630e-02,-2.896597050130367279e-02,1.891652122139930725e-02,-5.306677520275115967e-02,1.645698100328445435e-01,1.114432811737060547e-01,1.704288125038146973e-01,3.064650893211364746e-01,-7.849550247192382812e-02,2.241364419460296631e-01,-2.613330185413360596e-01,-1.112077236175537109e-01,-1.283888965845108032e-01,-2.407662570476531982e-02,-3.416353464126586914e-01,-3.412366509437561035e-01,-2.316855490207672119e-01,-2.070990502834320068e-01,-2.887045741081237793e-01,1.891454458236694336e-01,4.702666308730840683e-03,-8.608679473400115967e-02,-8.482626080513000488e-02,9.321252256631851196e-02,5.501504987478256226e-02,2.583740353584289551e-01,1.193815693259239197e-01,-6.001042202115058899e-02,1.410055756568908691e-01,2.452916204929351807e-01,8.463604003190994263e-02,3.413714170455932617e-01,2.196300476789474487e-01,4.249452948570251465e-01,2.532715201377868652e-01,3.511617481708526611e-01,3.636890649795532227e-01,3.604003489017486572e-01,-2.984241247177124023e-01,-1.654474288225173950e-01,-1.958377957344055176e-01,7.329146564006805420e-02,-2.456169947981834412e-02,7.596304267644882202e-02,-1.827730610966682434e-02,-1.531292796134948730e-01,2.587788738310337067e-02,5.849769711494445801e-02,1.305163800716400146e-01,-4.317638278007507324e-02,9.722921997308731079e-02,1.922322958707809448e-01,-8.206742256879806519e-02,-2.867817282676696777e-01,-2.275218963623046875e-01,-3.245163857936859131e-01,-3.742642402648925781e-01,-2.247518748044967651e-01,-3.780414536595344543e-02,-2.531950175762176514e-01,9.133581072092056274e-03,-2.764073014259338379e-02,7.851845026016235352e-02,9.356047958135604858e-02,1.204757243394851685e-01,-2.273207306861877441e-01,-6.049535423517227173e-02,-2.771009802818298340e-01,1.048195455223321915e-02,-5.814841389656066895e-02,-9.841709397733211517e-03,-4.809035919606685638e-03,9.610733389854431152e-02,6.972082704305648804e-02,3.142000436782836914e-01,3.546698018908500671e-02,1.703688502311706543e-01,1.212122663855552673e-01,1.202366873621940613e-01,-1.630397737026214600e-01,1.065210103988647461e-01,6.247267499566078186e-02,1.643904671072959900e-02,-1.304898560047149658e-01,-5.206067580729722977e-03,-1.484864354133605957e-01,-3.138183057308197021e-01,1.996498256921768188e-01,1.963296234607696533e-01,-2.117370665073394775e-01
1.960743218660354614e-01,5.768347065895795822e-03,1.520476639270782471e-01,2.058357596397399902e-01,2.612030804157257080e-01,2.819355130195617676e-01,2.385038733482360840e-01,1.003619357943534851e-01,3.874102234840393066e-01,1.864014714956283569e-01,4.924472868442535400e-01,2.715158760547637939e-01,0.000000000000000000e+00,4.174632430076599121e-01,2.267376929521560669e-01,2.104716897010803223e-01,-1.182779967784881592e-01,-7.214920967817306519e-02,5.660001933574676514e-02,1.065513305366039276e-02,-1.343561429530382156e-02,9.694471210241317749e-02,1.324754357337951660e-01,1.670688688755035400e-01,3.484336137771606445e-01,3.583765923976898193e-01,2.129652947187423706e-01,2.411064803600311279e-01,2.090044468641281128e-01,1.078135892748832703e-02,3.280506134033203125e-01,1.670947968959808350e-01,2.428602129220962524e-01,8.420783281326293945e-02,7.214006781578063965e-02,1.568275853060185909e-03,-2.220823168754577637e-01,-1.729391217231750488e-01,-1.538065075874328613e-01,-1.096176579594612122e-01,-1.343708783388137817e-01,-2.001168727874755859e-01,-1.738780885934829712e-01,-3.019478023052215576e-01,-1.716298758983612061e-01,-2.938842168077826500e-03,-6.096434593200683594e-02,-1.111944317817687988e-01,-8.615193516016006470e-02,1.119944453239440918e-02,7.540147751569747925e-02,6.594465672969818115e-02,3.988394513726234436e-02,-9.177210181951522827e-02,-7.322043925523757935e-02,-1.053062006831169128e-01,-6.630504876375198364e-02,7.116890046745538712e-03,8.668006956577301025e-02,9.211935847997665405e-02,5.826431885361671448e-02,1.185363456606864929e-01,3.849227353930473328e-02,1.234664767980575562e-01,-1.458472386002540588e-02,-5.044900253415107727e-02,-1.213060095906257629e-01,-1.944646090269088745e-01,-2.313250303268432617e-01,-1.697544753551483154e-01,3.626558482646942139e-01,6.885474920272827148e-02,8.600828796625137329e-02,1.251555979251861572e-01,1.628738045692443848e-01,1.207715645432472229e-01,1.089921519160270691e-01,9.497822821140289307e-02,-5.138458311557769775e-02,-1.789807975292205811e-01,-1.844031810760498047e-01,-2.421369105577468872e-01,-5.524962022900581360e-02,-4.263956844806671143e-02,-3.436493128538131714e-02,-2.160011976957321167e-01,6.418208777904510498e-02,5.300417542457580566e-02,7.797823846340179443e-02,-1.181011274456977844e-01,6.139088887721300125e-03,-1.766355782747268677e-01,6.012166291475296021e-02,-1.547047793865203857e-01,-5.293999984860420227e-02,-1.170200482010841370e-01,-8.170554786920547485e-02,-1.999381035566329956e-01,-1.363005936145782471e-01,-9.314344823360443115e-02,3.087238967418670654e-02,-5.389749258756637573e-02,-1.900515332818031311e-02,-6.639248132705688477e-02,-9.686172008514404297e-02,-3.065616190433502197e-01,-1.015597060322761536e-01,-1.733083426952362061e-01,-3.205512091517448425e-02,-1.572739779949188232e-01,-1.075570136308670044e-01,-1.156700029969215393e-01,-2.157669663429260254e-01,-6.160461530089378357e-02,1.584442406892776489e-01,-1.605904549360275269e-01
