0.000000000000000000e+00,3.359245508909225464e-02,2.502312362194061279e-01,3.115863502025604248e-01,-5.522239953279495239e-02,4.182040318846702576e-02,3.277496397495269775e-01,-1.983180344104766846e-01,-1.354893147945404053e-01,1.615971624851226807e-01,3.733553588390350342e-01,-1.824038773775100708e-01,2.529063522815704346e-01,-2.633733451366424561e-01,-1.301343739032745361e-01,1.952803134918212891e-02,3.810166120529174805e-01,9.528566896915435791e-02,6.228138208389282227e-01,1.616020053625106812e-01,1.094221696257591248e-01,1.197843477129936218e-01,3.665900826454162598e-01,5.751308426260948181e-02,1.614858508110046387e-01,-9.667149186134338379e-02,1.244065761566162109e-01,2.209942042827606201e-01,2.304100096225738525e-01,-2.513967454433441162e-02,6.916614621877670288e-02,-7.244233042001724243e-02,4.502477049827575684e-01,1.198001131415367126e-01,4.773876070976257324e-02,4.811340197920799255e-02,1.668074727058410645e-01,2.270742133259773254e-02,5.783836171030998230e-02,3.613247573375701904e-01,1.319029033184051514e-01,1.182522773742675781e-01,3.921369835734367371e-02,-7.557363063097000122e-02,7.446052879095077515e-02,8.120068162679672241e-02,-7.428426295518875122e-02,-5.209576804190874100e-03,-2.092767208814620972e-01,-1.066201701760292053e-01,-1.459116786718368530e-01,-1.911161281168460846e-02,-1.830155253410339355e-01,1.818099468946456909e-01,-1.513181030750274658e-01,4.396482408046722412e-01,7.376042604446411133e-01,9.707975387573242188e-02,1.896005868911743164e-01,-2.293499112129211426e-01,-8.943944238126277924e-03,-3.421481549739837646e-01,1.227089092135429382e-01,-2.944345474243164062e-01,-8.401888608932495117e-02,-2.040039300918579102e-01,2.364634126424789429e-01,1.532037258148193359e-01,6.054174304008483887e-01,4.861527383327484131e-01,1.724428087472915649e-01,4.403232038021087646e-02,1.212250366806983948e-01,8.091808110475540161e-02,3.104437887668609619e-01,2.156482785940170288e-01,1.512698531150817871e-01,1.733359396457672119e-01,-7.675478607416152954e-02,3.130647838115692139e-01,-2.786706946790218353e-02,7.758102566003799438e-02,2.276674807071685791e-01,1.587147861719131470e-01,-1.138177961111068726e-01,2.737461924552917480e-01,4.830066114664077759e-02,3.447702527046203613e-02,-4.210528433322906494e-01,4.586178064346313477e-01,-3.292664587497711182e-01,-3.429384902119636536e-02,-4.035972356796264648e-01,1.489837914705276489e-01,-3.117956407368183136e-02,-1.431562453508377075e-01,-2.615891695022583008e-01,9.081110358238220215e-03,-2.449645400047302246e-01,-2.758789658546447754e-01,-5.355306267738342285e-01,1.843210905790328979e-01,-4.073871970176696777e-01,-8.539413660764694214e-02,-3.110030591487884521e-01,4.165937379002571106e-02,-2.466567307710647583e-01,6.175114214420318604e-02,8.608815073966979980e-02,-2.814544923603534698e-02,-5.828148126602172852e-02,-1.025656536221504211e-01,-6.868497934192419052e-03,1.040593907237052917e-01,1.871772706508636475e-01,-2.492553889751434326e-01
3.359245508909225464e-02,0.000000000000000000e+00,-7.363083213567733765e-02,-1.195762604475021362e-01,3.139257133007049561e-01,-8.155836164951324463e-02,-2.350522726774215698e-01,2.261064052581787109e-01,2.321066260337829590e-01,-7.776148617267608643e-03,-1.432575583457946777e-01,3.708886802196502686e-01,-4.631751030683517456e-02,2.722212374210357666e-01,1.651829928159713745e-01,1.818683557212352753e-02,2.248941361904144287e-02,3.951454758644104004e-01,7.822560518980026245e-02,5.796655416488647461e-01,1.070436672307550907e-03,-2.516267299652099609e-01,-2.792466580867767334e-01,-1.870442181825637817e-01,-5.041285767219960690e-04,2.299690842628479004e-01,2.078111916780471802e-01,-1.138121541589498520e-02,1.620156913995742798e-01,1.707605570554733276e-01,1.754633486270904541e-01,2.958718836307525635e-01,2.909869253635406494e-01,3.715296089649200439e-01,-4.398202151060104370e-02,6.282399594783782959e-02,1.034421846270561218e-01,1.934520155191421509e-01,1.315454989671707153e-01,-7.179594784975051880e-02,1.319742053747177124e-01,2.163225114345550537e-01,-2.862219512462615967e-01,1.974388211965560913e-02,-2.843607403337955475e-02,2.262016981840133667e-01,7.871430367231369019e-02,-7.566662877798080444e-02,5.418814718723297119e-02,3.524242341518402100e-02,-1.178679093718528748e-01,-2.361684590578079224e-01,2.699725627899169922e-01,-2.640075981616973877e-01,1.356732100248336792e-01,-1.453713029623031616e-01,8.476395905017852783e-02,6.392886042594909668e-01,9.711215645074844360e-02,2.044129669666290283e-01,1.855198107659816742e-02,1.405129581689834595e-01,-6.513733416795730591e-02,2.938256561756134033e-01,-8.205114305019378662e-02,-2.671950459480285645e-01,1.055452879518270493e-02,2.494343370199203491e-02,2.670554518699645996e-01,3.830855488777160645e-01,2.189345061779022217e-01,2.202499359846115112e-01,1.568823456764221191e-01,2.162923812866210938e-01,2.692166343331336975e-02,8.856076002120971680e-02,3.142207488417625427e-02,1.132777556777000427e-01,1.702031642198562622e-01,7.694305852055549622e-03,1.850819885730743408e-01,1.599406898021697998e-01,-2.212949246168136597e-01,7.109383493661880493e-02,1.534294784069061279e-01,-1.040128692984580994e-01,2.586424648761749268e-01,2.940753996372222900e-01,3.906505107879638672e-01,-3.945003747940063477e-01,-1.272777169942855835e-01,-3.035149574279785156e-01,-2.036010622978210449e-01,-3.426590263843536377e-01,-3.306407630443572998e-01,-1.382075995206832886e-01,-1.174612641334533691e-01,-1.973096579313278198e-01,-9.244637936353683472e-02,-2.042911201715469360e-01,1.949774175882339478e-01,-4.215952157974243164e-01,2.722133994102478027e-01,1.330070011317729950e-02,-1.159000247716903687e-01,-2.603880167007446289e-01,-1.671599596738815308e-01,-2.220369279384613037e-01,1.398455053567886353e-01,-1.892799884080886841e-01,-3.539129793643951416e-01,-1.007831171154975891e-01,-6.996273994445800781e-02,-2.050964087247848511e-01,-2.904414832592010498e-01,-1.936546862125396729e-01
2.502312362194061279e-01,-7.363083213567733765e-02,0.000000000000000000e+00,4.616652429103851318e-01,-2.540802657604217529e-01,-8.481684327125549316e-02,6.556575894355773926e-01,-2.796255946159362793e-01,-4.736613035202026367e-01,-1.678325533866882324e-01,1.999013572931289673e-01,-3.379770815372467041e-01,3.254064321517944336e-01,-2.159438729286193848e-01,-4.242046549916267395e-02,-5.448920186609029770e-03,1.061882749199867249e-01,-2.007378498092293739e-03,7.938080281019210815e-02,-1.183794364333152771e-01,-7.591318339109420776e-02,3.571330383419990540e-02,6.602550148963928223e-01,6.741241812705993652e-01,2.612533271312713623e-01,-7.250907272100448608e-02,-3.638197779655456543e-01,-1.012185961008071899e-01,2.338892817497253418e-01,7.780478894710540771e-02,-2.325560599565505981e-01,-2.063782513141632080e-01,1.731133013963699341e-01,1.041993647813796997e-01,3.742154836654663086e-01,2.761376202106475830e-01,1.334187835454940796e-01,4.605320096015930176e-02,-9.384738653898239136e-02,-1.109009459614753723e-01,-8.405028283596038818e-02,2.769638225436210632e-02,2.309956550598144531e-01,1.662909425795078278e-02,-1.252953242510557175e-02,-4.674416407942771912e-02,-1.664404273033142090e-01,6.947926431894302368e-02,-2.233138829469680786e-01,-1.205511614680290222e-01,-6.440562009811401367e-02,-1.656199246644973755e-02,-3.888457715511322021e-01,1.984218209981918335e-01,-4.877113997936248779e-01,3.560956567525863647e-02,1.215051040053367615e-01,-2.743324637413024902e-01,2.638333477079868317e-02,-6.011924743652343750e-01,8.204977214336395264e-02,-4.697545468807220459e-01,-1.989326477050781250e-01,-4.172985553741455078e-01,3.884065151214599609e-01,1.132188364863395691e-01,3.618255853652954102e-01,1.818222701549530029e-01,1.508448570966720581e-01,2.839610911905765533e-02,-5.529176443815231323e-02,4.498431459069252014e-02,6.673375517129898071e-02,-3.290258720517158508e-02,2.227308005094528198e-01,6.947832554578781128e-02,1.914319396018981934e-01,1.884524375200271606e-01,8.755253255367279053e-02,2.649698853492736816e-01,-1.166366264224052429e-01,8.151292800903320312e-02,1.925565898418426514e-01,-1.471711397171020508e-01,-1.282744556665420532e-01,1.728294044733047485e-02,-2.645186185836791992e-01,-3.579864203929901123e-01,-3.675325214862823486e-01,-6.562031194334849715e-05,-1.218672990798950195e-01,1.558104902505874634e-01,-9.010932408273220062e-03,3.475150465965270996e-01,-8.323160000145435333e-03,-1.489036381244659424e-01,-1.324094533920288086e-01,-1.164129823446273804e-01,-4.323234856128692627e-01,-1.334470361471176147e-01,-4.040585160255432129e-01,8.982909470796585083e-02,-5.215675234794616699e-01,-4.914077222347259521e-01,-3.234605863690376282e-02,2.277425229549407959e-01,-2.031610608100891113e-01,-1.828764528036117554e-01,-2.641983516514301300e-02,4.993791878223419189e-02,9.348362684249877930e-03,3.838688135147094727e-02,2.901131212711334229e-01,4.755458794534206390e-03,3.134628236293792725e-01,-1.532197296619415283e-01
3.115863502025604248e-01,-1.195762604475021362e-01,4.616652429103851318e-01,0.000000000000000000e+00,-2.247056812047958374e-01,6.869956105947494507e-02,5.101398825645446777e-01,-2.781289815902709961e-02,-2.706797122955322266e-01,1.228397362865507603e-03,1.415014117956161499e-01,-2.539078891277313232e-01,5.507247149944305420e-02,-1.923724412918090820e-01,-1.576167047023773193e-01,-5.270534008741378784e-02,1.198711544275283813e-01,-7.821319997310638428e-02,3.139272928237915039e-01,-5.376015603542327881e-02,7.376561313867568970e-02,3.189036995172500610e-02,5.050231814384460449e-01,4.576630890369415283e-01,1.014480516314506531e-01,-1.130985096096992493e-01,-2.339058369398117065e-01,-1.874413341283798218e-02,9.670694172382354736e-02,-6.075954064726829529e-02,-7.322543859481811523e-02,-1.020733341574668884e-01,2.035074979066848755e-01,1.361390799283981323e-01,1.841949820518493652e-01,2.372646629810333252e-01,-9.276536852121353149e-02,-8.344474434852600098e-02,8.645152300596237183e-02,2.604394219815731049e-02,-1.663853675127029419e-01,-9.216795861721038818e-02,2.061689943075180054e-01,1.010780502110719681e-02,7.081022858619689941e-02,1.015252470970153809e-01,-4.460749775171279907e-02,-1.838138885796070099e-02,-1.744160354137420654e-01,-2.853424102067947388e-02,-1.053114756941795349e-01,5.798030272126197815e-02,-3.497629463672637939e-01,1.951708942651748657e-01,-4.345999062061309814e-01,1.504361033439636230e-01,2.426764219999313354e-01,-1.666531413793563843e-01,6.768704857677221298e-03,-3.420054614543914795e-01,9.289960376918315887e-03,-2.293388247489929199e-01,-8.292160183191299438e-02,-2.827750146389007568e-01,1.185884475708007812e-01,1.278642416000366211e-01,2.902602553367614746e-01,2.985128164291381836e-01,2.079304009675979614e-01,1.690313518047332764e-01,1.924107670783996582e-01,1.024544537067413330e-01,9.328636527061462402e-02,7.072267588227987289e-03,1.271542608737945557e-01,1.926302313804626465e-01,2.117851525545120239e-01,1.538679450750350952e-01,-2.382621634751558304e-03,2.412753850221633911e-01,-1.203005090355873108e-01,7.895033806562423706e-02,1.550028026103973389e-01,-1.067833974957466125e-02,-1.548375189304351807e-01,2.082425355911254883e-01,-2.139192819595336914e-01,-3.115707635879516602e-01,-4.493344426155090332e-01,1.999693661928176880e-01,-9.732443839311599731e-02,8.479384332895278931e-02,-1.153687015175819397e-01,2.630597651004791260e-01,-2.209164667874574661e-03,-3.954701125621795654e-02,-7.459335029125213623e-02,2.611676789820194244e-02,-1.696859598159790039e-01,-7.121749967336654663e-02,-3.370481431484222412e-01,8.739496022462844849e-02,-4.374642074108123779e-01,-3.104026615619659424e-01,-6.958809494972229004e-02,1.536688059568405151e-01,-1.963141858577728271e-01,-8.037687838077545166e-02,9.557040780782699585e-02,-8.549118787050247192e-02,-2.692492445930838585e-03,5.775199458003044128e-02,1.677449345588684082e-01,-9.218992665410041809e-03,2.645017802715301514e-01,-1.375487148761749268e-01
-5.522239953279495239e-02,3.139257133007049561e-01,-2.540802657604217529e-01,-2.247056812047958374e-01,0.000000000000000000e+00,2.371609359979629517e-01,-2.817894518375396729e-01,1.168699860572814941e-01,5.484626889228820801e-01,2.754640579223632812e-01,-2.622639574110507965e-02,1.923284530639648438e-01,-1.216167360544204712e-01,1.183510720729827881e-01,-6.651758681982755661e-03,-1.185968965291976929e-01,9.331946820020675659e-02,1.780785322189331055e-01,5.668406933546066284e-02,3.805849254131317139e-01,7.704318314790725708e-02,-1.426554657518863678e-02,-3.091333806514739990e-01,-3.691177368164062500e-01,-1.306257955729961395e-02,3.346914947032928467e-01,4.448502361774444580e-01,2.110675871372222900e-01,9.758069366216659546e-02,4.783008247613906860e-02,3.988639712333679199e-01,5.105667114257812500e-01,1.057645455002784729e-01,2.044735103845596313e-01,1.029465533792972565e-02,-4.976666718721389771e-02,1.516102403402328491e-01,8.814205974340438843e-02,1.150520816445350647e-01,4.520488530397415161e-02,2.695246040821075439e-01,1.282917559146881104e-01,-2.778938114643096924e-01,-4.511972423642873764e-03,-8.940502069890499115e-03,5.093379691243171692e-02,-3.197897225618362427e-02,-2.749260663986206055e-01,-7.102303206920623779e-02,-1.424770206212997437e-01,-2.452655285596847534e-01,-2.966891825199127197e-01,1.225324869155883789e-01,-4.130016267299652100e-01,2.060608565807342529e-01,-2.124659121036529541e-01,6.390816718339920044e-02,3.554446399211883545e-01,9.190795011818408966e-03,3.825953900814056396e-01,1.393986120820045471e-02,1.865289807319641113e-01,2.360643744468688965e-01,2.698673307895660400e-01,-2.127238921821117401e-02,-8.489591628313064575e-02,8.201711624860763550e-02,1.073618680238723755e-01,1.177622005343437195e-01,1.117247417569160461e-01,1.058865189552307129e-01,1.892881840467453003e-01,1.741487532854080200e-01,1.673674583435058594e-01,1.622530519962310791e-01,1.558149904012680054e-01,-2.613216340541839600e-01,-9.627915918827056885e-02,8.155401796102523804e-02,4.748869687318801880e-03,3.080707192420959473e-01,1.787707954645156860e-01,-3.174172341823577881e-01,6.424442678689956665e-02,2.751040160655975342e-01,5.568016320466995239e-02,2.829891741275787354e-01,4.925883412361145020e-01,3.743444681167602539e-01,-1.990257203578948975e-01,-9.895773231983184814e-02,-2.561391890048980713e-01,-1.944026648998260498e-01,-4.102730751037597656e-01,-2.499309480190277100e-01,-6.563398987054824829e-02,-1.097005754709243774e-01,-6.072017922997474670e-02,-1.635136082768440247e-02,-1.112712249159812927e-01,1.899230778217315674e-01,-2.273153215646743774e-01,3.913885951042175293e-01,3.426179587841033936e-01,-1.664320677518844604e-01,-2.892807722091674805e-01,-5.540774017572402954e-02,1.461293846368789673e-01,6.553169339895248413e-02,-1.123753413558006287e-01,-2.660180926322937012e-01,-2.357778251171112061e-01,-3.298462927341461182e-01,-1.781774014234542847e-01,-4.240112304687500000e-01,-1.285556796938180923e-02
4.182040318846702576e-02,-8.155836164951324463e-02,-8.481684327125549316e-02,6.869956105947494507e-02,2.371609359979629517e-01,0.000000000000000000e+00,-1.912661455571651459e-02,1.457916647195816040e-01,1.638758927583694458e-01,2.727338671684265137e-01,1.902639120817184448e-01,3.058347292244434357e-02,1.160530745983123779e-01,3.232517465949058533e-02,1.292671822011470795e-02,2.719723852351307869e-03,6.734283268451690674e-02,-1.117604132741689682e-02,7.370536029338836670e-02,6.849573459476232529e-03,2.954672463238239288e-02,1.041349098086357117e-01,3.427518159151077271e-02,-7.051092386245727539e-02,7.251498848199844360e-02,1.132250279188156128e-01,1.930193156003952026e-01,3.703805506229400635e-01,-1.521461759693920612e-03,-6.552886962890625000e-02,1.594912111759185791e-01,1.569270491600036621e-01,2.440844476222991943e-02,-7.311410270631313324e-03,-1.032297238707542419e-01,-1.858513653278350830e-01,2.340170927345752716e-02,-1.841221600770950317e-01,8.287532627582550049e-02,8.399065583944320679e-02,7.539619505405426025e-02,-5.000877007842063904e-02,-1.904238164424896240e-01,-1.409543305635452271e-01,-7.582400739192962646e-02,-1.703906208276748657e-01,-1.319307088851928711e-01,-1.320506632328033447e-01,-5.516718700528144836e-02,-1.700223833322525024e-01,-1.437534093856811523e-01,-1.248393654823303223e-01,-8.661180734634399414e-02,-1.506867408752441406e-01,1.265210006386041641e-02,8.407832123339176178e-03,1.007166653871536255e-01,1.633522287011146545e-02,-6.474941968917846680e-02,1.451953053474426270e-01,7.137848436832427979e-02,1.740007847547531128e-01,2.253834009170532227e-01,6.949471682310104370e-02,-5.579778552055358887e-02,7.724788784980773926e-02,-7.011673599481582642e-02,-5.932116508483886719e-02,4.173311218619346619e-02,-3.094777464866638184e-03,9.807199984788894653e-02,8.621228486299514771e-02,9.975408762693405151e-02,7.153447717428207397e-02,1.556466966867446899e-01,5.914182215929031372e-02,-1.117483675479888916e-01,-4.835227131843566895e-02,-1.555451601743698120e-01,-6.310238689184188843e-02,9.979177266359329224e-02,6.883028894662857056e-02,-3.747122734785079956e-02,1.803457178175449371e-02,1.066356897354125977e-01,6.574115902185440063e-02,9.682431071996688843e-02,2.020012885332107544e-01,5.005937814712524414e-02,8.453968912363052368e-02,-1.108720526099205017e-01,-8.630006015300750732e-02,-9.358967095613479614e-02,-1.756464838981628418e-01,5.449404940009117126e-02,6.306675076484680176e-02,-8.098919689655303955e-02,7.529646158218383789e-02,-6.237939745187759399e-02,-1.076289117336273193e-01,-3.652745112776756287e-02,-2.558166719973087311e-02,8.280738443136215210e-02,9.772971272468566895e-02,-6.073657795786857605e-02,-8.533398807048797607e-02,1.008174270391464233e-01,2.220825403928756714e-01,3.380228532478213310e-03,8.990698307752609253e-02,-2.306695654988288879e-02,-8.423390984535217285e-02,-1.267486214637756348e-01,-6.340481340885162354e-02,-9.001144021749496460e-02,5.849116668105125427e-02
3.277496397495269775e-01,-2.350522726774215698e-01,6.556575894355773926e-01,5.101398825645446777e-01,-2.817894518375396729e-01,-1.912661455571651459e-02,0.000000000000000000e+00,-1.109963431954383850e-01,-4.753574728965759277e-01,-9.596974402666091919e-02,3.083591163158416748e-01,-2.607024013996124268e-01,3.742969334125518799e-01,-1.722857356071472168e-01,-1.136297956109046936e-01,7.454814622178673744e-04,1.372565627098083496e-01,-8.357278257608413696e-02,1.303039789199829102e-01,-2.348853349685668945e-01,-4.599654302000999451e-02,9.765753149986267090e-02,6.643164753913879395e-01,6.003907322883605957e-01,1.590646803379058838e-01,-1.861368119716644287e-01,-3.347692191600799561e-01,-5.109857395291328430e-02,1.960462927818298340e-01,-2.962597412988543510e-03,-2.788209617137908936e-01,-2.616004347801208496e-01,1.220742985606193542e-01,6.514742504805326462e-03,2.352401465177536011e-01,7.722970098257064819e-02,2.879966981709003448e-02,-3.599512577056884766e-02,-8.382839709520339966e-02,-2.857044711709022522e-02,-1.184240207076072693e-01,-8.942998945713043213e-03,1.548932492733001709e-01,-1.066102683544158936e-01,-6.975648552179336548e-02,-1.556940376758575439e-01,-1.960621178150177002e-01,2.771914470940828323e-03,-2.120953798294067383e-01,-1.441542208194732666e-01,2.689235471189022064e-02,5.883609876036643982e-02,-4.378744363784790039e-01,2.625257968902587891e-01,-4.081223309040069580e-01,1.764733940362930298e-01,1.868907809257507324e-01,-3.450375795364379883e-01,2.049545347690582275e-01,-5.300710797309875488e-01,2.454269826412200928e-01,-3.217191398143768311e-01,-7.757522165775299072e-02,-3.532574176788330078e-01,2.743767499923706055e-01,1.330583393573760986e-01,2.505383193492889404e-01,1.230934634804725647e-01,1.148656606674194336e-01,-4.296195693314075470e-03,1.016203612089157104e-01,6.826483458280563354e-02,1.594884097576141357e-01,4.419438168406486511e-02,2.018634974956512451e-01,5.895304679870605469e-02,3.393045663833618164e-01,2.766388952732086182e-01,-3.166162595152854919e-02,2.336165755987167358e-01,-1.424339860677719116e-01,8.706432580947875977e-02,1.978999525308609009e-01,-1.259350329637527466e-01,-1.225103363394737244e-01,1.206913441419601440e-01,-3.277085125446319580e-01,-3.848784863948822021e-01,-4.000516831874847412e-01,2.175103127956390381e-01,-1.037171110510826111e-01,1.450117081403732300e-01,-3.971211262978613377e-04,3.918030858039855957e-01,4.322916641831398010e-02,-1.012085005640983582e-01,-1.526678800582885742e-01,-2.923788875341415405e-02,-3.034045994281768799e-01,-1.093022301793098450e-01,-4.580507576465606689e-01,2.074531912803649902e-01,-6.108234524726867676e-01,-4.363876283168792725e-01,-4.332340508699417114e-02,2.186568081378936768e-01,-2.244935035705566406e-01,-1.903085708618164062e-01,5.046707019209861755e-02,1.367342770099639893e-01,1.212270408868789673e-01,5.555364117026329041e-02,3.193992674350738525e-01,-1.288100238889455795e-02,3.425299823284149170e-01,-1.989085376262664795e-01
-1.983180344104766846e-01,2.261064052581787109e-01,-2.796255946159362793e-01,-2.781289815902709961e-02,1.168699860572814941e-01,1.457916647195816040e-01,-1.109963431954383850e-01,0.000000000000000000e+00,1.355340331792831421e-01,2.812086232006549835e-02,-1.189043894410133362e-01,5.407484769821166992e-01,-4.055973142385482788e-02,4.947513043880462646e-01,-8.079702034592628479e-03,1.473989337682723999e-01,-1.488715112209320068e-01,1.149393320083618164e-01,-1.799199134111404419e-01,1.651815026998519897e-01,-1.078801155090332031e-01,-3.886660560965538025e-02,-3.371026217937469482e-01,-1.647622585296630859e-01,-4.137136936187744141e-01,-6.264287978410720825e-02,-3.961176425218582153e-02,-3.699347376823425293e-02,-8.437696844339370728e-02,3.247505426406860352e-02,-3.680753335356712341e-02,4.840995371341705322e-02,9.851143695414066315e-03,1.825478374958038330e-01,-3.005463778972625732e-01,-2.675608396530151367e-01,-2.718199491500854492e-01,-2.180290520191192627e-01,1.485918764956295490e-03,-1.175420656800270081e-01,-8.248481154441833496e-02,4.457303881645202637e-02,-3.866185843944549561e-01,-2.339507937431335449e-01,-3.355187475681304932e-01,-1.077723726630210876e-01,7.244934886693954468e-02,-6.969432532787322998e-02,2.146539539098739624e-01,1.953646540641784668e-01,2.012280523777008057e-01,9.879498183727264404e-02,2.109260708093643188e-01,-2.124651893973350525e-02,2.127563059329986572e-01,2.278680168092250824e-02,-1.642562448978424072e-01,3.671144545078277588e-01,2.451849579811096191e-01,3.894474506378173828e-01,3.206313252449035645e-01,6.310713291168212891e-01,1.505659073591232300e-01,5.384429693222045898e-01,-3.430331647396087646e-01,-1.411099880933761597e-01,-4.004134237766265869e-01,-2.518288791179656982e-01,-1.768305301666259766e-01,5.413464084267616272e-02,2.064132541418075562e-01,7.080370932817459106e-02,1.396269202232360840e-01,1.741034835577011108e-01,-7.412809878587722778e-02,3.629890829324722290e-02,5.545507743954658508e-02,1.515509784221649170e-01,-8.076698333024978638e-02,-1.207936778664588928e-01,8.569003641605377197e-02,9.785644710063934326e-02,-1.324609518051147461e-01,1.714972022455185652e-04,5.645553767681121826e-02,-3.096005879342556000e-03,-6.706913560628890991e-02,1.289003640413284302e-01,2.355245798826217651e-01,-5.961510911583900452e-02,-4.978746641427278519e-03,-2.558395862579345703e-01,2.897451631724834442e-03,-2.952119112014770508e-01,-1.906729638576507568e-01,5.240355804562568665e-02,-5.039259791374206543e-02,-5.178061500191688538e-02,1.543077379465103149e-01,-4.047803580760955811e-02,2.863750159740447998e-01,-2.405290901660919189e-01,1.511198431253433228e-01,-6.755725480616092682e-03,2.208013756899163127e-04,-1.910174340009689331e-01,3.656435757875442505e-02,-1.110342592000961304e-01,1.391333788633346558e-01,-1.007208004593849182e-01,-2.310703545808792114e-01,-2.700833231210708618e-02,7.641941308975219727e-02,-9.029407799243927002e-02,-1.622806489467620850e-01,-3.542637452483177185e-02
-1.354893147945404053e-01,2.321066260337829590e-01,-4.736613035202026367e-01,-2.706797122955322266e-01,5.484626889228820801e-01,1.638758927583694458e-01,-4.753574728965759277e-01,1.355340331792831421e-01,0.000000000000000000e+00,2.554022967815399170e-01,-2.347956039011478424e-02,2.085936367511749268e-01,-2.006564736366271973e-01,5.996370688080787659e-02,2.828795276582241058e-02,-1.552660763263702393e-01,-5.412106961011886597e-02,7.067307829856872559e-02,5.776823312044143677e-02,2.894441485404968262e-01,3.045940212905406952e-02,-1.593650132417678833e-01,-4.740000367164611816e-01,-5.944678187370300293e-01,-9.565318375825881958e-02,2.240451574325561523e-01,4.358846545219421387e-01,1.990096271038055420e-01,-6.493509560823440552e-02,-2.172140171751379967e-03,5.331107974052429199e-01,5.108043551445007324e-01,9.449816495180130005e-02,1.049318537116050720e-01,-3.131280094385147095e-02,-1.779889687895774841e-02,-1.797473989427089691e-02,-6.628147512674331665e-02,1.258494108915328979e-01,5.691691115498542786e-02,1.766633987426757812e-01,3.160598874092102051e-02,-2.940232753753662109e-01,-2.987409196794033051e-02,6.350398063659667969e-02,1.104134321212768555e-01,-5.556602030992507935e-02,-3.667912185192108154e-01,-5.045004934072494507e-02,-6.681969016790390015e-02,-1.962607651948928833e-01,-2.372674196958541870e-01,2.080234438180923462e-01,-4.360757172107696533e-01,3.241562247276306152e-01,-1.885696947574615479e-01,3.364068921655416489e-03,3.577300608158111572e-01,-1.122212130576372147e-02,5.512192845344543457e-01,9.135311096906661987e-02,3.132062852382659912e-01,2.863750457763671875e-01,3.285445272922515869e-01,-2.648842521011829376e-02,5.356916412711143494e-02,2.660897932946681976e-02,1.436896175146102905e-01,4.255090281367301941e-02,6.915315240621566772e-02,1.721727401018142700e-01,2.340048253536224365e-01,5.887325480580329895e-02,1.100161075592041016e-01,1.403731876052916050e-03,1.053269505500793457e-01,-3.020669817924499512e-01,-1.724797487258911133e-01,-2.722752653062343597e-02,-8.466027677059173584e-02,1.458918005228042603e-01,9.144957363605499268e-02,-4.110089540481567383e-01,4.857319593429565430e-02,3.555686175823211670e-01,1.027650535106658936e-01,3.944050669670104980e-01,4.746700823307037354e-01,4.424679279327392578e-01,-1.048050224781036377e-01,-4.334536567330360413e-02,-2.241563200950622559e-01,-1.915352344512939453e-01,-4.907188415527343750e-01,-2.039434909820556641e-01,-6.448055803775787354e-02,-2.679554186761379242e-02,-2.356511168181896210e-02,1.852194964885711670e-01,1.333431806415319443e-02,3.255302906036376953e-01,-1.851595193147659302e-01,4.812566936016082764e-01,5.017439723014831543e-01,-1.758085191249847412e-01,-3.614041209220886230e-01,1.214767321944236755e-01,2.910665273666381836e-01,2.153809927403926849e-02,-2.137378305196762085e-01,-2.547121047973632812e-01,-2.384226769208908081e-01,-5.050085783004760742e-01,-1.920967549085617065e-01,-4.391900002956390381e-01,1.059930548071861267e-01
1.615971624851226807e-01,-7.776148617267608643e-03,-1.678325533866882324e-01,1.228397362865507603e-03,2.754640579223632812e-01,2.727338671684265137e-01,-9.596974402666091919e-02,2.812086232006549835e-02,2.554022967815399170e-01,0.000000000000000000e+00,9.850874543190002441e-02,-2.039885520935058594e-02,3.047188557684421539e-02,-1.477022189646959305e-02,8.099265396595001221e-03,1.059421300888061523e-01,2.755594253540039062e-02,6.186112295836210251e-03,2.185464948415756226e-01,3.066604956984519958e-02,1.346145421266555786e-01,-5.310230702161788940e-02,-5.953265354037284851e-02,-2.224515676498413086e-01,1.865120977163314819e-01,2.591224014759063721e-01,3.403457105159759521e-01,3.068652451038360596e-01,-5.378558114171028137e-02,-4.132075607776641846e-02,2.847802639007568359e-01,2.553988993167877197e-01,1.797304004430770874e-01,9.952261298894882202e-02,3.814422711730003357e-02,3.809875622391700745e-02,1.079305559396743774e-01,-8.894173055887222290e-02,1.258413642644882202e-01,1.708651334047317505e-01,1.217559874057769775e-01,3.580203652381896973e-02,-1.043835878372192383e-01,-1.988807320594787598e-01,-6.567035615444183350e-02,-2.637265715748071671e-03,-1.893875934183597565e-02,-2.158788740634918213e-01,-2.037581205368041992e-01,-1.657254844903945923e-01,-2.744014263153076172e-01,-2.132104784250259399e-01,-6.902568787336349487e-02,-1.371841281652450562e-01,7.393665611743927002e-02,1.690120846033096313e-01,2.236670851707458496e-01,1.382910758256912231e-01,-5.013613402843475342e-02,1.770483106374740601e-01,-2.666145749390125275e-02,5.204615741968154907e-02,1.063629090785980225e-01,-3.219605609774589539e-02,-3.199505805969238281e-02,4.407697543501853943e-02,1.153818070888519287e-01,1.390853077173233032e-01,1.772600263357162476e-01,1.406027972698211670e-01,1.777246147394180298e-01,1.876338720321655273e-01,9.991121292114257812e-02,9.996399283409118652e-02,1.426133364439010620e-01,1.564669609069824219e-01,-1.260606646537780762e-01,-9.526891261339187622e-02,6.510187685489654541e-02,1.188105270266532898e-01,4.274373874068260193e-03,8.521357923746109009e-02,-1.534215733408927917e-02,1.457217037677764893e-01,7.603314518928527832e-02,-1.350262388586997986e-02,2.688298523426055908e-01,2.575263381004333496e-01,3.244776651263237000e-02,1.967003941535949707e-01,-7.372504472732543945e-02,-7.142978161573410034e-02,-1.804654002189636230e-01,-7.464569807052612305e-02,-8.408299833536148071e-02,6.356558948755264282e-02,-7.129788398742675781e-02,9.120535850524902344e-02,-4.604332894086837769e-02,-4.804860055446624756e-02,-1.643772274255752563e-01,3.055215347558259964e-03,5.840248987078666687e-02,1.883540451526641846e-01,-7.498635351657867432e-02,9.073113091289997101e-03,-7.544744014739990234e-02,2.205583304166793823e-01,1.233849227428436279e-01,-4.131123423576354980e-02,-8.754764497280120850e-02,-2.234286814928054810e-01,-1.196435987949371338e-01,-9.212259948253631592e-02,-6.778737157583236694e-02,4.695710167288780212e-02
3.733553588390350342e-01,-1.432575583457946777e-01,1.999013572931289673e-01,1.415014117956161499e-01,-2.622639574110507965e-02,1.902639120817184448e-01,3.083591163158416748e-01,-1.189043894410133362e-01,-2.347956039011478424e-02,9.850874543190002441e-02,0.000000000000000000e+00,9.811764955520629883e-02,5.592306256294250488e-01,9.419959783554077148e-02,1.362469494342803955e-01,1.848059147596359253e-01,1.956976950168609619e-01,9.198718518018722534e-02,4.039998054504394531e-01,-5.823034048080444336e-02,-4.498249292373657227e-02,1.200227737426757812e-01,3.646240830421447754e-01,1.850044727325439453e-01,1.391176432371139526e-01,-2.178200893104076385e-02,6.334829330444335938e-02,1.782336980104446411e-01,1.664384305477142334e-01,1.502082645893096924e-01,1.511582136154174805e-01,1.183284595608711243e-01,2.483661323785781860e-01,8.319547772407531738e-02,1.235645711421966553e-01,-1.107362113543786108e-04,2.615685388445854187e-02,-1.937167495489120483e-01,-1.794257909059524536e-01,1.058780625462532043e-01,1.113485023379325867e-01,4.119237884879112244e-02,-6.627430766820907593e-02,-1.498318314552307129e-01,-1.312245577573776245e-01,-2.629206478595733643e-01,-2.496729642152786255e-01,-1.537519991397857666e-01,-2.069392353296279907e-01,-2.600382268428802490e-01,-8.199497312307357788e-02,-1.290667355060577393e-01,-2.885353267192840576e-01,-6.171861290931701660e-02,-1.445693820714950562e-01,1.944480538368225098e-01,3.250724673271179199e-01,-1.061038225889205933e-01,7.268802821636199951e-02,-1.699692755937576294e-01,3.548199534416198730e-01,-9.505414962768554688e-02,4.538242816925048828e-01,1.303661614656448364e-02,1.854438483715057373e-01,1.597935706377029419e-01,1.206555888056755066e-01,1.154129058122634888e-01,1.715576797723770142e-01,5.143755301833152771e-02,1.622095406055450439e-01,2.309472411870956421e-01,2.544791996479034424e-01,1.654595136642456055e-01,2.796714901924133301e-01,1.422185003757476807e-01,1.653716713190078735e-01,2.385757863521575928e-01,-1.831460148096084595e-01,3.249700069427490234e-01,-5.998890846967697144e-02,2.165289968252182007e-01,8.848399668931961060e-02,-2.038933336734771729e-02,1.821681410074234009e-01,2.528597712516784668e-01,3.621701896190643311e-02,1.206058710813522339e-01,-1.817943900823593140e-01,2.403347194194793701e-01,-1.981353014707565308e-01,-1.342463642358779907e-01,-2.364386618137359619e-01,-5.350150913000106812e-02,-5.409983173012733459e-02,-2.246080636978149414e-01,-2.777306735515594482e-01,1.079951506108045578e-02,-2.076949477195739746e-01,-1.854022145271301270e-01,-3.361274003982543945e-01,7.884652167558670044e-02,-3.066199123859405518e-01,-5.394930765032768250e-02,-2.645511627197265625e-01,-1.084547787904739380e-01,-1.780591905117034912e-01,1.387557983398437500e-01,-2.759089134633541107e-02,8.005837351083755493e-02,2.419025637209415436e-02,-2.429536730051040649e-01,-7.784036546945571899e-02,-9.836980700492858887e-02,1.125318557024002075e-01,-2.281026095151901245e-01
-1.824038773775100708e-01,3.708886802196502686e-01,-3.379770815372467041e-01,-2.539078891277313232e-01,1.923284530639648438e-01,3.058347292244434357e-02,-2.607024013996124268e-01,5.407484769821166992e-01,2.085936367511749268e-01,-2.039885520935058594e-02,9.811764955520629883e-02,0.000000000000000000e+00,1.600660830736160278e-01,6.357236504554748535e-01,2.314904630184173584e-01,2.498795241117477417e-01,-6.738281995058059692e-02,3.034136593341827393e-01,-1.046895608305931091e-01,2.374198436737060547e-01,-8.142542839050292969e-02,1.683552935719490051e-02,-3.553279042243957520e-01,-1.893774271011352539e-01,-2.559332847595214844e-01,1.025686338543891907e-01,1.194972023367881775e-01,9.984971024096012115e-03,7.836101204156875610e-02,2.627590298652648926e-01,1.058408468961715698e-01,1.950574964284896851e-01,1.937801204621791840e-02,2.011845111846923828e-01,-2.704499661922454834e-01,-2.399887442588806152e-01,-1.356498003005981445e-01,-1.323737353086471558e-01,-5.841761454939842224e-02,-1.080831363797187805e-01,6.827633082866668701e-02,1.092630475759506226e-01,-3.479400575160980225e-01,-9.443784505128860474e-02,-2.534295916557312012e-01,-1.221740320324897766e-01,8.227003365755081177e-02,-2.957672998309135437e-02,2.211283743381500244e-01,2.950373664498329163e-02,1.530863642692565918e-01,-8.452596515417098999e-02,2.750805914402008057e-01,-1.985244154930114746e-01,3.365995883941650391e-01,-2.466347441077232361e-02,-1.327441483736038208e-01,4.232298433780670166e-01,1.313739120960235596e-01,3.526324927806854248e-01,3.023085296154022217e-01,5.025849342346191406e-01,3.048651516437530518e-01,6.457504630088806152e-01,-2.373021692037582397e-01,-2.180521339178085327e-01,-3.865273594856262207e-01,-2.630654275417327881e-01,-1.148444637656211853e-01,9.704095870256423950e-02,1.617606580257415771e-01,1.418748348951339722e-01,2.551010251045227051e-01,2.890594303607940674e-01,1.511298120021820068e-02,5.626565217971801758e-02,1.174607202410697937e-01,2.292473018169403076e-01,-6.609916687011718750e-02,-9.958746843039989471e-03,1.397928446531295776e-01,1.695940196514129639e-01,-1.628049015998840332e-01,4.272238910198211670e-02,1.703609973192214966e-01,-4.040736332535743713e-02,1.578432172536849976e-01,3.059724867343902588e-01,3.678424656391143799e-01,-2.197835743427276611e-01,-6.186701729893684387e-02,-4.393789768218994141e-01,-1.351770311594009399e-01,-4.997984170913696289e-01,-2.255741059780120850e-01,-5.843655019998550415e-02,-9.778616577386856079e-02,-8.265586942434310913e-02,8.504311740398406982e-02,-1.624455153942108154e-01,2.753854095935821533e-01,-4.029591381549835205e-01,2.240512520074844360e-01,4.177886247634887695e-02,-1.227918788790702820e-01,-3.902216255664825439e-01,-4.248202219605445862e-02,-1.077383905649185181e-01,7.759302109479904175e-02,-5.183591693639755249e-02,-2.114382386207580566e-01,-1.537443846464157104e-01,-9.612821787595748901e-02,-1.354528665542602539e-01,-2.262531816959381104e-01,-1.900267153978347778e-01
2.529063522815704346e-01,-4.631751030683517456e-02,3.254064321517944336e-01,5.507247149944305420e-02,-1.216167360544204712e-01,1.160530745983123779e-01,3.742969334125518799e-01,-4.055973142385482788e-02,-2.006564736366271973e-01,3.047188557684421539e-02,5.592306256294250488e-01,1.600660830736160278e-01,0.000000000000000000e+00,2.234219163656234741e-01,2.254284024238586426e-01,3.235492110252380371e-01,9.354756027460098267e-02,1.327113807201385498e-01,1.904947757720947266e-01,-7.617664337158203125e-02,-1.526656299829483032e-01,1.249817982316017151e-01,4.294329881668090820e-01,3.302030265331268311e-01,1.299501955509185791e-01,-8.663281053304672241e-02,-1.132602766156196594e-01,7.881410419940948486e-02,1.222538575530052185e-01,1.108215153217315674e-01,-9.277695417404174805e-02,-8.473292738199234009e-02,1.676188409328460693e-01,3.170577064156532288e-02,1.093657761812210083e-01,-8.586112409830093384e-02,6.859038770198822021e-02,-1.116735413670539856e-01,-2.172063291072845459e-01,1.076853089034557343e-02,3.585301339626312256e-03,1.628431677818298340e-01,-6.717067956924438477e-02,-1.659459024667739868e-01,-2.233057767152786255e-01,-3.747400641441345215e-01,-2.083283662796020508e-01,-2.054212614893913269e-02,-1.148824691772460938e-01,-2.090936601161956787e-01,5.506853759288787842e-02,-5.666655674576759338e-02,-2.569612562656402588e-01,9.505752474069595337e-02,-1.450789272785186768e-01,1.612861603498458862e-01,1.636248975992202759e-01,-9.124390780925750732e-02,7.702326029539108276e-02,-3.276124298572540283e-01,4.052937030792236328e-01,-1.347656697034835815e-01,2.995050251483917236e-01,1.858300715684890747e-02,2.257816493511199951e-01,-1.529337372630834579e-03,-3.239431232213973999e-02,-1.617097258567810059e-01,6.932069361209869385e-02,-9.347075829282402992e-04,9.732437878847122192e-02,1.549027711153030396e-01,2.834574878215789795e-01,1.717711240053176880e-01,3.045023679733276367e-01,8.367820084095001221e-02,2.606470286846160889e-01,2.868124246597290039e-01,-1.318606883287429810e-01,2.061567306518554688e-01,-5.219518393278121948e-02,1.966850310564041138e-01,9.876841306686401367e-02,-5.405166745185852051e-02,1.482943296432495117e-01,1.021222025156021118e-01,-1.053136065602302551e-01,3.545340150594711304e-02,-1.234451085329055786e-01,1.249772533774375916e-01,-2.098385989665985107e-01,-9.639544039964675903e-02,-1.547648906707763672e-01,-5.808765999972820282e-04,8.614024147391319275e-03,-2.002923637628555298e-01,-1.649975031614303589e-01,-9.755828231573104858e-02,-2.712515890598297119e-01,-1.804103702306747437e-01,-3.289684653282165527e-01,2.554204314947128296e-02,-3.639386296272277832e-01,-2.670066058635711670e-01,-1.767468750476837158e-01,-4.080131277441978455e-02,-1.387412548065185547e-01,-9.261327981948852539e-02,-5.390670150518417358e-02,1.267897486686706543e-01,2.845268696546554565e-02,-1.369300484657287598e-01,1.168661937117576599e-01,-1.182861067354679108e-02,1.699493676424026489e-01,-2.449762523174285889e-01
