0.000000000000000000e+00,6.973515748977661133e-01,4.284442067146301270e-01,3.627707064151763916e-02,-3.422914072871208191e-02,-2.348712384700775146e-01,2.256562113761901855e-01,7.788578420877456665e-02,1.479354798793792725e-01,-2.863660156726837158e-01,5.377979874610900879e-01,3.609521389007568359e-01,1.608771383762359619e-01,-2.820867672562599182e-02,-1.926796585321426392e-01,-2.664904892444610596e-01,4.308395385742187500e-01,4.528033137321472168e-01,5.127433538436889648e-01,6.336934566497802734e-01,-1.905493587255477905e-01,-6.013810262084007263e-02,1.826170273125171661e-02,-9.052947163581848145e-03,-1.522791385650634766e-01,2.559809945523738861e-02,1.262212693691253662e-01,1.098129600286483765e-01,6.339920312166213989e-02,7.712971419095993042e-02,3.487283885478973389e-01,1.555979996919631958e-01,4.162812530994415283e-01,4.730397462844848633e-01,4.169532656669616699e-01,2.875911593437194824e-01,2.482056617736816406e-01,-2.380133718252182007e-01,3.412855416536331177e-02,-8.273834735155105591e-02,1.231227517127990723e-01,-2.408018857240676880e-01,-1.313270479440689087e-01,-7.290019094944000244e-02,-1.846931725740432739e-01,-3.600569441914558411e-02,-1.214444264769554138e-01,-2.448333799839019775e-01,-1.334228515625000000e-01,-2.198631614446640015e-01,-1.555183082818984985e-01,-3.045023381710052490e-01,-1.560055911540985107e-01,-2.856134772300720215e-01,1.819133758544921875e-01,1.081570237874984741e-01,4.687894880771636963e-01,5.129240751266479492e-01,3.145976960659027100e-01,2.904407978057861328e-01,2.860546708106994629e-01,9.030749648809432983e-02,3.464823365211486816e-01,4.017977416515350342e-01,1.500791758298873901e-01,-2.284540086984634399e-01,3.784214854240417480e-01,3.708759844303131104e-01,5.830482244491577148e-01,3.773324489593505859e-01,2.812871932983398438e-01,-5.601061508059501648e-02,2.090649902820587158e-01,2.737269997596740723e-01,3.514101505279541016e-01,2.722987532615661621e-02,3.271604776382446289e-01,3.827484250068664551e-01,2.572972178459167480e-01,7.101216167211532593e-02,3.969334959983825684e-01,-3.670940548181533813e-02,5.872600153088569641e-02,-2.130127549171447754e-01,3.293640017509460449e-01,-4.373619854450225830e-01,8.621525019407272339e-02,-1.410767734050750732e-01,2.874144911766052246e-01,-2.843251228332519531e-01,-1.330758631229400635e-01,-4.777499735355377197e-01,-1.829425990581512451e-01,-2.928960919380187988e-01,4.310078918933868408e-02,-2.082722336053848267e-01,-5.895783007144927979e-02,2.970150485634803772e-02,6.539775431156158447e-02,5.565289407968521118e-02,2.338652610778808594e-01,1.795032247900962830e-02,1.794634908437728882e-01,1.271581053733825684e-01,1.485090851783752441e-01,-8.472352474927902222e-02,1.461687088012695312e-01,-1.444395445287227631e-02,-4.099515452980995178e-02,2.194064669311046600e-02,3.096845233812928200e-03,7.532104104757308960e-02,2.044894546270370483e-01,5.832483991980552673e-02,-6.586536020040512085e-02,-1.545769125223159790e-01
6.973515748977661133e-01,0.000000000000000000e+00,3.929949700832366943e-01,1.019666120409965515e-01,-1.356631368398666382e-01,-2.686316072940826416e-01,3.571516573429107666e-01,1.232652664184570312e-01,9.639106690883636475e-02,-2.272310554981231689e-01,5.265606641769409180e-01,4.209100604057312012e-01,2.025067806243896484e-01,5.870366841554641724e-02,-2.574009895324707031e-01,-2.648831009864807129e-01,5.051031708717346191e-01,4.492732584476470947e-01,5.263704061508178711e-01,6.754325032234191895e-01,-1.627407968044281006e-01,-8.471623063087463379e-02,1.429968625307083130e-01,-1.057175453752279282e-02,-1.123941019177436829e-01,1.695569008588790894e-01,5.063479766249656677e-02,6.481415778398513794e-02,1.640602201223373413e-01,4.432300850749015808e-02,3.486486971378326416e-01,2.373158633708953857e-01,4.206736981868743896e-01,5.095807909965515137e-01,3.954883813858032227e-01,1.850506961345672607e-01,2.609447240829467773e-01,-2.898363471031188965e-01,1.763131469488143921e-02,-1.463294476270675659e-01,1.793915033340454102e-01,-1.989261358976364136e-01,-1.002121493220329285e-01,-4.299568757414817810e-02,-2.349237650632858276e-01,-2.078715898096561432e-02,-1.624862700700759888e-01,-2.915552854537963867e-01,-1.549343615770339966e-01,-1.571370810270309448e-01,-1.506892740726470947e-01,-1.937877684831619263e-01,-2.224329262971878052e-01,-2.818883955478668213e-01,1.405856758356094360e-02,-2.987630479037761688e-02,4.860611557960510254e-01,7.067113518714904785e-01,3.161002397537231445e-01,3.178730010986328125e-01,2.870690524578094482e-01,1.969772428274154663e-01,4.202192425727844238e-01,5.133491754531860352e-01,1.506286263465881348e-01,-6.074583157896995544e-02,4.015265405178070068e-01,2.975937128067016602e-01,5.415591001510620117e-01,3.351335227489471436e-01,1.909522861242294312e-01,-3.683852031826972961e-02,3.117312490940093994e-01,3.004309833049774170e-01,3.341802060604095459e-01,-8.676324039697647095e-03,2.444744706153869629e-01,4.478850662708282471e-01,1.539182066917419434e-01,3.451254963874816895e-01,2.831974029541015625e-01,1.567591130733489990e-01,-3.239427227526903152e-03,-2.219904512166976929e-01,7.612128555774688721e-02,-1.914691030979156494e-01,-3.161230683326721191e-02,-1.553100049495697021e-01,1.985391415655612946e-02,-1.648428887128829956e-01,-3.455649018287658691e-01,-3.595289587974548340e-01,-1.791810691356658936e-01,-2.369851768016815186e-01,9.499676525592803955e-02,-1.271376162767410278e-01,-9.297552704811096191e-02,1.008014231920242310e-01,-7.316415011882781982e-02,-6.768669188022613525e-02,1.048809736967086792e-01,2.425742149353027344e-02,1.062182039022445679e-01,9.673351794481277466e-02,7.580558955669403076e-02,-1.317941676825284958e-02,4.910786449909210205e-02,-4.601591452956199646e-02,2.891640178859233856e-02,6.428363919258117676e-02,-7.333749532699584961e-02,-2.003080584108829498e-02,1.100452467799186707e-01,-7.758380472660064697e-02,6.308523472398519516e-03,-7.604523748159408569e-02
4.284442067146301270e-01,3.929949700832366943e-01,0.000000000000000000e+00,-1.289304643869400024e-01,3.039667308330535889e-01,-1.952973157167434692e-01,2.865961790084838867e-01,-3.121498525142669678e-01,2.656500935554504395e-01,-7.994680851697921753e-02,1.596311032772064209e-01,1.178770810365676880e-01,1.389203965663909912e-01,-2.018249779939651489e-02,1.864638328552246094e-01,2.069006860256195068e-01,1.339071094989776611e-01,9.883232414722442627e-02,3.857339620590209961e-01,2.988219857215881348e-01,-4.617117717862129211e-02,1.094995141029357910e-01,7.690755650401115417e-03,5.108201503753662109e-01,-4.331887140870094299e-02,-3.237270750105381012e-03,2.668257653713226318e-01,3.557078540325164795e-01,5.650985985994338989e-02,-5.689905956387519836e-03,3.979794085025787354e-01,3.695778846740722656e-01,2.341829389333724976e-01,1.725048124790191650e-01,3.985249698162078857e-01,3.295801579952239990e-01,2.281790673732757568e-01,1.898549497127532959e-01,2.349493354558944702e-01,2.305370718240737915e-01,-2.533040381968021393e-02,1.369505841284990311e-02,-4.392243027687072754e-01,-2.668580412864685059e-01,-3.222907185554504395e-01,-3.777931332588195801e-01,-3.617748022079467773e-01,-3.748679161071777344e-01,-4.215746223926544189e-01,-4.553265273571014404e-01,-4.883435368537902832e-01,-4.949993491172790527e-01,-5.163006186485290527e-01,-4.949945509433746338e-01,2.480871975421905518e-01,2.987108230590820312e-01,-8.596677333116531372e-03,2.084134072065353394e-01,-1.656385213136672974e-01,-3.570671426132321358e-03,-1.716992855072021484e-01,-9.993560612201690674e-02,2.761825323104858398e-01,1.914247870445251465e-01,1.300357580184936523e-01,-2.922355830669403076e-01,3.358240425586700439e-01,3.199183642864227295e-01,2.717649638652801514e-01,-2.872485853731632233e-02,4.948929548263549805e-01,3.034052848815917969e-01,6.503463536500930786e-02,-1.365122348070144653e-01,2.918819189071655273e-01,-2.779926545917987823e-02,3.701305985450744629e-01,3.642779588699340820e-01,-6.597471237182617188e-02,9.950417280197143555e-02,5.669165402650833130e-02,-4.237918183207511902e-02,2.389295697212219238e-01,2.226110398769378662e-01,1.240892112255096436e-01,-1.949836611747741699e-01,3.610697686672210693e-01,2.930116951465606689e-01,-2.975738840177655220e-03,5.709588900208473206e-02,-2.488363385200500488e-01,-2.765979170799255371e-01,-4.320925474166870117e-01,-3.017539717257022858e-02,1.165468320250511169e-01,-5.365325137972831726e-02,-1.248176917433738708e-01,1.640891581773757935e-01,3.338801562786102295e-01,2.882126271724700928e-01,1.831630766391754150e-01,2.811166048049926758e-01,3.941129148006439209e-01,3.840467631816864014e-01,9.876116365194320679e-02,1.644242107868194580e-01,3.811793327331542969e-01,2.631000876426696777e-01,-5.633585900068283081e-02,-1.236105412244796753e-01,-9.574712812900543213e-02,1.594446301460266113e-01,3.741766810417175293e-01,-1.278195530176162720e-01,-2.265411913394927979e-01,-2.603114843368530273e-01
3.627707064151763916e-02,1.019666120409965515e-01,-1.289304643869400024e-01,0.000000000000000000e+00,-7.015076875686645508e-01,1.154060214757919312e-01,5.121539235115051270e-01,7.517935633659362793e-01,-4.793973565101623535e-01,6.682340800762176514e-02,1.526824831962585449e-01,1.839009076356887817e-01,3.973004221916198730e-01,5.061992406845092773e-01,-2.045045346021652222e-01,-4.337629377841949463e-01,-1.631246954202651978e-01,-9.050506353378295898e-02,-1.938716769218444824e-01,6.566904485225677490e-02,-1.111698597669601440e-01,-4.004523754119873047e-01,6.400094032287597656e-01,-2.681798636913299561e-01,4.358911514282226562e-02,1.636649817228317261e-01,-6.455591917037963867e-01,-6.643546223640441895e-01,-1.616046279668807983e-01,9.294748306274414062e-03,-3.922783732414245605e-01,-1.414833813905715942e-01,1.054335758090019226e-01,2.216848582029342651e-01,-2.175600826740264893e-01,-3.610415756702423096e-01,-3.534005284309387207e-01,-5.739791989326477051e-01,-6.055570244789123535e-01,-5.308567285537719727e-01,-2.459355816245079041e-02,-3.508611917495727539e-01,6.172221302986145020e-01,4.084811806678771973e-01,4.119032323360443115e-01,5.852540135383605957e-01,5.253987312316894531e-01,2.473899871110916138e-01,5.377106666564941406e-01,6.143073439598083496e-01,6.402326822280883789e-01,6.083987951278686523e-01,5.638393163681030273e-01,4.232406318187713623e-01,-5.479750037193298340e-01,-6.496208906173706055e-01,3.887596726417541504e-01,9.582173079252243042e-02,3.454152345657348633e-01,7.057453505694866180e-03,4.603909552097320557e-01,2.260624021291732788e-01,-3.611733019351959229e-01,-2.872706949710845947e-01,1.416251063346862793e-01,3.404561579227447510e-01,-1.451132595539093018e-01,-4.474490582942962646e-01,-4.699198994785547256e-03,1.461816877126693726e-01,-3.342877626419067383e-01,-3.862428292632102966e-02,1.068693920969963074e-01,2.243774235248565674e-01,-1.397432535886764526e-01,-3.942426294088363647e-02,-1.275487244129180908e-01,-2.313210070133209229e-01,3.184441924095153809e-01,6.173687428236007690e-02,6.712827365845441818e-03,2.360998466610908508e-02,-4.315189421176910400e-01,-5.754230022430419922e-01,9.212614037096500397e-03,-4.815115407109260559e-02,-5.837547779083251953e-01,-7.342730164527893066e-01,-1.965354979038238525e-01,-5.541876554489135742e-01,1.265276223421096802e-01,2.050997689366340637e-02,5.505393147468566895e-01,-1.487981230020523071e-01,-3.383807241916656494e-01,-1.055356189608573914e-01,-3.589766919612884521e-01,-5.080325007438659668e-01,-6.637907624244689941e-01,-6.423075795173645020e-01,-3.605538308620452881e-01,-5.909432172775268555e-01,-6.685244441032409668e-01,-6.792192459106445312e-01,-2.956233918666839600e-01,-1.634982675313949585e-01,-5.441845655441284180e-01,-6.960192918777465820e-01,-4.200695082545280457e-02,1.010115519165992737e-01,-2.233355939388275146e-01,-4.536418616771697998e-01,-5.604614019393920898e-01,3.720180094242095947e-01,6.096127033233642578e-01,2.450680732727050781e-01
-3.422914072871208191e-02,-1.356631368398666382e-01,3.039667308330535889e-01,-7.015076875686645508e-01,0.000000000000000000e+00,4.249221459031105042e-02,-3.544506132602691650e-01,-6.581153869628906250e-01,5.820525884628295898e-01,1.929450966417789459e-02,-2.565726935863494873e-01,-2.399861365556716919e-01,-2.826825678348541260e-01,-3.892713189125061035e-01,3.081409037113189697e-01,5.243073105812072754e-01,3.422236070036888123e-02,-4.696778953075408936e-02,1.186965703964233398e-01,-8.683011680841445923e-02,2.042897641658782959e-01,4.922409653663635254e-01,-5.534789562225341797e-01,4.714259803295135498e-01,1.780538707971572876e-01,3.898431360721588135e-02,6.131083369255065918e-01,6.826698184013366699e-01,1.494093835353851318e-01,2.840092871338129044e-03,4.627789855003356934e-01,3.051875233650207520e-01,-1.498845070600509644e-01,-1.929426640272140503e-01,1.869227737188339233e-01,3.499693870544433594e-01,2.939305901527404785e-01,6.111150979995727539e-01,5.412267446517944336e-01,5.235586762428283691e-01,-6.570416968315839767e-03,3.036809563636779785e-01,-6.256667971611022949e-01,-4.043572247028350830e-01,-3.964580595493316650e-01,-6.372308135032653809e-01,-5.265685915946960449e-01,-2.887772917747497559e-01,-5.443395972251892090e-01,-6.162469983100891113e-01,-6.427192687988281250e-01,-6.024486422538757324e-01,-6.233471035957336426e-01,-5.464491844177246094e-01,4.935138225555419922e-01,6.424805521965026855e-01,-5.194873809814453125e-01,-2.351475059986114502e-01,-4.971645772457122803e-01,-2.067226916551589966e-01,-5.747407674789428711e-01,-2.408256977796554565e-01,2.533041238784790039e-01,1.976660639047622681e-01,-1.355743855237960815e-01,-2.334216237068176270e-01,1.183858215808868408e-01,4.218748211860656738e-01,-1.330927014350891113e-01,-2.796515822410583496e-01,4.799630939960479736e-01,1.322549432516098022e-01,-6.967026740312576294e-02,-2.147113233804702759e-01,1.777374297380447388e-01,-4.635683074593544006e-02,1.728571653366088867e-01,1.889958977699279785e-01,-2.488627135753631592e-01,-1.527892500162124634e-01,-1.976580545306205750e-02,-1.287240386009216309e-01,4.565488100051879883e-01,5.894367098808288574e-01,1.902243494987487793e-02,-5.805536638945341110e-03,5.748025178909301758e-01,7.322424054145812988e-01,1.204854846000671387e-01,4.347653985023498535e-01,-1.546021550893783569e-01,-5.981126055121421814e-02,-5.581659674644470215e-01,1.556618213653564453e-01,2.407697141170501709e-01,1.730929017066955566e-01,2.084279358386993408e-01,4.461162090301513672e-01,6.319701671600341797e-01,6.318169236183166504e-01,4.149036705493927002e-01,6.094685196876525879e-01,6.820950508117675781e-01,6.644584536552429199e-01,2.490513771772384644e-01,1.339193433523178101e-01,6.127271652221679688e-01,6.180934906005859375e-01,8.170893788337707520e-02,-1.041442081332206726e-01,9.887368977069854736e-02,3.720711171627044678e-01,5.617823600769042969e-01,-3.773893117904663086e-01,-6.181317567825317383e-01,-2.170753926038742065e-01
-2.348712384700775146e-01,-2.686316072940826416e-01,-1.952973157167434692e-01,1.154060214757919312e-01,4.249221459031105042e-02,0.000000000000000000e+00,-1.194946244359016418e-01,-7.248692214488983154e-02,-7.692333310842514038e-02,3.064422607421875000e-01,-3.074979186058044434e-01,2.763480134308338165e-02,1.108054518699645996e-01,2.005245536565780640e-01,3.633069097995758057e-01,3.161438107490539551e-01,-2.679343521595001221e-01,-3.693591952323913574e-01,-3.080658018589019775e-01,-3.882122933864593506e-01,-2.615818381309509277e-02,-1.049647033214569092e-01,-8.551584929227828979e-02,7.024429738521575928e-02,3.509224951267242432e-01,2.629873454570770264e-01,-1.437225043773651123e-01,-5.974142625927925110e-02,-1.988712139427661896e-02,-7.764380425214767456e-02,-1.012665331363677979e-01,-1.507173776626586914e-01,-2.529332637786865234e-01,-1.755173504352569580e-01,-1.926385611295700073e-01,-6.022749096155166626e-02,-2.405714094638824463e-01,5.693971738219261169e-02,-9.142577764578163624e-04,6.713917851448059082e-02,-2.464580833911895752e-01,1.874554902315139771e-02,-1.181563083082437515e-02,-4.817374795675277710e-02,1.788656227290630341e-03,-5.738802254199981689e-02,-3.582544997334480286e-02,-2.442023344337940216e-02,-1.143582090735435486e-01,6.050504744052886963e-02,-2.182088792324066162e-02,1.010848879814147949e-01,-2.027424238622188568e-02,2.581681869924068451e-02,4.620452225208282471e-02,1.610157452523708344e-02,-2.715846002101898193e-01,-2.128382921218872070e-01,-2.450549155473709106e-01,-3.495603799819946289e-01,-2.435562908649444580e-01,-8.170454949140548706e-02,-1.329994350671768188e-01,-1.552071869373321533e-01,-7.255016267299652100e-02,1.495832353830337524e-01,-2.768919169902801514e-01,-2.055648416280746460e-01,-4.023514389991760254e-01,-2.223045676946640015e-01,2.240018546581268311e-02,2.394392639398574829e-01,-3.139824792742729187e-02,-6.308215856552124023e-02,-6.309717893600463867e-02,1.592216640710830688e-01,-1.466988325119018555e-01,-1.511885374784469604e-01,-6.360673159360885620e-02,-1.801844388246536255e-01,-2.269544750452041626e-01,-6.185899674892425537e-02,-6.478131562471389771e-02,1.842059195041656494e-01,-1.004469171166419983e-01,1.027600690722465515e-01,6.333887577056884766e-02,1.190991373732686043e-03,-8.332952111959457397e-02,7.293213158845901489e-02,-2.621892280876636505e-02,1.537430137395858765e-01,-1.862666383385658264e-02,-1.632034592330455780e-02,-1.566489189863204956e-01,-2.158626355230808258e-02,-1.763640902936458588e-02,-7.640247792005538940e-02,2.165348967537283897e-03,1.342965383082628250e-02,-7.958041131496429443e-02,8.887272328138351440e-02,-1.313166506588459015e-02,1.436547935009002686e-02,-6.660074740648269653e-02,1.378170847892761230e-01,1.944054290652275085e-02,9.484351426362991333e-02,-8.054917305707931519e-02,-1.549197137355804443e-01,-1.582296490669250488e-01,1.042508520185947418e-02,-1.788056828081607819e-02,-6.191403791308403015e-02,-5.769720673561096191e-02,1.523492932319641113e-01
2.256562113761901855e-01,3.571516573429107666e-01,2.865961790084838867e-01,5.121539235115051270e-01,-3.544506132602691650e-01,-1.194946244359016418e-01,0.000000000000000000e+00,4.435634613037109375e-01,-1.363054811954498291e-01,6.076644640415906906e-03,3.161193430423736572e-01,2.616935968399047852e-01,5.589007735252380371e-01,3.557472229003906250e-01,-1.374307870864868164e-01,-2.005405426025390625e-01,7.506129145622253418e-02,-1.061081662774085999e-01,1.759768724441528320e-01,1.723770648241043091e-01,-1.753500998020172119e-01,-1.925056725740432739e-01,5.443322062492370605e-01,8.554159104824066162e-02,4.341155290603637695e-02,1.139347851276397705e-01,-3.174946606159210205e-01,-2.523169517517089844e-01,8.191090077161788940e-02,-4.802874848246574402e-02,-1.640744321048259735e-02,2.235683798789978027e-01,3.806543648242950439e-01,3.517569005489349365e-01,5.780145525932312012e-02,-1.539953500032424927e-01,-1.322737634181976318e-01,-2.792755067348480225e-01,-3.343239724636077881e-01,-2.176346480846405029e-01,9.975393116474151611e-02,-1.438574045896530151e-01,2.389833927154541016e-01,2.271861135959625244e-01,1.131020560860633850e-01,2.720410823822021484e-01,1.211143508553504944e-01,3.326521068811416626e-02,2.147113382816314697e-01,2.380060851573944092e-01,1.934282183647155762e-01,3.007512688636779785e-01,6.053647398948669434e-02,7.486152648925781250e-02,-3.748621046543121338e-01,-3.475688099861145020e-01,3.440392017364501953e-01,3.337054252624511719e-01,2.802297174930572510e-01,7.762198150157928467e-02,3.558720946311950684e-01,3.489738404750823975e-01,-7.686896622180938721e-02,-4.952344670891761780e-02,1.519868075847625732e-01,1.896667480468750000e-01,2.283014506101608276e-01,-1.763444244861602783e-01,1.531192958354949951e-01,9.464575350284576416e-02,1.130002290010452271e-01,1.007946953177452087e-01,1.830083429813385010e-01,1.626301407814025879e-01,-5.182475969195365906e-02,1.297438237816095352e-02,1.102382764220237732e-01,1.365492343902587891e-01,1.315189152956008911e-01,3.025715947151184082e-01,-2.083708532154560089e-02,2.243633866310119629e-01,-2.390529960393905640e-01,-2.486776858568191528e-01,-1.348174363374710083e-01,8.226228505373001099e-02,-3.410974740982055664e-01,-3.132752776145935059e-01,-3.536094427108764648e-01,-2.471401542425155640e-01,-2.950010299682617188e-01,-6.716317683458328247e-02,7.288396358489990234e-02,-9.400571137666702271e-02,-1.889673620462417603e-01,-9.594395011663436890e-02,-4.109996855258941650e-01,-2.257471978664398193e-01,-3.576972484588623047e-01,-3.753301501274108887e-01,-2.546761631965637207e-01,-2.664946615695953369e-01,-3.250226676464080811e-01,-3.097223341464996338e-01,-2.974897623062133789e-01,-6.711135804653167725e-02,-2.773736715316772461e-01,-3.461358845233917236e-01,-1.303416490554809570e-02,2.823889255523681641e-02,-2.416972219944000244e-01,-2.777610719203948975e-01,-2.327279895544052124e-01,7.359562814235687256e-02,3.156980276107788086e-01,-3.901953622698783875e-02
7.788578420877456665e-02,1.232652664184570312e-01,-3.121498525142669678e-01,7.517935633659362793e-01,-6.581153869628906250e-01,-7.248692214488983154e-02,4.435634613037109375e-01,0.000000000000000000e+00,-3.634603321552276611e-01,4.084754362702369690e-02,2.328535914421081543e-01,1.594751328229904175e-01,3.021450936794281006e-01,3.633298873901367188e-01,-4.113074839115142822e-01,-5.846703648567199707e-01,-7.797153294086456299e-02,1.045096293091773987e-02,-8.378458768129348755e-02,1.704778522253036499e-01,-1.198634952306747437e-01,-3.319446146488189697e-01,5.527116060256958008e-01,-4.406119883060455322e-01,-5.140072107315063477e-02,1.378335058689117432e-01,-5.744661688804626465e-01,-6.139255166053771973e-01,-1.492687016725540161e-01,3.899148432537913322e-03,-3.671545982360839844e-01,-8.347359299659729004e-02,1.712267249822616577e-01,2.981015443801879883e-01,-1.992554962635040283e-01,-3.532682955265045166e-01,-3.111961483955383301e-01,-6.332319378852844238e-01,-6.471164822578430176e-01,-6.087180972099304199e-01,-1.045921444892883301e-02,-4.239468574523925781e-01,6.300417184829711914e-01,4.152579903602600098e-01,3.698268830776214600e-01,6.373343467712402344e-01,5.418465733528137207e-01,2.660228013992309570e-01,6.003374457359313965e-01,6.113039851188659668e-01,7.130117416381835938e-01,5.907712578773498535e-01,6.453119516372680664e-01,4.286968111991882324e-01,-5.366541743278503418e-01,-6.622247695922851562e-01,4.489835500717163086e-01,9.922697395086288452e-02,5.123783946037292480e-01,1.897525042295455933e-01,6.148149967193603516e-01,3.739578127861022949e-01,-3.508195877075195312e-01,-2.168070971965789795e-01,7.444601505994796753e-02,2.918879687786102295e-01,-1.174463480710983276e-01,-3.869775533676147461e-01,9.135565161705017090e-02,2.295515239238739014e-01,-3.954398334026336670e-01,-2.538124918937683105e-01,9.231651574373245239e-02,2.766799032688140869e-01,-1.620094180107116699e-01,-8.938649296760559082e-02,-1.731120496988296509e-01,-2.748852670192718506e-01,3.789422810077667236e-01,4.044306650757789612e-02,1.014007404446601868e-01,-3.194928169250488281e-02,-4.766733050346374512e-01,-6.899561285972595215e-01,9.429094195365905762e-02,-8.337946236133575439e-02,-6.488981246948242188e-01,-7.332760095596313477e-01,-9.753517061471939087e-02,-5.723016858100891113e-01,2.098976075649261475e-01,-3.892154619097709656e-02,6.355823278427124023e-01,-1.349476277828216553e-01,-3.078691363334655762e-01,-7.238193601369857788e-02,-2.796411812305450439e-01,-5.186848640441894531e-01,-6.816542744636535645e-01,-6.585857272148132324e-01,-3.136518597602844238e-01,-6.209890246391296387e-01,-6.710892915725708008e-01,-7.075423598289489746e-01,-1.578327268362045288e-01,-2.218961864709854126e-01,-5.808959007263183594e-01,-7.201757431030273438e-01,7.503838837146759033e-02,1.732920557260513306e-01,-1.546297073364257812e-01,-5.229308605194091797e-01,-6.192496418952941895e-01,3.816516995429992676e-01,6.053636670112609863e-01,2.630567252635955811e-01
1.479354798793792725e-01,9.639106690883636475e-02,2.656500935554504395e-01,-4.793973565101623535e-01,5.820525884628295898e-01,-7.692333310842514038e-02,-1.363054811954498291e-01,-3.634603321552276611e-01,0.000000000000000000e+00,1.159249767661094666e-01,1.756877638399600983e-02,-7.916358858346939087e-02,-2.346478402614593506e-02,-2.268332690000534058e-01,1.015937179327011108e-01,2.486712038516998291e-01,2.621469795703887939e-01,-1.116778105497360229e-01,3.358673155307769775e-01,1.349692195653915405e-01,2.008710429072380066e-02,4.014943838119506836e-01,-1.666654497385025024e-01,2.523799538612365723e-01,1.652925908565521240e-01,3.447149693965911865e-01,5.969405770301818848e-01,5.275762677192687988e-01,9.855344146490097046e-02,-1.405056864023208618e-01,6.237221956253051758e-01,3.745428025722503662e-01,-2.211939729750156403e-02,-4.336550459265708923e-02,2.172652035951614380e-01,2.734445929527282715e-01,4.334124624729156494e-01,1.988392025232315063e-01,3.191382884979248047e-01,2.991336286067962646e-01,-1.365033816546201706e-02,1.647510230541229248e-01,-3.914727270603179932e-01,-2.652986645698547363e-01,-2.435176670551300049e-01,-3.630799651145935059e-01,-4.076748490333557129e-01,-1.970821321010589600e-01,-2.943753898143768311e-01,-3.810755312442779541e-01,-3.793084621429443359e-01,-3.461873531341552734e-01,-4.625824093818664551e-01,-3.917199969291687012e-01,2.654234766960144043e-01,4.074058830738067627e-01,-3.255161345005035400e-01,-2.683378942310810089e-02,-3.953432142734527588e-01,-1.763624250888824463e-01,-4.324395358562469482e-01,-1.473416686058044434e-01,1.459776014089584351e-01,1.168423146009445190e-01,-7.867977023124694824e-02,-2.093627303838729858e-01,5.007756873965263367e-02,2.509840428829193115e-01,-4.970621317625045776e-02,-1.720478683710098267e-01,4.014893174171447754e-01,1.803451180458068848e-01,4.059988260269165039e-02,-9.656543284654617310e-02,1.000453531742095947e-02,1.946706771850585938e-01,-7.830572314560413361e-03,2.028273344039916992e-01,-1.600741595029830933e-01,1.474289596080780029e-01,-9.693410247564315796e-02,8.478324860334396362e-02,3.563173413276672363e-01,3.279594779014587402e-01,-4.138553515076637268e-02,8.510470390319824219e-02,3.529277741909027100e-01,4.138098657131195068e-01,-1.084804087877273560e-01,1.661578416824340820e-01,-2.449141442775726318e-01,-1.503352820873260498e-01,-4.306799173355102539e-01,1.652839630842208862e-01,9.215792268514633179e-02,1.597917973995208740e-01,-8.131351321935653687e-02,2.852317392826080322e-01,3.003512918949127197e-01,2.977945804595947266e-01,2.585996389389038086e-01,4.321636855602264404e-01,4.150093197822570801e-01,4.280970096588134766e-01,1.388698071241378784e-01,1.530753374099731445e-01,3.145877718925476074e-01,3.086760044097900391e-01,6.702901422977447510e-02,-2.230317741632461548e-01,-1.642193496227264404e-01,8.906930685043334961e-02,2.623311579227447510e-01,-4.193556308746337891e-01,-3.613329827785491943e-01,-2.243736833333969116e-01
-2.863660156726837158e-01,-2.272310554981231689e-01,-7.994680851697921753e-02,6.682340800762176514e-02,1.929450966417789459e-02,3.064422607421875000e-01,6.076644640415906906e-03,4.084754362702369690e-02,1.159249767661094666e-01,0.000000000000000000e+00,-1.812838017940521240e-01,-1.918609887361526489e-01,1.008236706256866455e-01,7.347057014703750610e-02,2.043230533599853516e-01,2.678318917751312256e-01,-1.981390863656997681e-01,-2.830752134323120117e-01,-6.977248936891555786e-02,-2.922617197036743164e-01,4.722150415182113647e-02,5.335087701678276062e-02,1.447241753339767456e-01,-6.180095020681619644e-03,2.338166981935501099e-01,2.710670530796051025e-01,-4.537647962570190430e-02,-1.034987997263669968e-02,-1.326281875371932983e-01,-2.241484373807907104e-01,-1.145589649677276611e-01,6.310966610908508301e-02,-2.153009176254272461e-01,-2.011712491512298584e-01,-1.002224683761596680e-01,-1.862782835960388184e-01,-1.420246213674545288e-01,-1.212944742292165756e-02,-1.144106090068817139e-01,-7.748657464981079102e-02,-2.695766091346740723e-01,-7.309999316930770874e-02,1.359850540757179260e-02,-9.726753085851669312e-02,7.133844494819641113e-02,4.736842215061187744e-02,1.302675250917673111e-02,5.326417833566665649e-02,1.718125678598880768e-02,1.589093953371047974e-01,1.130984202027320862e-01,1.368880420923233032e-01,6.699084490537643433e-02,4.600957408547401428e-02,-1.219428032636642456e-01,-1.152416989207267761e-01,-2.775506377220153809e-01,-3.034272491931915283e-01,-1.811934858560562134e-01,-3.181882202625274658e-01,-1.677208691835403442e-01,-2.765085734426975250e-02,-2.340281158685684204e-01,-3.028055429458618164e-01,5.321756377816200256e-02,1.250123828649520874e-01,-3.336277604103088379e-01,-3.185557723045349121e-01,-3.549954891204833984e-01,-3.139860332012176514e-01,-9.499477595090866089e-02,-3.691774606704711914e-02,-2.578093409538269043e-01,-2.357377409934997559e-01,-1.476691812276840210e-01,-4.031149297952651978e-02,-2.052135467529296875e-01,-1.962913721799850464e-01,-2.075272053480148315e-01,-4.578092321753501892e-02,-3.533415496349334717e-01,-2.336065284907817841e-02,-1.357609778642654419e-01,2.630210854113101959e-02,-1.885346770286560059e-01,2.127301841974258423e-01,-3.380671143531799316e-02,9.764079749584197998e-02,-3.006074726581573486e-01,5.616929754614830017e-02,6.902346760034561157e-02,2.856487631797790527e-01,1.254155486822128296e-01,2.699602842330932617e-01,-1.243798285722732544e-01,-6.797130685299634933e-03,-1.013656407594680786e-01,-1.377238631248474121e-01,-1.429387927055358887e-01,-1.796107739210128784e-01,-7.963200658559799194e-02,9.277292527258396149e-03,-1.360839009284973145e-01,-9.111537784337997437e-02,3.748378530144691467e-02,2.617957592010498047e-01,-9.556512534618377686e-02,-7.604532688856124878e-02,-1.064350903034210205e-01,5.236244574189186096e-02,-1.149403303861618042e-01,-2.476123720407485962e-01,-2.251223027706146240e-01,4.164320603013038635e-02,1.936787515878677368e-01,1.233511939644813538e-01
5.377979874610900879e-01,5.265606641769409180e-01,1.596311032772064209e-01,1.526824831962585449e-01,-2.565726935863494873e-01,-3.074979186058044434e-01,3.161193430423736572e-01,2.328535914421081543e-01,1.756877638399600983e-02,-1.812838017940521240e-01,0.000000000000000000e+00,3.942564427852630615e-01,2.208506613969802856e-01,5.106670409440994263e-02,-3.059513270854949951e-01,-3.859916627407073975e-01,4.777502417564392090e-01,3.710014820098876953e-01,3.413807749748229980e-01,4.344496130943298340e-01,-1.481647640466690063e-01,-1.305577009916305542e-01,1.763200759887695312e-01,-1.668099313974380493e-01,-1.808083206415176392e-01,5.167167633771896362e-02,3.394910320639610291e-02,-4.472571890801191330e-03,2.585266530513763428e-01,1.181210651993751526e-01,1.157727912068367004e-01,1.451982706785202026e-01,3.919086754322052002e-01,3.840783536434173584e-01,2.911292612552642822e-01,1.604155451059341431e-01,2.783994674682617188e-01,-3.952333033084869385e-01,-3.499464690685272217e-02,-7.645362615585327148e-02,1.572764515876770020e-01,-9.560267627239227295e-02,8.803986012935638428e-02,6.876260042190551758e-02,-4.611869156360626221e-02,1.818647086620330811e-01,-3.162833303213119507e-02,-9.617003798484802246e-02,3.859340399503707886e-02,-5.886210128664970398e-02,2.283094264566898346e-02,-2.336128056049346924e-02,2.395889023318886757e-03,-8.000724017620086670e-03,-7.199508696794509888e-02,-1.665450632572174072e-01,5.625844597816467285e-01,5.040452480316162109e-01,3.879649639129638672e-01,3.122479915618896484e-01,3.840769827365875244e-01,1.459603607654571533e-01,2.595182955265045166e-01,2.476302087306976318e-01,6.998860090970993042e-02,-9.664785116910934448e-02,2.912800908088684082e-01,1.144034266471862793e-01,4.522699117660522461e-01,3.256353437900543213e-01,2.982434630393981934e-02,-1.565475761890411377e-01,2.877084016799926758e-01,3.129944801330566406e-01,1.610870510339736938e-01,-3.607717901468276978e-02,1.774669140577316284e-01,2.767083346843719482e-01,2.029319554567337036e-01,3.249911963939666748e-01,3.664279878139495850e-01,1.258497238159179688e-01,-1.076286099851131439e-02,-2.931202352046966553e-01,1.911505311727523804e-01,-1.762773990631103516e-01,-9.935665130615234375e-02,-2.368306219577789307e-01,1.915380358695983887e-01,-1.410572230815887451e-01,-1.551150679588317871e-01,-2.859570086002349854e-01,4.340102523565292358e-02,-1.859376132488250732e-01,4.495748132467269897e-02,-1.825079321861267090e-01,-9.584979712963104248e-02,1.121316757053136826e-02,-2.395202964544296265e-01,-1.561980843544006348e-01,-5.706089362502098083e-02,-2.401517033576965332e-01,-1.615581065416336060e-01,-1.814318001270294189e-01,2.247961238026618958e-02,-8.453422784805297852e-02,-1.570632308721542358e-01,-2.019459903240203857e-01,-9.303533285856246948e-02,-4.879450425505638123e-02,-6.237492896616458893e-03,-1.343754120171070099e-02,-6.846692413091659546e-02,5.469802021980285645e-02,1.303136795759201050e-01,-1.417377591133117676e-01
3.609521389007568359e-01,4.209100604057312012e-01,1.178770810365676880e-01,1.839009076356887817e-01,-2.399861365556716919e-01,2.763480134308338165e-02,2.616935968399047852e-01,1.594751328229904175e-01,-7.916358858346939087e-02,-1.918609887361526489e-01,3.942564427852630615e-01,0.000000000000000000e+00,3.837834298610687256e-01,4.791249036788940430e-01,8.353385329246520996e-02,-3.453351184725761414e-02,1.623589545488357544e-01,2.575949728488922119e-01,1.742713600397109985e-01,2.591035366058349609e-01,-1.296846866607666016e-01,-1.623706519603729248e-02,7.586954534053802490e-02,1.342528015375137329e-01,-1.062996461987495422e-01,-1.515691541135311127e-02,-1.256108935922384262e-02,-7.163564115762710571e-02,2.367840409278869629e-01,3.913808465003967285e-01,1.271489411592483521e-01,1.758943349123001099e-01,3.726178407669067383e-01,4.109459221363067627e-01,1.513224691152572632e-01,1.538937538862228394e-01,3.319320827722549438e-02,-3.065193593502044678e-01,8.438642323017120361e-02,1.272952407598495483e-01,1.392358392477035522e-01,3.064216300845146179e-02,-1.081566289067268372e-01,-4.523466527462005615e-02,-1.561271697282791138e-01,3.996837139129638672e-02,-1.341061890125274658e-01,-2.018000185489654541e-01,-9.587951004505157471e-02,-9.892001003026962280e-02,-6.627205014228820801e-02,-7.013008743524551392e-02,-1.200133487582206726e-01,-1.622941344976425171e-01,4.425483569502830505e-02,-1.101009268313646317e-02,1.705763041973114014e-01,4.294031858444213867e-01,1.721754223108291626e-01,1.621913313865661621e-01,1.884531378746032715e-01,8.275583386421203613e-02,1.138349846005439758e-01,2.754194438457489014e-01,-5.106867849826812744e-02,-1.165421456098556519e-01,1.234523579478263855e-01,8.194106072187423706e-02,2.366705089807510376e-01,1.088109835982322693e-01,2.271665036678314209e-01,1.570553034543991089e-01,2.922321856021881104e-01,4.155851006507873535e-01,1.930073350667953491e-01,2.684077918529510498e-01,3.480792045593261719e-01,3.641390800476074219e-01,2.090294361114501953e-01,2.423554211854934692e-01,3.430103957653045654e-01,2.639859914779663086e-01,1.058103516697883606e-01,-2.589471451938152313e-02,4.133278876543045044e-02,-1.994431465864181519e-01,1.226115226745605469e-01,-2.296970933675765991e-01,1.333815008401870728e-01,-1.305714845657348633e-01,-3.706903159618377686e-01,-4.823095500469207764e-01,-1.914146393537521362e-01,-3.536697328090667725e-01,4.669673740863800049e-02,-1.499051153659820557e-01,-2.073759436607360840e-01,-2.294416911900043488e-02,-1.656628847122192383e-01,-1.110742837190628052e-01,-1.544239073991775513e-01,-1.703876405954360962e-01,-5.162785574793815613e-02,-1.037389114499092102e-01,-1.021797284483909607e-01,1.480866316705942154e-02,-9.581834822893142700e-02,-8.225919306278228760e-02,-1.073290035128593445e-01,-8.605641126632690430e-02,-2.096733748912811279e-01,1.067653764039278030e-02,6.579572707414627075e-02,-1.358539909124374390e-01,1.703194528818130493e-02,-1.175775155425071716e-01
1.608771383762359619e-01,2.025067806243896484e-01,1.389203965663909912e-01,3.973004221916198730e-01,-2.826825678348541260e-01,1.108054518699645996e-01,5.589007735252380371e-01,3.021450936794281006e-01,-2.346478402614593506e-02,1.008236706256866455e-01,2.208506613969802856e-01,3.837834298610687256e-01,0.000000000000000000e+00,6.446901559829711914e-01,1.715424805879592896e-01,-1.132340636104345322e-02,-2.508884295821189880e-02,-2.330940067768096924e-01,8.403422683477401733e-02,3.650267794728279114e-02,-1.422056406736373901e-01,-1.230628862977027893e-01,4.294845759868621826e-01,2.161435335874557495e-01,2.197040170431137085e-01,1.959140002727508545e-01,-2.691185772418975830e-01,-2.568167448043823242e-01,6.758026778697967529e-02,-1.516599440947175026e-03,4.211928322911262512e-02,1.966824829578399658e-01,2.580441534519195557e-01,3.005067110061645508e-01,3.064393997192382812e-02,-1.592302769422531128e-01,-1.844215542078018188e-01,-2.481222897768020630e-01,-2.276968210935592651e-01,-1.292365938425064087e-01,1.090333536267280579e-01,-8.408360183238983154e-02,1.770078241825103760e-01,1.223826259374618530e-01,1.305916160345077515e-01,1.949680298566818237e-01,1.493254452943801880e-01,1.130129098892211914e-01,2.402204275131225586e-01,2.563412785530090332e-01,1.943017691373825073e-01,2.906834781169891357e-01,7.362126559019088745e-02,8.094049245119094849e-02,-2.001967728137969971e-01,-1.587170362472534180e-01,8.376219868659973145e-02,1.157342419028282166e-01,9.409659355878829956e-02,-5.774416401982307434e-02,1.426690369844436646e-01,1.192361637949943542e-01,-1.912797093391418457e-01,-1.243789121508598328e-01,1.624965667724609375e-02,1.403383612632751465e-01,-7.448108494281768799e-02,-3.026594817638397217e-01,-6.336967647075653076e-02,-1.053069755434989929e-01,1.387115418910980225e-01,2.391051948070526123e-01,7.696311920881271362e-02,1.531519442796707153e-01,1.280990801751613617e-02,1.403809934854507446e-01,1.048774868249893188e-01,1.109469234943389893e-01,1.802009344100952148e-02,1.823610216379165649e-01,-1.565362215042114258e-01,1.978667229413986206e-01,-1.571891307830810547e-01,-1.377914547920227051e-01,-1.899663209915161133e-01,-4.760897532105445862e-02,-2.086741626262664795e-01,-3.344301283359527588e-01,-2.837916314601898193e-01,-2.265214323997497559e-01,-1.952777355909347534e-01,-7.819017767906188965e-02,-2.691340446472167969e-02,-1.000832021236419678e-02,-2.399971932172775269e-01,-7.285817712545394897e-02,-4.575913846492767334e-01,-2.348532080650329590e-01,-2.384444177150726318e-01,-2.493981271982192993e-01,-1.704158037900924683e-01,-1.308470517396926880e-01,-1.809765100479125977e-01,-1.779235601425170898e-01,-2.542559206485748291e-01,5.751029029488563538e-02,-2.228698283433914185e-01,-2.588530778884887695e-01,-1.619458943605422974e-01,-1.643496900796890259e-01,-3.937267959117889404e-01,-2.267895936965942383e-01,-1.089189723134040833e-01,-2.433058246970176697e-02,2.207501083612442017e-01,-1.589033901691436768e-01
