0.000000000000000000e+00,2.868116647005081177e-02,-1.492210477590560913e-01,-2.246937481686472893e-03,-2.428760826587677002e-01,9.545709937810897827e-03,3.639880716800689697e-01,-1.859155893325805664e-01,6.137670576572418213e-02,-1.299011260271072388e-01,6.310071945190429688e-01,-2.355782985687255859e-01,5.119494795799255371e-01,-9.003031998872756958e-02,-2.196393907070159912e-01,-3.655140697956085205e-01,2.915035188198089600e-01,-1.015078127384185791e-01,2.101864367723464966e-01,1.461021304130554199e-01,-2.600542306900024414e-01,-1.583106517791748047e-01,-1.495412439107894897e-01,-3.385466039180755615e-01,-2.539404034614562988e-01,-4.232458174228668213e-01,-3.965551257133483887e-01,-2.661262750625610352e-01,3.250739574432373047e-01,2.536314912140369415e-02,2.895522490143775940e-02,-2.239973247051239014e-01,3.523428142070770264e-01,8.364824950695037842e-02,-7.315476238727569580e-02,-1.329085677862167358e-01,8.141790749505162239e-04,-1.932440996170043945e-01,-1.554620265960693359e-01,-3.417506814002990723e-01,-1.265255548059940338e-02,-1.365055739879608154e-01,3.030316233634948730e-01,8.375599235296249390e-02,-4.690698161721229553e-02,-6.986101716756820679e-02,2.207520902156829834e-01,1.479305326938629150e-01,1.239207983016967773e-01,1.071118637919425964e-01,4.571499824523925781e-01,-3.107526712119579315e-02,3.370974957942962646e-01,3.239931166172027588e-01,1.428470462560653687e-01,-1.258169263601303101e-01,5.862846970558166504e-01,4.268388822674751282e-02,3.647829890251159668e-01,2.598947882652282715e-01,5.961296558380126953e-01,8.339026011526584625e-03,3.744352161884307861e-01,-1.256668418645858765e-01,7.638248056173324585e-02,-1.958473771810531616e-01,-4.462100192904472351e-02,-1.131076812744140625e-01,-2.850196696817874908e-02,-2.502353787422180176e-01,1.688105911016464233e-01,-2.815527319908142090e-01,7.406908273696899414e-02,7.957061380147933960e-02,5.192906409502029419e-02,-1.542403399944305420e-01,1.320210397243499756e-01,4.608018789440393448e-03,3.989930748939514160e-01,1.357337534427642822e-01,1.273416429758071899e-01,-2.858744859695434570e-01,-2.494017183780670166e-01,-4.158326983451843262e-01,1.817774772644042969e-01,-2.857727408409118652e-01,-3.632768094539642334e-01,-5.046256184577941895e-01,-1.093164309859275818e-01,-3.090001940727233887e-01,3.838647603988647461e-01,4.197719097137451172e-01,3.741280138492584229e-01,4.117783010005950928e-01,7.738975435495376587e-02,-2.986753173172473907e-02,3.542917072772979736e-01,-1.059545800089836121e-01,2.056366950273513794e-01,1.920835226774215698e-01,6.569146364927291870e-02,2.567298114299774170e-01,-2.937528491020202637e-01,-3.335192799568176270e-01,1.618745364248752594e-02,1.456411182880401611e-01,-2.191027253866195679e-01,-2.250330299139022827e-01,-1.148475483059883118e-01,5.013996362686157227e-02,2.790579497814178467e-01,3.546672463417053223e-01,2.831689715385437012e-01,3.187717795372009277e-01,2.912229299545288086e-01,-1.289551854133605957e-01
2.868116647005081177e-02,0.000000000000000000e+00,-2.309284061193466187e-01,-1.875977665185928345e-01,-1.840264797210693359e-01,-3.276433050632476807e-01,-3.322543203830718994e-01,2.346965670585632324e-01,-2.399472743272781372e-01,-2.822391092777252197e-01,1.289250701665878296e-01,4.586123228073120117e-01,-7.342050969600677490e-02,5.571087598800659180e-01,-1.505272090435028076e-01,-1.794309355318546295e-02,1.382261812686920166e-01,4.664249420166015625e-01,2.807846060022711754e-03,1.721420288085937500e-01,-8.620464801788330078e-02,-1.908684074878692627e-01,1.850424706935882568e-02,4.499977082014083862e-02,-4.180048406124114990e-01,-4.280978441238403320e-01,-1.015595048666000366e-01,-3.164367079734802246e-01,4.973391816020011902e-02,2.805688381195068359e-01,-2.013878971338272095e-01,-8.168747276067733765e-02,6.218010559678077698e-02,2.947929799556732178e-01,-9.283738583326339722e-02,-2.120936512947082520e-01,-2.391967028379440308e-01,1.669054925441741943e-01,-3.298945128917694092e-01,-2.176579535007476807e-01,-2.720895456150174141e-03,1.233563646674156189e-01,1.901607960462570190e-01,3.342248201370239258e-01,1.337933838367462158e-01,2.094008624553680420e-01,9.376269578933715820e-02,2.256474792957305908e-01,1.011492386460304260e-01,2.879706323146820068e-01,5.693324282765388489e-02,2.803159356117248535e-01,-3.180689737200737000e-02,1.796917319297790527e-01,-1.891632825136184692e-01,2.952564358711242676e-01,2.299043387174606323e-01,7.657228112220764160e-01,1.381236165761947632e-01,3.581578135490417480e-01,1.216902285814285278e-01,3.137367367744445801e-01,3.394437208771705627e-02,3.942463696002960205e-01,-2.448367774486541748e-01,7.012498378753662109e-02,-8.608505874872207642e-02,-1.900615096092224121e-01,-4.324530810117721558e-02,1.851095557212829590e-01,-3.498302698135375977e-01,2.561137825250625610e-02,-9.009584784507751465e-02,-6.905971467494964600e-02,-8.993160724639892578e-02,7.122666388750076294e-02,2.541389316320419312e-02,2.187025994062423706e-01,-9.270859509706497192e-02,2.497508227825164795e-01,-3.009511828422546387e-01,2.914156615734100342e-01,-2.446347177028656006e-01,2.258235029876232147e-02,-1.973649114370346069e-01,2.734321057796478271e-01,-2.538279592990875244e-01,-1.751151829957962036e-01,-2.833972871303558350e-01,9.137441217899322510e-02,-9.627384692430496216e-02,1.656181216239929199e-01,2.429333329200744629e-01,1.803330034017562866e-01,-2.149243652820587158e-01,-2.139607965946197510e-01,-9.000867605209350586e-02,-1.746733859181404114e-02,1.571341603994369507e-02,2.948434650897979736e-01,6.430557370185852051e-02,1.054465994238853455e-01,-2.148721963167190552e-01,-8.846231549978256226e-02,-2.106396481394767761e-02,5.893816798925399780e-02,-7.042815536260604858e-02,-7.492806762456893921e-02,1.991621777415275574e-02,1.290450431406497955e-02,-9.855780517682433128e-04,2.745578587055206299e-01,1.465806066989898682e-01,-5.206853523850440979e-02,6.678899377584457397e-02,5.347057711333036423e-03
-1.492210477590560913e-01,-2.309284061193466187e-01,0.000000000000000000e+00,-1.757726371288299561e-01,1.036395132541656494e-01,-1.021289229393005371e-01,7.466685771942138672e-02,-5.918296426534652710e-02,-1.699621081352233887e-01,-5.034997127950191498e-03,-1.372928917407989502e-01,-1.735856086015701294e-01,6.140762940049171448e-03,-7.084890967234969139e-04,4.259843230247497559e-01,4.651767015457153320e-01,-1.539244204759597778e-01,-2.024356424808502197e-01,3.540285527706146240e-01,8.164324611425399780e-02,3.452920615673065186e-01,3.238747417926788330e-01,6.257420182228088379e-01,6.145758628845214844e-01,3.400636911392211914e-01,3.153164088726043701e-01,4.420123398303985596e-01,4.320410192012786865e-01,-2.410742193460464478e-01,-4.391883015632629395e-01,4.995625615119934082e-01,5.236072540283203125e-01,1.372341513633728027e-01,3.858901560306549072e-02,3.596185445785522461e-01,2.181509733200073242e-01,2.801260650157928467e-01,2.205954492092132568e-01,2.638443410396575928e-01,3.615087270736694336e-01,1.307278126478195190e-01,1.290066689252853394e-01,-3.519188165664672852e-01,-2.881264090538024902e-01,-2.166887521743774414e-01,-2.307666689157485962e-01,-3.452147543430328369e-01,-2.924293279647827148e-01,-3.300678431987762451e-01,-5.545768141746520996e-01,-3.603439033031463623e-01,-5.014053583145141602e-01,-3.231654465198516846e-01,-4.736396372318267822e-01,1.150878518819808960e-01,-8.676937222480773926e-02,-1.723352521657943726e-01,-3.107892870903015137e-01,-4.828747808933258057e-01,-6.184105873107910156e-01,-4.146077334880828857e-01,-5.101502537727355957e-01,-3.445738852024078369e-01,-4.323162436485290527e-01,2.729206979274749756e-01,-1.793180704116821289e-01,1.987617760896682739e-01,-4.558629542589187622e-02,3.458851873874664307e-01,2.874226272106170654e-01,2.021517455577850342e-01,3.137840032577514648e-01,1.080341786146163940e-01,9.581521898508071899e-02,1.967460513114929199e-01,1.488478332757949829e-01,3.754180371761322021e-01,1.594562530517578125e-01,-2.440439760684967041e-01,-1.853859424591064453e-01,-5.469094961881637573e-03,-1.537878811359405518e-01,4.457833468914031982e-01,4.510485231876373291e-01,3.210991993546485901e-02,-3.335182666778564453e-01,5.294099450111389160e-01,4.817196428775787354e-01,2.603409886360168457e-01,7.053121179342269897e-02,-3.464798033237457275e-01,-3.581759035587310791e-01,-3.465348780155181885e-01,-3.084975779056549072e-01,7.957920432090759277e-02,2.191070653498172760e-02,-1.599745452404022217e-01,3.830172494053840637e-02,-6.630714517086744308e-03,-1.023275852203369141e-01,-1.491395682096481323e-01,-3.581669032573699951e-01,4.352110326290130615e-01,2.383352965116500854e-01,1.485182158648967743e-02,-1.722235828638076782e-01,3.783687949180603027e-01,3.704674243927001953e-01,2.418905049562454224e-01,-1.732174158096313477e-01,-4.404430687427520752e-01,-2.435922920703887939e-01,-4.689615666866302490e-01,-2.387543171644210815e-01,-1.890856176614761353e-01,-6.319490075111389160e-02
-2.246937481686472893e-03,-1.875977665185928345e-01,-1.757726371288299561e-01,0.000000000000000000e+00,4.728525876998901367e-01,7.846927046775817871e-01,5.165656208992004395e-01,6.055439710617065430e-01,4.793830811977386475e-01,6.470869779586791992e-01,-1.745656281709671021e-01,1.247461959719657898e-01,-2.567213959991931915e-02,-1.390748918056488037e-01,-4.441911876201629639e-01,-4.290776848793029785e-01,-2.450925558805465698e-01,-1.879936903715133667e-01,-2.762717306613922119e-01,-9.308786690235137939e-02,-2.119485884904861450e-01,-1.797178387641906738e-01,-5.151119232177734375e-01,-4.374902546405792236e-01,2.331751883029937744e-01,3.339361250400543213e-01,-2.639587223529815674e-01,-2.365494817495346069e-01,-5.232996493577957153e-02,4.069720506668090820e-01,-6.867154687643051147e-02,-2.038142532110214233e-01,-1.712128221988677979e-01,-1.429594010114669800e-01,-1.054848134517669678e-01,-1.176537796854972839e-01,-1.448013931512832642e-01,-1.987076848745346069e-01,-1.253912001848220825e-01,-5.251569673418998718e-02,-9.340506792068481445e-02,-9.198116511106491089e-02,-1.157832890748977661e-01,-2.770569920539855957e-01,-1.427026987075805664e-01,-2.191375494003295898e-01,-1.199177801609039307e-01,-1.768932491540908813e-01,-6.068265065550804138e-03,1.294801682233810425e-01,4.968535527586936951e-02,1.116519495844841003e-01,2.464370429515838623e-01,1.517481803894042969e-01,-2.039539963006973267e-01,-3.188724219799041748e-01,-2.528254985809326172e-01,-9.306690841913223267e-02,1.252766996622085571e-01,2.656333148479461670e-01,6.060358881950378418e-02,3.846525251865386963e-01,-7.172747701406478882e-02,2.101098150014877319e-01,-1.975298970937728882e-01,3.087379932403564453e-01,-1.638827323913574219e-01,1.035722643136978149e-01,-1.409350633621215820e-01,-3.275405168533325195e-01,1.169447377324104309e-01,-1.666267961263656616e-01,-6.121027097105979919e-02,8.377879112958908081e-02,-2.675149440765380859e-01,-3.105281889438629150e-01,-2.740958929061889648e-01,-2.749678492546081543e-01,3.619861304759979248e-01,-7.507129758596420288e-02,1.632812470197677612e-01,-1.247854903340339661e-01,-2.200192362070083618e-01,-3.522422909736633301e-01,-1.938881278038024902e-01,3.709018602967262268e-02,-3.320906162261962891e-01,-2.658690810203552246e-01,-6.435839086771011353e-02,-2.988257408142089844e-01,4.102228283882141113e-01,1.444995030760765076e-02,1.728985458612442017e-01,3.300867229700088501e-02,-1.105775237083435059e-01,1.486169844865798950e-01,-4.002190753817558289e-02,-7.370721548795700073e-02,-3.119911849498748779e-01,-3.596332073211669922e-01,7.754092663526535034e-02,-3.863635286688804626e-02,-2.766771614551544189e-01,-1.597027629613876343e-01,-1.303778141736984253e-01,-1.150510683655738831e-01,-1.702300608158111572e-01,-2.344411015510559082e-01,-2.043538242578506470e-01,5.610476434230804443e-02,7.534667104482650757e-02,-1.914082914590835571e-01,5.719646811485290527e-02,1.312663853168487549e-01,-1.470135897397994995e-02,-4.403114691376686096e-02
-2.428760826587677002e-01,-1.840264797210693359e-01,1.036395132541656494e-01,4.728525876998901367e-01,0.000000000000000000e+00,4.582463502883911133e-01,3.014697730541229248e-01,3.489080369472503662e-01,4.380186498165130615e-01,4.380570650100708008e-01,-2.761988043785095215e-01,1.272285729646682739e-01,-5.988261103630065918e-02,-3.742562234401702881e-02,-1.185318902134895325e-01,-9.357340633869171143e-02,-3.851272463798522949e-01,-1.759415268898010254e-01,-1.042684987187385559e-01,4.290951415896415710e-02,1.937199011445045471e-02,2.827126905322074890e-02,-1.942391842603683472e-01,-9.542650729417800903e-02,2.101709395647048950e-01,3.333620727062225342e-01,1.268366426229476929e-01,1.852739416062831879e-02,-2.429431676864624023e-01,8.611825853586196899e-02,-5.755838006734848022e-02,4.615884739905595779e-03,-3.689523339271545410e-01,-2.171729356050491333e-01,-1.262931972742080688e-01,-3.485901653766632080e-02,-9.265989810228347778e-02,-5.827371776103973389e-02,1.301262378692626953e-01,1.780844032764434814e-01,-1.455964148044586182e-01,-3.185981512069702148e-02,-2.375130951404571533e-01,-2.414138913154602051e-01,-1.246106848120689392e-01,-1.305029988288879395e-01,-1.654182672500610352e-01,-2.487799078226089478e-01,-4.209212958812713623e-03,7.280578464269638062e-02,-2.313138842582702637e-01,-4.300986975431442261e-02,7.643966376781463623e-02,-2.013620734214782715e-01,-1.053546592593193054e-01,-1.835805028676986694e-01,-4.611469209194183350e-01,-1.599831283092498779e-01,-1.190887764096260071e-01,-8.304709335789084435e-04,-2.420212179422378540e-01,1.369657367467880249e-01,-1.613748520612716675e-01,9.093905985355377197e-02,-2.193160355091094971e-01,8.160580694675445557e-02,-2.829473316669464111e-01,-9.933223575353622437e-02,-3.084837459027767181e-02,-9.012969583272933960e-02,-4.215877503156661987e-02,-3.015033341944217682e-02,-2.006729394197463989e-01,-8.773212134838104248e-02,-2.100056707859039307e-01,-1.531615704298019409e-01,-1.904493421316146851e-01,-2.613299190998077393e-01,-1.705572195351123810e-02,-2.585324048995971680e-01,1.749237775802612305e-01,-1.510946452617645264e-01,1.949945092201232910e-01,-1.588160730898380280e-02,-1.604800820350646973e-01,-3.300132229924201965e-02,1.092975363135337830e-01,2.030342370271682739e-01,2.105932086706161499e-01,3.791609406471252441e-02,1.398668736219406128e-01,-3.060770630836486816e-01,-1.738135814666748047e-01,-3.103447258472442627e-01,-8.376582711935043335e-02,7.180449366569519043e-02,-1.730893999338150024e-01,-3.529591485857963562e-02,-1.780159324407577515e-01,-2.849467098712921143e-01,8.813130855560302734e-02,-1.362251043319702148e-01,7.436869293451309204e-02,2.149578332901000977e-01,-1.322018504142761230e-01,-2.986562550067901611e-01,1.181060224771499634e-01,3.569489717483520508e-02,-7.592790573835372925e-02,-1.034639179706573486e-01,-1.306712329387664795e-01,-2.833233177661895752e-01,-1.398192495107650757e-01,-5.410198122262954712e-02,-2.378072738647460938e-01,1.975855045020580292e-02
9.545709937810897827e-03,-3.276433050632476807e-01,-1.021289229393005371e-01,7.846927046775817871e-01,4.582463502883911133e-01,0.000000000000000000e+00,4.831708371639251709e-01,4.209412336349487305e-01,4.876877963542938232e-01,7.066654562950134277e-01,-1.073826178908348083e-01,-2.193901874125003815e-02,1.208762452006340027e-02,-2.593734860420227051e-01,-3.416550755500793457e-01,-3.471994400024414062e-01,-1.809066087007522583e-01,-2.273268401622772217e-01,-1.683014780282974243e-01,-7.483459264039993286e-02,-1.721364110708236694e-01,-1.162156835198402405e-01,-4.864306151866912842e-01,-4.025926589965820312e-01,3.577964305877685547e-01,4.642864167690277100e-01,-1.923329830169677734e-01,-1.291222721338272095e-01,3.293479979038238525e-02,3.712081015110015869e-01,7.691413164138793945e-03,-1.638877242803573608e-01,-2.114164084196090698e-01,-2.380507886409759521e-01,-1.246578469872474670e-01,-1.769527047872543335e-01,-9.951074421405792236e-02,-2.563532888889312744e-01,-4.559804871678352356e-02,-5.352156236767768860e-02,-8.111067861318588257e-02,-1.285301297903060913e-01,-1.683345139026641846e-01,-3.415006399154663086e-01,-1.419469714164733887e-01,-2.814519405364990234e-01,-1.530262380838394165e-01,-2.205747961997985840e-01,1.585080288350582123e-02,5.955431610345840454e-02,1.181657798588275909e-02,-1.708648912608623505e-02,2.539411485195159912e-01,9.828153252601623535e-02,-1.080586761236190796e-01,-3.613208532333374023e-01,-2.181556224822998047e-01,-2.448843270540237427e-01,4.905286431312561035e-02,1.709479540586471558e-01,3.396176919341087341e-02,2.567994296550750732e-01,3.414296358823776245e-02,1.328713744878768921e-01,-1.207196339964866638e-01,2.408447563648223877e-01,-1.790841519832611084e-01,7.144698407500982285e-03,-6.475809961557388306e-02,-3.128053843975067139e-01,1.847540438175201416e-01,-1.718142181634902954e-01,-4.033150151371955872e-02,5.122917518019676208e-02,-1.883174628019332886e-01,-3.168044686317443848e-01,-2.418808788061141968e-01,-3.023550510406494141e-01,3.359011411666870117e-01,-3.467458859086036682e-02,2.437970787286758423e-01,-1.138290911912918091e-01,-1.545480936765670776e-01,-3.108690381050109863e-01,-5.530845373868942261e-02,8.884965791366994381e-04,-2.480031549930572510e-01,-1.964635103940963745e-01,5.262687057256698608e-02,-2.565814256668090820e-01,4.173040390014648438e-01,-2.487892471253871918e-02,9.683323651552200317e-02,3.081646282225847244e-03,-4.425562545657157898e-02,1.924646645784378052e-01,-1.087819691747426987e-02,-9.811589121818542480e-02,-2.872063219547271729e-01,-3.955323994159698486e-01,1.075805872678756714e-01,-2.249313704669475555e-02,-1.912666112184524536e-01,-1.150867417454719543e-01,-2.023705840110778809e-01,-1.752256900072097778e-01,-1.398646682500839233e-01,-2.078161984682083130e-01,-1.551933139562606812e-01,3.666185587644577026e-02,4.003989696502685547e-02,-2.547425627708435059e-01,-3.649957850575447083e-02,1.074036434292793274e-01,-4.565387591719627380e-02,-2.546486258506774902e-02
3.639880716800689697e-01,-3.322543203830718994e-01,7.466685771942138672e-02,5.165656208992004395e-01,3.014697730541229248e-01,4.831708371639251709e-01,0.000000000000000000e+00,2.290322780609130859e-01,4.965555369853973389e-01,3.675204813480377197e-01,1.123630329966545105e-01,-2.215772122144699097e-01,2.982966005802154541e-01,-2.842754125595092773e-01,-2.863867282867431641e-01,-4.420028626918792725e-01,-1.702031493186950684e-01,-3.293752372264862061e-01,-6.857051700353622437e-02,-1.116782724857330322e-01,-1.388069093227386475e-01,-3.063292242586612701e-02,-3.208831846714019775e-01,-4.124044179916381836e-01,1.514693051576614380e-01,7.685048133134841919e-02,-2.887558937072753906e-01,-1.375641673803329468e-01,-2.424376457929611206e-02,1.589881256222724915e-02,1.313200742006301880e-01,-1.453057378530502319e-01,9.237227588891983032e-02,-1.544090062379837036e-01,-4.716854542493820190e-02,-9.095017611980438232e-02,5.752630904316902161e-02,-1.486540585756301880e-01,1.632223278284072876e-02,4.484175704419612885e-03,-1.012249141931533813e-01,-1.908251941204071045e-01,4.006373509764671326e-02,-2.481006234884262085e-01,-2.928501665592193604e-01,-3.350812494754791260e-01,-2.774047106504440308e-02,-1.937207728624343872e-01,-8.160100877285003662e-02,-1.222701892256736755e-01,2.231124043464660645e-01,-1.440506428480148315e-01,3.293375074863433838e-01,1.738193035125732422e-01,5.125260725617408752e-02,-3.580053448677062988e-01,-5.843871459364891052e-02,-2.739525437355041504e-01,1.022777557373046875e-01,7.177209481596946716e-03,2.047793418169021606e-01,-3.286725655198097229e-02,-8.019851148128509521e-02,-2.436606287956237793e-01,1.340225245803594589e-02,-1.397783160209655762e-01,2.425331622362136841e-02,1.252790689468383789e-01,-1.212631836533546448e-01,-3.285818994045257568e-01,2.053350508213043213e-01,-1.683509796857833862e-01,-4.987761005759239197e-02,3.489832207560539246e-02,-3.153400495648384094e-02,-2.969111800193786621e-01,-1.035167872905731201e-01,-3.173235058784484863e-01,4.298585951328277588e-01,-5.612325668334960938e-02,2.048563957214355469e-01,-4.039072394371032715e-01,-8.799907565116882324e-02,-3.678447306156158447e-01,-6.292462348937988281e-02,-3.292583227157592773e-01,-2.012269049882888794e-01,-2.824117839336395264e-01,4.799401760101318359e-02,-3.793191909790039062e-01,4.780405461788177490e-01,2.178449630737304688e-01,2.100796699523925781e-01,1.677411943674087524e-01,4.436106607317924500e-02,1.483485847711563110e-01,2.499030679464340210e-01,-4.173083975911140442e-02,-3.522794321179389954e-02,-1.505147516727447510e-01,2.113460004329681396e-02,1.677712239325046539e-02,-1.770845204591751099e-01,-2.477379143238067627e-01,-1.660950481891632080e-02,1.401658821851015091e-02,-2.207693643867969513e-02,-7.584904134273529053e-02,-9.498082101345062256e-03,6.572852842509746552e-03,1.609694212675094604e-01,1.004645898938179016e-01,9.209882467985153198e-02,3.494807481765747070e-01,1.368854790925979614e-01,-9.444491565227508545e-02
-1.859155893325805664e-01,2.346965670585632324e-01,-5.918296426534652710e-02,6.055439710617065430e-01,3.489080369472503662e-01,4.209412336349487305e-01,2.290322780609130859e-01,0.000000000000000000e+00,2.534829378128051758e-01,5.135872364044189453e-01,-3.502030074596405029e-01,4.574109315872192383e-01,-1.990413814783096313e-01,3.703966736793518066e-01,-2.263649851083755493e-01,-1.023193597793579102e-01,-3.515326380729675293e-01,3.438988327980041504e-02,-3.911777734756469727e-01,-1.160213798284530640e-01,-1.138583719730377197e-01,-1.151337474584579468e-01,-2.385091036558151245e-01,-6.400915980339050293e-02,1.176357343792915344e-01,1.858112215995788574e-01,-2.972676232457160950e-02,-1.992347240447998047e-01,-2.445757240056991577e-01,3.121699988842010498e-01,3.935929760336875916e-02,5.915350094437599182e-02,-1.640927940607070923e-01,1.074090600013732910e-01,1.921134442090988159e-02,-1.379070710390806198e-02,-1.529338657855987549e-01,1.236333101987838745e-01,-1.671206206083297729e-01,6.515078712254762650e-04,-1.736599579453468323e-02,2.461430989205837250e-02,-1.834358125925064087e-01,-1.336826086044311523e-01,-1.895063668489456177e-01,-1.639001220464706421e-01,-2.039737105369567871e-01,-1.232240051031112671e-01,-8.256812393665313721e-02,7.824540883302688599e-02,-7.382100820541381836e-02,1.819498687982559204e-01,-2.388134971261024475e-02,1.698797103017568588e-03,-1.934546232223510742e-01,-1.246374007314443588e-02,-3.665918707847595215e-01,1.573788523674011230e-01,-6.135484576225280762e-02,2.294112443923950195e-01,-8.354382961988449097e-02,4.606264829635620117e-01,-3.449010848999023438e-01,3.117701113224029541e-01,-2.922396063804626465e-01,4.384152889251708984e-01,-7.535415887832641602e-02,1.760248243808746338e-01,-1.449581831693649292e-01,-2.042282372713088989e-01,-5.072681233286857605e-02,-3.342965617775917053e-02,-1.938382238149642944e-01,6.863822042942047119e-02,-2.430337220430374146e-01,-1.482217013835906982e-01,-1.682227700948715210e-01,-6.431049108505249023e-02,8.905233442783355713e-02,1.719312369823455811e-02,-1.075402870774269104e-01,1.566258631646633148e-02,-2.039214223623275757e-01,-1.510576456785202026e-01,-3.847881853580474854e-01,9.405575692653656006e-02,-2.300390750169754028e-01,-1.071623861789703369e-01,-1.062018945813179016e-01,-1.763674318790435791e-01,1.428771913051605225e-01,-7.108094543218612671e-02,1.637289524078369141e-01,-4.088247939944267273e-02,-2.926959395408630371e-01,-7.219824939966201782e-02,-2.876823544502258301e-01,-1.360337734222412109e-01,-3.347420990467071533e-01,-2.847570776939392090e-01,4.878793656826019287e-02,-1.691792160272598267e-01,-2.039261609315872192e-01,-1.771774590015411377e-01,-2.849199995398521423e-02,-5.991183966398239136e-02,-1.790144480764865875e-02,-1.551114618778228760e-01,-1.006490141153335571e-01,-7.451470941305160522e-02,-1.485175788402557373e-01,-2.327804267406463623e-01,-9.080237895250320435e-02,-4.606044664978981018e-02,3.615731606259942055e-03,-4.008671268820762634e-02
6.137670576572418213e-02,-2.399472743272781372e-01,-1.699621081352233887e-01,4.793830811977386475e-01,4.380186498165130615e-01,4.876877963542938232e-01,4.965555369853973389e-01,2.534829378128051758e-01,0.000000000000000000e+00,5.050811171531677246e-01,-1.173061281442642212e-01,-8.237084746360778809e-02,1.657561808824539185e-01,-2.077550590038299561e-01,-1.049674078822135925e-01,-2.747250199317932129e-01,-2.473007589578628540e-01,-1.809699535369873047e-01,-2.358844429254531860e-01,-1.137886270880699158e-01,-1.405538469552993774e-01,-3.394750133156776428e-02,-4.549502432346343994e-01,-4.105640053749084473e-01,2.220453470945358276e-01,1.820209622383117676e-01,-1.536993086338043213e-01,-4.545525833964347839e-02,-1.000201329588890076e-01,1.112100034952163696e-01,-1.751413196325302124e-01,-3.105963170528411865e-01,-3.241978585720062256e-01,-3.143388628959655762e-01,-2.264364361763000488e-01,-1.142766997218132019e-01,-1.594784259796142578e-01,-1.758814305067062378e-01,3.572091460227966309e-02,-5.559986829757690430e-02,-1.963870823383331299e-01,-3.005855679512023926e-01,-2.117238938808441162e-02,-1.600922197103500366e-01,-1.961127221584320068e-01,-1.976167559623718262e-01,-1.601486839354038239e-02,-2.137920558452606201e-01,1.043948009610176086e-01,6.349243223667144775e-02,9.633685648441314697e-02,-2.529575489461421967e-02,3.055780827999114990e-01,5.153867974877357483e-02,8.235933259129524231e-03,-2.471794635057449341e-01,-2.622900903224945068e-01,-2.156683653593063354e-01,2.688192576169967651e-02,1.058976650238037109e-01,4.539640992879867554e-02,9.748601168394088745e-02,-7.882184535264968872e-02,-8.130005002021789551e-02,-5.124783515930175781e-02,-1.016824506223201752e-02,-1.733541637659072876e-01,3.858709335327148438e-02,-1.405546665191650391e-01,-3.309949040412902832e-01,6.331427395343780518e-02,-2.117469906806945801e-01,-2.108217030763626099e-01,-1.894600316882133484e-02,-6.511290371417999268e-02,-1.984052807092666626e-01,-3.723067939281463623e-01,-3.778535425662994385e-01,2.509648799896240234e-01,-4.921960085630416870e-02,2.038749009370803833e-01,-2.877293229103088379e-01,-9.871325641870498657e-02,-4.237864017486572266e-01,-9.062402695417404175e-02,-1.847766339778900146e-01,-1.932312995195388794e-01,-1.812712848186492920e-01,1.328982412815093994e-01,-2.113277912139892578e-01,4.202109575271606445e-01,2.022332884371280670e-02,4.011664167046546936e-02,1.420832984149456024e-02,-8.443050831556320190e-02,1.146445572376251221e-01,1.378648281097412109e-01,-9.998506307601928711e-02,-7.187753170728683472e-02,-2.411895096302032471e-01,2.223238497972488403e-01,2.833854779601097107e-02,-3.476533666253089905e-02,-1.085169017314910889e-01,1.086909882724285126e-02,-6.105756014585494995e-02,2.841724082827568054e-02,-7.796534150838851929e-02,-9.861543029546737671e-02,-5.825565010309219360e-02,1.230260506272315979e-01,-8.696655929088592529e-02,6.952005624771118164e-02,1.335464864969253540e-01,-4.927226528525352478e-02,2.840042300522327423e-02
-1.299011260271072388e-01,-2.822391092777252197e-01,-5.034997127950191498e-03,6.470869779586791992e-01,4.380570650100708008e-01,7.066654562950134277e-01,3.675204813480377197e-01,5.135872364044189453e-01,5.050811171531677246e-01,0.000000000000000000e+00,-2.778822183609008789e-01,2.066570566967129707e-03,-2.123435772955417633e-02,-4.168075323104858398e-02,-9.927292354404926300e-03,-2.946461178362369537e-02,-3.404803276062011719e-01,-2.520616948604583740e-01,-2.568920254707336426e-01,-1.407027542591094971e-01,-7.352556288242340088e-02,-3.745155781507492065e-02,-3.150509595870971680e-01,-2.300851047039031982e-01,4.343389272689819336e-01,5.021012425422668457e-01,6.907766684889793396e-03,2.069512382149696350e-02,-1.745899468660354614e-01,1.840049326419830322e-01,1.009184494614601135e-01,5.990002769976854324e-03,-2.905553281307220459e-01,-2.126909494400024414e-01,-8.191575109958648682e-02,-2.040682733058929443e-02,-5.792481079697608948e-02,-1.182674169540405273e-01,2.474138699471950531e-02,1.207338497042655945e-01,-6.506440043449401855e-02,-1.424027532339096069e-01,-2.407625764608383179e-01,-3.211943805217742920e-01,-2.699222564697265625e-01,-3.145636618137359619e-01,-2.432139515876770020e-01,-2.973712682723999023e-01,-1.064303517341613770e-01,-7.308378070592880249e-02,-1.274342536926269531e-01,-6.777437031269073486e-02,6.633654236793518066e-02,-9.675068408250808716e-02,-8.364156633615493774e-02,-2.843008935451507568e-01,-3.941913247108459473e-01,-3.074709475040435791e-01,-1.198933646082878113e-01,2.265504561364650726e-02,-1.002510711550712585e-01,2.012378275394439697e-01,-2.469581961631774902e-01,2.966312240459956229e-05,-1.796681731939315796e-01,2.362874001264572144e-01,-1.626172065734863281e-01,1.061637774109840393e-01,-3.933951258659362793e-02,-2.474248707294464111e-01,2.333356887102127075e-01,-6.125114858150482178e-02,-7.869977504014968872e-02,1.114495322108268738e-01,-9.227877110242843628e-02,-1.941850781440734863e-01,-2.137842327356338501e-01,-2.201892286539077759e-01,1.387370973825454712e-01,-1.266919374465942383e-01,1.396627426147460938e-01,-1.664279401302337646e-01,-5.217425525188446045e-02,-2.093543559312820435e-01,-2.121002227067947388e-01,-1.314185261726379395e-01,-1.064961776137351990e-01,-5.053976923227310181e-02,1.213014796376228333e-01,-2.550410926342010498e-01,2.982449829578399658e-01,-1.209793090820312500e-01,-8.250253275036811829e-03,-1.404076665639877319e-01,-9.471973776817321777e-02,1.527962386608123779e-01,-6.964455544948577881e-02,-8.182214200496673584e-02,-1.973651498556137085e-01,-3.899908065795898438e-01,1.408571749925613403e-01,-1.277429461479187012e-01,2.809377573430538177e-02,-5.556888133287429810e-02,-8.698598295450210571e-02,-1.871194839477539062e-01,5.884519591927528381e-02,-1.165835782885551453e-01,-1.024160012602806091e-01,-6.766937673091888428e-02,-7.448286563158035278e-02,-3.427257537841796875e-01,-1.934918910264968872e-01,-7.548882625997066498e-03,-7.079622149467468262e-02,-4.698793962597846985e-02
6.310071945190429688e-01,1.289250701665878296e-01,-1.372928917407989502e-01,-1.745656281709671021e-01,-2.761988043785095215e-01,-1.073826178908348083e-01,1.123630329966545105e-01,-3.502030074596405029e-01,-1.173061281442642212e-01,-2.778822183609008789e-01,0.000000000000000000e+00,-1.518707722425460815e-01,5.957382917404174805e-01,1.595050841569900513e-02,-1.475116610527038574e-01,-2.380959242582321167e-01,4.275633096694946289e-01,8.593262732028961182e-02,4.126016497611999512e-01,1.415138840675354004e-01,-1.397611200809478760e-01,-4.495559632778167725e-02,1.072530820965766907e-02,-2.246878743171691895e-01,-2.409929782152175903e-01,-3.981270790100097656e-01,-3.807905316352844238e-01,-2.125419825315475464e-01,4.597156643867492676e-01,9.910195320844650269e-02,-4.593406245112419128e-02,-2.930069267749786377e-01,2.920565307140350342e-01,-2.295436803251504898e-03,-9.402547776699066162e-02,-2.688795924186706543e-01,-3.142806887626647949e-02,-1.730647832155227661e-01,-2.988111376762390137e-01,-3.862096071243286133e-01,5.747600644826889038e-02,-5.414077267050743103e-02,2.728310227394104004e-01,9.848514944314956665e-02,4.910428449511528015e-02,-3.376860637217760086e-03,1.668154746294021606e-01,1.912292987108230591e-01,1.380357742309570312e-01,1.324173659086227417e-01,3.742408156394958496e-01,3.083678893744945526e-02,1.735447645187377930e-01,3.574239015579223633e-01,6.011077389121055603e-02,-5.227770283818244934e-02,5.648480057716369629e-01,1.390779167413711548e-01,2.335731983184814453e-01,1.738700121641159058e-01,4.826350212097167969e-01,-3.175273537635803223e-02,5.488769412040710449e-01,-1.848903484642505646e-02,2.116563171148300171e-01,-1.886934787034988403e-01,-4.103436693549156189e-02,-2.836165428161621094e-01,-4.144603013992309570e-02,-7.714475691318511963e-02,3.858858719468116760e-02,-1.372458338737487793e-01,1.220338195562362671e-01,-6.019327044486999512e-02,8.527205139398574829e-02,-1.652539223432540894e-01,1.082234531641006470e-01,9.938047081232070923e-02,2.302961051464080811e-01,2.979239821434020996e-01,-4.000063240528106689e-02,-3.777761012315750122e-03,-2.724390625953674316e-01,-2.092765569686889648e-01,2.420091778039932251e-01,-7.312826812267303467e-02,-3.186400234699249268e-01,-4.026233553886413574e-01,-2.546829581260681152e-01,-1.098198294639587402e-01,1.032955646514892578e-01,4.012379348278045654e-01,2.472530156373977661e-01,4.121122956275939941e-01,1.021165251731872559e-01,2.944780513644218445e-03,2.848976552486419678e-01,-1.310166865587234497e-01,9.080328792333602905e-02,1.950392127037048340e-01,-1.117300242185592651e-01,2.696918249130249023e-01,-2.691808044910430908e-01,-2.340844124555587769e-01,-2.075946517288684845e-02,1.318610012531280518e-01,-2.222550809383392334e-01,-1.783031970262527466e-01,-1.127865910530090332e-02,1.064388304948806763e-01,1.917424947023391724e-01,3.244372010231018066e-01,2.315294444561004639e-01,1.620865464210510254e-01,2.550327479839324951e-01,-1.449894160032272339e-01
-2.355782985687255859e-01,4.586123228073120117e-01,-1.735856086015701294e-01,1.247461959719657898e-01,1.272285729646682739e-01,-2.193901874125003815e-02,-2.215772122144699097e-01,4.574109315872192383e-01,-8.237084746360778809e-02,2.066570566967129707e-03,-1.518707722425460815e-01,0.000000000000000000e+00,-2.005204707384109497e-01,5.064643025398254395e-01,-2.591567337512969971e-01,-9.506657719612121582e-02,-2.534793317317962646e-01,3.219954371452331543e-01,-3.234876692295074463e-01,-1.016645953059196472e-01,-7.028564810752868652e-02,-1.852446794509887695e-01,-1.388892680406570435e-01,1.930619031190872192e-02,-2.023021727800369263e-01,-4.258417338132858276e-02,-5.357674136757850647e-02,-3.179936707019805908e-01,-1.144916415214538574e-01,3.025391399860382080e-01,-2.058347612619400024e-01,1.937329396605491638e-02,-2.130420207977294922e-01,1.119066923856735229e-01,-5.851636640727519989e-03,2.931627258658409119e-02,-3.249329030513763428e-01,6.740248203277587891e-02,-3.480094373226165771e-01,-1.054953187704086304e-01,-1.687386929988861084e-01,-2.622205205261707306e-02,-1.494710240513086319e-02,1.985672712326049805e-01,2.207570672035217285e-01,2.720800638198852539e-01,2.870213799178600311e-02,1.802200675010681152e-01,1.942793577909469604e-01,3.854192495346069336e-01,-1.083421260118484497e-01,3.854905664920806885e-01,-1.102735251188278198e-01,4.653755202889442444e-02,-2.609324455261230469e-01,2.437624335289001465e-01,-2.549096941947937012e-01,4.422019720077514648e-01,2.957667410373687744e-02,3.103472292423248291e-01,-2.142968587577342987e-02,5.318075418472290039e-01,-1.245340406894683838e-01,5.898054242134094238e-01,-1.789013445377349854e-01,3.813977539539337158e-01,-1.872785091400146484e-01,-6.703597307205200195e-02,-2.349782884120941162e-01,-4.338805004954338074e-02,-2.624459266662597656e-01,1.184092238545417786e-01,-1.542329043149948120e-01,-3.633522987365722656e-02,-3.013262450695037842e-01,-3.598810872063040733e-03,-1.693055331707000732e-01,3.618506342172622681e-02,-2.201929241418838501e-01,3.539799526333808899e-02,-2.774523198604583740e-01,2.136214226484298706e-01,-2.339492589235305786e-01,-4.102367162704467773e-02,-3.165779411792755127e-01,2.771929502487182617e-01,-1.459941715002059937e-01,-3.201270848512649536e-02,-1.868240237236022949e-01,1.941720768809318542e-02,-1.005294695496559143e-01,-9.316151589155197144e-02,2.467814646661281586e-02,-9.053316712379455566e-02,-2.885622084140777588e-01,-2.646795213222503662e-01,-3.200947046279907227e-01,-1.016593202948570251e-01,-2.935126721858978271e-01,-1.769832521677017212e-02,-4.347689822316169739e-02,-8.681647479534149170e-02,-1.414649337530136108e-01,4.244800284504890442e-02,4.830325394868850708e-02,6.463208794593811035e-02,-4.771689325571060181e-02,-8.800762891769409180e-02,-1.007623970508575439e-01,6.114796176552772522e-02,-1.889177039265632629e-02,-8.326409012079238892e-02,1.084224283695220947e-01,-1.900634765625000000e-01,-7.098326086997985840e-02,8.460745960474014282e-02
5.119494795799255371e-01,-7.342050969600677490e-02,6.140762940049171448e-03,-2.567213959991931915e-02,-5.988261103630065918e-02,1.208762452006340027e-02,2.982966005802154541e-01,-1.990413814783096313e-01,1.657561808824539185e-01,-2.123435772955417633e-02,5.957382917404174805e-01,-2.005204707384109497e-01,0.000000000000000000e+00,4.084238782525062561e-03,1.783327199518680573e-02,-1.649304330348968506e-01,1.030857414007186890e-01,-2.431828528642654419e-01,2.569018900394439697e-01,3.108264133334159851e-02,-5.133269354701042175e-02,7.366292178630828857e-02,-3.183192759752273560e-02,-2.494223713874816895e-01,-7.914682477712631226e-02,-1.834902763366699219e-01,-2.372627854347229004e-01,-4.200756922364234924e-02,3.435145914554595947e-01,-3.807592391967773438e-02,-3.492269665002822876e-03,-2.606653273105621338e-01,1.643413454294204712e-01,-1.392472386360168457e-01,-9.036032110452651978e-02,-1.408230215311050415e-01,-4.223882406949996948e-02,-2.078935503959655762e-01,-1.374992877244949341e-01,-2.369491010904312134e-01,5.485213175415992737e-02,-1.337730139493942261e-01,1.388229578733444214e-01,-9.357163310050964355e-02,-1.600497514009475708e-01,-1.768017709255218506e-01,1.239734739065170288e-01,-4.134956002235412598e-02,9.006145410239696503e-03,-1.542120520025491714e-02,2.578355073928833008e-01,-1.862138807773590088e-01,2.050394713878631592e-01,1.617887020111083984e-01,5.755022168159484863e-02,-2.685388326644897461e-01,2.659876048564910889e-01,-1.201752349734306335e-01,8.539958298206329346e-02,-4.294492304325103760e-02,4.864158630371093750e-01,-7.789821922779083252e-02,2.422598451375961304e-01,-2.828389704227447510e-01,2.658989727497100830e-01,-2.208245098590850830e-01,-9.720653295516967773e-02,-2.612226903438568115e-01,-1.506911814212799072e-01,-1.814202070236206055e-01,2.393741458654403687e-01,-7.574967294931411743e-02,-1.452640257775783539e-02,-2.204048074781894684e-02,1.534037888050079346e-01,-1.661198139190673828e-01,-8.451365865767002106e-03,-1.975196599960327148e-02,1.641045957803726196e-01,6.521990150213241577e-02,6.220576539635658264e-02,-3.526624739170074463e-01,-1.471991091966629028e-01,-2.864056229591369629e-01,1.513684689998626709e-01,-3.203445971012115479e-01,-2.806485891342163086e-01,-2.799955010414123535e-01,-1.856388151645660400e-02,-1.388829946517944336e-01,2.351185530424118042e-01,2.955113947391510010e-01,1.827652603387832642e-01,2.289937734603881836e-01,1.847441196441650391e-01,8.820756524801254272e-02,3.661985695362091064e-01,-7.085707038640975952e-02,1.741708815097808838e-01,9.243392199277877808e-02,-6.250604242086410522e-02,1.985878199338912964e-01,-9.166173636913299561e-02,-1.593716740608215332e-01,2.484100125730037689e-02,8.725170791149139404e-02,-7.630179077386856079e-02,-1.491452846676111221e-02,-4.285609349608421326e-02,1.253485232591629028e-01,2.007748335599899292e-01,2.418830543756484985e-01,1.201604381203651428e-01,1.673767268657684326e-01,1.598371416330337524e-01,-5.107761174440383911e-02
