0.000000000000000000e+00,5.764853656610607890e-01,4.668711229514475036e-01,3.465601992221303829e-01,-1.334218146960051699e-01,-6.023994077294866911e-02,6.431085899683807172e-01,3.270442462615015256e-01,-2.268465389566793611e-01,-2.054733318139124187e-01,1.728411347149353128e-01,1.535812351758653327e-01,2.320386053008480498e-01,2.079976898695055088e-01,-3.523509984519193061e-01,-2.426535704425346052e-01,-1.066325579042974314e-01,4.767565994510886140e-02,5.929494027112635068e-01,5.667245323151789416e-01,-3.126387477024382133e-01,-2.506224866802956308e-01,4.169938483156808706e-01,2.259401621835474272e-01,-6.973080994023908574e-02,7.058092495692760981e-02,-2.530967878240980573e-01,-8.903806000470068649e-02,-1.761328063061169402e-01,-2.206329899826280916e-01,2.174300734055877593e-01,2.011479446117890035e-01,7.061473392876852495e-01,6.641433716485873884e-01,9.665627967824245992e-02,-1.775264185434687406e-02,-1.817224684037946070e-01,-4.539159067363033317e-01,-3.648170352822228679e-01,-2.466541108290918050e-01,-1.929248353495310042e-01,8.134630401896711382e-02,-3.222335369470676891e-01,-3.404782436764556830e-01,-9.220822116523084977e-02,-1.278211613609891995e-01,-3.251025525237282721e-01,-3.290349614763060093e-01,-1.849240196686913751e-01,-1.606131424192828172e-01,-2.001865455966726770e-01,-1.752707706857776493e-01,-1.169921285864659599e-01,-1.069783192731527527e-01,-2.551774288860603757e-01,-2.171010714185986068e-01,6.726132729449830761e-01,6.307592460827816661e-01,2.825674073174712086e-01,2.916376231999541768e-01,1.575814884532312221e-01,1.965521129897329355e-01,-2.709424255237918161e-02,9.292394514698036623e-02,-3.630393003402525298e-02,1.113818491823462264e-01,3.706248684689605888e-01,3.567571453430065098e-01,6.770332483273686641e-01,6.891655324044408948e-01,-2.132916133773506140e-01,-2.008512287626132431e-01,4.462784721291439965e-02,-6.322075917006342305e-02,-4.844503964850982447e-02,6.978801788223706892e-02,-1.686281132254075776e-01,-6.560321540361767345e-02,3.283012453632872234e-03,1.748672406635906618e-01,-2.958692575641675981e-01,-5.799555576145771357e-02,-3.547237793232435044e-01,-2.872637241059917690e-01,-3.423573955589770956e-01,-2.419297033823302745e-01,-2.198802120130181059e-01,-1.750620370458303432e-01,-3.155577751649272789e-01,-8.638111598626690979e-02,-5.476771619132424912e-02,-1.857235371340758973e-02,5.938483787809896441e-02,-3.525338122379999273e-02,-1.409714526164958515e-01,-1.030871484199569060e-01,-4.124774895096507410e-01,-4.411155529040502454e-01,-3.193665471720173454e-01,-2.924452188222225746e-01,-1.723567587036140270e-01,-1.330450422813578837e-01,-1.999217938309868492e-01,-8.444682122510838163e-02,-2.524565033212101683e-01,-2.153078070413597667e-01,-2.226162554840174779e-01,-2.709842079547704619e-01,-4.018660757382354343e-02,-2.668114811482242277e-01,-3.986614603320264849e-01,-2.670187548876568617e-01,-1.310997084754024489e-01,-1.531855609272757546e-01,-1.707311735746734338e-01,1.798302018203721264e-01
5.764853656610607890e-01,0.000000000000000000e+00,4.971958479103557038e-01,5.040797908815298767e-01,-1.322581319893817720e-01,-8.049126152849371552e-02,4.265750086915724437e-01,6.039545559412694553e-01,-2.891769258942848420e-01,-6.205854408118461479e-02,-2.366151117361891543e-01,4.560560070775100949e-01,-1.240750154230533669e-01,4.687962792036485249e-01,-3.766971306863690083e-01,-1.515617545645504827e-01,-2.232655627451576030e-01,7.493095853546630214e-02,6.051782992932046579e-01,7.170772877984017413e-01,-2.805984179734879458e-01,-1.357227491518137319e-01,3.974325313948028904e-01,3.762498301572095305e-01,-1.287807464674104729e-01,3.960547946947216846e-02,-2.540675154371927480e-01,5.406198908283351562e-02,-3.109640092869498940e-01,-1.917913536958586740e-01,1.529402621519467265e-01,2.599269383762302099e-01,5.586804882166105379e-01,5.967441664143309232e-01,-7.918294660008465269e-02,-1.206989444244618986e-01,-1.672726356932375258e-01,-4.009481512617947274e-01,-3.366279545810748064e-01,-2.149355016395405327e-01,-1.320717221288459087e-01,6.101288753322751252e-02,-4.614029588617549749e-01,-4.295881472687272384e-01,-3.583333181309536486e-01,-3.395087152510952722e-01,-3.807405471859256485e-01,-3.663064972185373080e-01,-3.686649589019314055e-01,-2.784573594403353947e-01,-3.030635203329723470e-01,-2.386922407689023584e-01,-1.179356370372755258e-01,-2.015371014220984636e-01,-1.768589414253422532e-01,-2.486780395183887937e-01,4.237044826292064026e-01,7.552916856194360484e-01,5.971984525279563916e-02,2.999097680206517791e-01,-1.725398574351234837e-01,2.363767723828051615e-01,-2.787977472847318894e-01,2.540073297418828369e-01,-2.816718066625397143e-01,9.851427710529946091e-02,1.541842526498162780e-01,2.027374006779031346e-01,6.415209557198984225e-01,6.765404423706142811e-01,-3.528411736607798832e-01,-8.995834402095327642e-02,-2.786610637536951138e-02,-1.339203438587572847e-01,-1.138236070549535767e-01,1.153698135055015728e-01,-1.982244717884628638e-01,-6.106171253811610439e-02,5.498682684999707526e-02,1.804915078073714430e-01,-3.672895129740291198e-01,1.374155989575531235e-02,-3.714989350868146412e-01,-2.707723822651635359e-01,-3.138111364481843690e-01,-1.420475976031155552e-01,-1.365787920125182131e-01,-7.992929908298214425e-02,-2.305537513444115005e-01,-2.259023469559277852e-02,-3.111208750721413709e-03,-4.629823957022181913e-02,5.815414255686969514e-02,5.842255272552041023e-02,2.987829264963362888e-02,1.606886203649869182e-03,-2.510859151467528805e-01,-3.150627115269816758e-01,-2.373179007557922326e-01,-2.967755911919466305e-01,-1.806227350251447816e-02,-8.096359214203491250e-02,-3.954208473429304815e-02,8.990930993344328770e-02,-1.248548708457537272e-02,-7.331138075433263346e-02,-1.252651994165677740e-01,-5.956760159062906429e-02,1.025052336206393362e-02,-1.756047563467699468e-01,-3.453949368291119315e-01,-2.323430238324071806e-01,-1.471825160622205753e-01,-4.934668290180536238e-02,-4.377567041582696231e-03,2.437504394919665085e-01
4.668711229514475036e-01,4.971958479103557038e-01,0.000000000000000000e+00,7.984632015101200686e-01,-1.672291755775314193e-01,-1.549807248629407330e-01,7.218666009556027330e-01,6.136014814775744286e-01,-2.453936998094502220e-01,-1.154424914476273323e-01,-3.430975487966772541e-01,5.618314982617785003e-02,-2.506870572505314754e-01,1.126019802095300087e-01,-3.860236341135619975e-01,-3.246136653960712271e-01,-4.434225248427276500e-01,-3.819374407326015519e-01,7.554297562189850046e-01,7.371329255503221711e-01,-9.065287661451312817e-02,-9.143623435291579893e-02,8.229154135523063518e-01,7.350912138942501395e-01,-2.514490857618376651e-01,-2.349375056613461354e-01,-2.696007205505749349e-01,-1.602392520161529388e-01,-4.774313603431128983e-01,-3.427294478975066450e-01,5.054133247071646018e-01,3.921884799859923221e-01,3.987035986025760925e-01,5.090687595995427861e-01,-2.133799454220485226e-01,-1.833789729451481554e-01,-2.470062033839156013e-01,-4.036116848790356482e-01,-2.064047179251707886e-01,-2.370542822913349890e-01,-6.285094661462389820e-02,-8.699072157297159380e-02,-1.314546354456520294e-01,-2.024077384934533375e-01,-2.920403127962657441e-01,-3.499277609255947441e-01,-1.618233942246777024e-01,-1.520451831085436745e-01,-2.743830818702209795e-01,-3.818872497478626449e-01,-1.614967139179152855e-01,-3.342649929111714546e-01,1.107662458982976578e-01,-6.588249601174832153e-03,9.492277094122186093e-03,-1.718239927088148211e-01,4.118609315779577645e-02,2.471891720930066150e-01,-2.092811289438065159e-01,-1.292177106132613995e-01,-2.899600003534523740e-01,-1.177926619699018185e-01,-4.086391912226187695e-01,-2.736235875058473099e-01,-2.704955626813639880e-01,-2.489416194112036851e-01,-1.669635815947012325e-01,-1.840320084483866026e-01,4.399720212616886617e-01,3.548417315625778112e-01,-2.631558829096452556e-01,-1.435224672801302392e-01,-1.841407395142279912e-01,-1.719074288443495635e-01,-2.288128022057079325e-01,-1.311807994312932657e-01,-2.628152217321776951e-01,-2.102890505016276335e-01,-9.402556554873954531e-02,-1.693138461010651463e-01,-3.961812322198445813e-01,-4.394986627147423608e-01,-4.269393512830021997e-01,-4.581612427833901546e-01,-2.780680054088407460e-01,-3.605010732397252449e-01,-1.527881093921246436e-01,-1.713003095878730397e-01,-6.170079239338448207e-02,-5.673328408797638500e-02,1.215606121088793762e-01,1.959770551783742154e-01,2.286675546411006399e-01,2.182832476899572161e-01,5.790248664148842789e-02,-3.425405104927312788e-02,-9.874408956887033295e-02,-1.824214760338134511e-01,-3.387279600498498827e-02,-5.161949579561657397e-02,2.244822603202111799e-01,9.192377084664155040e-02,1.685706462985307186e-01,2.449574551469304029e-01,2.047276990736673907e-01,9.922295970124409004e-02,1.385359195502304241e-01,1.241347545167471450e-01,-5.146448154437609224e-02,-1.491829037330952845e-01,-2.226507578942021337e-01,4.176772581920128180e-02,1.386328458819434672e-01,9.268034792825968760e-02,8.804578172145971493e-02,1.910159499673419747e-01
3.465601992221303829e-01,5.040797908815298767e-01,7.984632015101200686e-01,0.000000000000000000e+00,-1.179918616402349379e-01,-1.639722929957075637e-01,6.262194691088828202e-01,6.879249450501704333e-01,-2.138238223671702909e-01,-5.675802419679597255e-03,-4.159303357450548910e-01,1.342245051764526520e-01,-2.851832557415812652e-01,1.584178151750315344e-01,-3.778285971398794851e-01,-2.816468769464920974e-01,-4.439360740718518161e-01,-3.766613675604339462e-01,6.803195062585669639e-01,6.681719528104433925e-01,-3.806712447694717005e-02,-8.419604701406745856e-03,7.993945617726926356e-01,8.032972201669599244e-01,-2.340804113761192906e-01,-2.140542981491032892e-01,-2.574610720015634291e-01,-1.396659571286147650e-01,-5.121701583213251752e-01,-3.314235336351377681e-01,4.780482943250624617e-01,3.260777974854182082e-01,3.230865373838350818e-01,4.536757152775173219e-01,-1.919252753941411149e-01,-9.545417898876099039e-02,-2.243370105595865471e-01,-4.120746397962825602e-01,-1.765986584487798938e-01,-2.141859372871907918e-01,-8.781626057192773449e-02,-7.864602357837377489e-02,-7.984148123114503948e-02,-1.691349705962974792e-01,-2.838212994774976239e-01,-3.255371037232093756e-01,-1.184023381948477172e-01,-1.265691499847563795e-01,-2.801355086003822215e-01,-3.904720517882739883e-01,-1.761954870630796088e-01,-3.949869502239051200e-01,9.973109288864930033e-02,-1.506165541815096022e-02,2.652309616420520447e-02,-1.412825876130462399e-01,-4.463543901026312266e-02,2.145905545960379857e-01,-2.433770232154129631e-01,-1.206735876392588669e-01,-2.767787655111847434e-01,-2.496130596571305080e-02,-4.263728397321266961e-01,-2.571413467936237707e-01,-3.291385478692760436e-01,-2.430286715058015135e-01,-1.788601151208862872e-01,-1.927828958128718351e-01,3.681309023378940282e-01,2.860236744830160216e-01,-2.033699572523189059e-01,-1.175838349823056239e-01,-1.943735904552608140e-01,-1.465858978871988627e-01,-2.314944713891214922e-01,-1.051015701347358527e-01,-2.197714101637898154e-01,-1.707583221601230716e-01,-1.296466297903615672e-01,-1.194486761198900182e-01,-4.169377005845986695e-01,-4.660766889574534666e-01,-4.317081724522266462e-01,-4.730779470695609668e-01,-2.868708449504910329e-01,-3.651757063387285895e-01,-7.554678272118256488e-02,-1.064602341359117688e-01,-4.096180794301803457e-02,-3.308913604439639444e-02,1.843468393394459004e-01,1.792631895666055575e-01,2.462877944918721307e-01,2.505769984775626513e-01,6.846747881825505921e-02,-2.875659950045252045e-02,-8.562247048861035270e-02,-1.649588912032846910e-01,2.342435381313284770e-02,-3.655909518415572518e-02,2.314405067713594666e-01,8.802693548479988139e-02,1.859435423351690486e-01,2.518593448229267118e-01,2.335251302919983951e-01,6.875629725226833910e-02,1.311777563602332108e-01,1.349349689046365486e-01,-3.621651402620405802e-02,-1.393607886081432712e-01,-2.102620357542994145e-01,2.329008616057577988e-02,1.212680740905795335e-01,8.182869884706560348e-02,1.032211510901849955e-01,2.350295812360205239e-01
-1.334218146960051699e-01,-1.322581319893817720e-01,-1.672291755775314193e-01,-1.179918616402349379e-01,0.000000000000000000e+00,4.520113094267579346e-01,-7.671139400737204961e-02,-6.954540403693514061e-02,6.832662721819271479e-01,5.838638184417738186e-01,2.968580934724886489e-01,1.395839193414163404e-01,3.804147113573658756e-01,1.741680531173736834e-01,5.680702769012725417e-01,5.464560641317904865e-01,2.388921511920440166e-01,2.306898869102051997e-01,-2.409750577543888495e-01,-2.510703316390523465e-01,1.972409860658890790e-01,1.922985355751833658e-01,-1.206274114696872790e-01,-6.366503407793579206e-02,5.148763311395919695e-01,4.121139200342884279e-01,4.680923005093999834e-01,4.478464639968422478e-01,3.768817973868984761e-01,2.796153272750990793e-01,1.915238455633153369e-01,1.377701580036978513e-01,-5.013186495126403797e-02,3.778169612530802440e-02,3.762213603642379778e-01,2.635900368246696934e-01,1.442148216038015018e-01,1.043230723687940537e-01,2.227367529169819726e-01,2.493777622644799685e-01,1.055614078436837716e-01,2.314712743947284213e-01,4.998168126291362839e-02,2.538333546583077319e-02,-8.267922743333948332e-02,3.610332673831950084e-02,1.190213478443495482e-01,1.271662450604273825e-02,-8.672943057135854006e-02,-8.016581432441194366e-02,-9.806229799799678903e-02,-5.827861526893050176e-02,-3.380639223783768466e-02,7.747375571084275103e-02,1.126600009641814427e-02,1.474998705680826139e-01,-6.304843675240197169e-03,-1.114425760871768784e-01,-1.858494747513752265e-01,-2.019254420392889438e-01,9.318161172930924940e-02,-1.101662635420932838e-02,1.647807090667397223e-01,1.925594236119988409e-02,4.205649502434075787e-02,2.587083406483645792e-02,-2.738535115119674831e-02,-5.313271735908552118e-02,-1.392993427610921819e-01,-1.659413605389017943e-01,4.329426702382887515e-01,5.017803354521525039e-01,2.484322058504736808e-01,3.654280453737224765e-01,8.306265948090511830e-02,-9.294664998615568066e-03,3.566636299670560284e-01,3.576903283149690527e-01,1.675690193146614770e-01,2.421067662335603665e-01,2.135497981852611526e-01,2.029266423673762032e-01,3.485672535003260797e-01,2.672394328988266787e-01,9.889288033756708785e-02,2.599721347138324035e-01,2.749965230126245053e-01,2.441056512768798037e-01,1.891853166485807924e-01,2.955413751533246813e-01,8.973367830512719856e-02,-2.645003342476121705e-02,6.694261964662462372e-02,7.205107234424514007e-02,-4.151160147630878622e-02,-2.524704768322730969e-02,3.761376848012567414e-02,8.819998168758517998e-02,-5.548780194237548473e-03,-6.755798139603527014e-03,-1.355575337871850194e-01,6.392967656060784265e-02,-1.721035346853073134e-01,-6.673951284790874405e-02,-1.467694297609957177e-01,-1.977000867064616918e-01,4.943249626116953677e-02,-1.153619649595183511e-01,-3.207528597935457165e-02,1.771602133538074941e-02,1.524038259725147004e-01,-6.726350655353230401e-02,3.104290744384054571e-02,-3.669598479693617077e-02,-8.408066467591358839e-02,-2.389331805427488339e-02
-6.023994077294866911e-02,-8.049126152849371552e-02,-1.549807248629407330e-01,-1.639722929957075637e-01,4.520113094267579346e-01,0.000000000000000000e+00,-1.806284912320968439e-01,-9.682173020970739896e-02,5.551267209414031401e-01,5.544617006759365863e-01,3.715209972490234047e-02,-6.034327755610412874e-02,3.464108677653365831e-02,7.676631754294711840e-02,4.843323090854277924e-01,5.211843460778068371e-01,-3.731149646111820567e-02,2.518909985585794375e-01,-1.401704064185870513e-01,-1.461724159228492415e-01,2.123606373197414743e-01,1.750290792699096543e-01,-1.349674373970597419e-01,-1.804528333336389290e-01,6.037391787699251111e-01,6.018607408294102123e-01,6.833105836127350008e-01,6.687769017893178125e-01,1.451359640079955549e-01,1.678058763725487068e-01,-5.385418564991955453e-02,-2.364389131724444967e-02,-9.519286795224984887e-02,-6.651813701750174807e-03,2.279331977501873885e-01,1.075101153008667376e-01,-5.305832510628290949e-02,9.092065703410254218e-02,7.515601608949826207e-02,3.488918317305054195e-01,6.433664252688815754e-02,1.180856552976633778e-01,-6.649913216857024356e-02,-7.822737737195720187e-02,-1.422011620073073690e-01,-1.468297443428956683e-01,6.729450880008387703e-02,-3.750255537208633388e-02,-2.014841417969507609e-01,-6.997464667577697750e-02,-1.424509501846912551e-01,-2.746641413765888926e-02,-9.302187336576626941e-02,1.501996081111604819e-01,-4.935025666834166880e-03,1.435594792106470452e-01,4.199661880224832625e-03,-3.903894258089237249e-03,-5.122282398261080588e-02,-1.471490072233389845e-01,-4.028815702408594657e-02,-5.191536405162953255e-02,1.969113247926063473e-02,-1.781160890511557932e-02,-7.318624307493712400e-02,-6.082068278885627982e-02,-5.256450608667010554e-02,-2.365058671084720524e-02,-1.017711244809243881e-01,-5.925035617535979321e-02,3.516237509314478205e-01,4.443492298274923091e-01,3.980542617856302340e-02,2.239604101035090611e-01,-5.779816439820090190e-02,-8.226808893038935200e-02,1.894362213247506865e-01,1.852158037768085741e-01,-7.018424033436938825e-02,8.262121514526732380e-02,9.375638660491984744e-02,1.102608506384139819e-01,1.781731379647349123e-01,2.552408532010567166e-01,5.105930775569898772e-02,2.316147597043211881e-01,2.065644157550754756e-01,8.510531971067702983e-02,2.269005756268718810e-01,3.012957121659278203e-01,6.094094199318888377e-02,4.784773457604536012e-02,9.741970663331804559e-02,8.308032311490209931e-02,-3.122937030024314567e-02,3.393246233795048361e-02,-3.850341976120163351e-02,-1.751194250457681345e-02,-6.049252467389083093e-02,-7.118062425058900577e-02,-4.083872149672758411e-02,2.294395144861648694e-01,-1.372798699086549556e-01,-1.258950577934570270e-01,-6.580976572038375882e-02,-2.738229458094112133e-04,9.043823125932812235e-03,-1.402168323730548505e-01,-5.798449996595354643e-03,2.831825817540670545e-02,2.287106489961373418e-02,-7.389767522620461007e-03,2.992782830772723959e-02,5.182146798581085956e-02,-7.096186075843601004e-02,-6.888221145449435756e-02
6.431085899683807172e-01,4.265750086915724437e-01,7.218666009556027330e-01,6.262194691088828202e-01,-7.671139400737204961e-02,-1.806284912320968439e-01,0.000000000000000000e+00,5.733083212112580762e-01,-2.381802930366053173e-01,-2.085403097435863662e-01,-4.143970086630230192e-03,1.859635328408081878e-01,1.263608013304471367e-01,2.425677394090435535e-01,-4.534860585469537297e-01,-3.069125308709532152e-01,-3.066520736400246694e-01,-2.435234189874904143e-01,6.182543596075050774e-01,5.489711433608377433e-01,-2.545984438671770600e-01,-2.749085705870055185e-01,7.671498444261157790e-01,5.745013435474614072e-01,-1.155783230206345463e-01,-1.051048165006010088e-01,-3.797915114533908509e-01,-2.937289906027029107e-01,-3.561739219248193922e-01,-3.149062214769807189e-01,5.953279119237168127e-01,4.850366551359231448e-01,5.734641636040191948e-01,6.394600819511494505e-01,1.779522383654223022e-02,-7.231266968335052503e-02,-2.493612573216127393e-01,-4.966359773943912481e-01,-3.459554003330433392e-01,-3.381087241779965891e-01,-1.568819762113693173e-01,-2.752950441902629608e-03,-1.421023625293123260e-01,-2.103219849890449467e-01,-1.401870867653822461e-01,-1.801635303727280590e-01,-1.920759581239940839e-01,-1.630253361322101524e-01,-2.036211117876237098e-01,-3.086131028531421960e-01,-1.877098878812856753e-01,-3.124059049355768503e-01,-5.926386495468033422e-03,-1.031567648415168542e-01,-1.653024919121550140e-01,-2.112864531288891901e-01,2.541726722746272538e-01,2.656554923592911455e-01,-8.350137652265455721e-03,3.750003724245434475e-03,-6.314071114505093001e-03,1.254390733247990469e-02,-2.457010607141401348e-01,-1.478729253005692801e-01,-1.203595428677246282e-01,-7.345491913975778220e-02,1.303388092491529204e-01,3.883346543335659817e-02,4.489940038459433458e-01,4.122676066274491569e-01,-2.206016852596471289e-01,-1.698972907524525233e-01,-7.028867633950229565e-02,-5.282371459920249396e-02,-1.541212360887268540e-01,-1.913612242501666269e-02,-2.202443719263882382e-01,-1.058881274983361209e-01,-6.337754680881481362e-02,7.057362826741731682e-03,-4.499292941270174317e-01,-3.269244885981712478e-01,-4.548863077814965794e-01,-4.162419284520030849e-01,-4.137685978764000794e-01,-4.511793634477159198e-01,-2.514957890282090158e-01,-2.660836725227950783e-01,-2.710118765105664074e-01,-1.585386635957257706e-01,8.584130799150621258e-03,2.699450451060756914e-02,8.107899223787082277e-02,-1.179853509732299230e-02,-1.524369366959477667e-01,-1.706170339838378458e-01,-3.450383368958164776e-01,-3.593163499549014706e-01,-1.689273700114395926e-01,-1.571608523784757683e-01,-9.005500239811854712e-02,-1.417586713455729897e-01,-8.597661406033109410e-02,-3.638988635047692155e-02,-1.035613437017219168e-01,-1.714909781689250567e-01,-7.487597977355181511e-02,-1.027797786385792056e-01,-1.043548130846656125e-01,-2.842553676794825068e-01,-3.628954624416242947e-01,-1.409950836614955183e-01,-4.058832725082571480e-02,-1.100723073743480468e-01,-8.852636534823750403e-02,1.625586924260168931e-01
3.270442462615015256e-01,6.039545559412694553e-01,6.136014814775744286e-01,6.879249450501704333e-01,-6.954540403693514061e-02,-9.682173020970739896e-02,5.733083212112580762e-01,0.000000000000000000e+00,-3.019498432681504974e-01,8.620255617325194714e-03,-2.927521677047300042e-01,4.646651139010801179e-01,-1.812444665327364868e-01,5.517793513280409012e-01,-4.188702152812336377e-01,-1.021290283667974641e-01,-4.133975186093158949e-01,-1.773812735280448916e-01,4.938385987464163351e-01,5.798784329978885488e-01,-2.059092131079160171e-01,-1.325785612364711041e-01,6.341179802685122935e-01,6.660603117161346676e-01,-1.003302747261874128e-01,-3.754803841791359842e-02,-3.075117061026110266e-01,-7.542131765471711546e-02,-4.933602386895736824e-01,-2.600006296610902767e-01,3.784433193435988718e-01,4.679685247248691060e-01,3.365968305514965841e-01,5.063313981239779826e-01,-9.691539897463354036e-02,-9.341788638052214711e-02,-2.586093044254387241e-01,-4.370179838991919419e-01,-3.616873573427368815e-01,-2.826330773802239738e-01,-1.719755504960484849e-01,-6.144030120699916359e-02,-2.677595931047477285e-01,-2.881723572746187623e-01,-3.615320246806729698e-01,-3.380360914262169891e-01,-2.618400214456680364e-01,-1.924192841924098618e-01,-3.931824089129997146e-01,-3.953675635333950833e-01,-3.647395008018691764e-01,-3.928469454971519892e-01,-1.209915969316536777e-01,-1.923146476387967430e-01,-2.083457478103895033e-01,-2.108913552409452108e-01,3.821668483108028869e-02,3.203590143665850376e-01,-1.058884404291478148e-01,1.082798339826376161e-01,-1.895761408862515485e-01,2.131629027252605613e-01,-4.438220067252865442e-01,1.355990913243637908e-01,-2.926986543018267883e-01,6.408734792969042471e-02,2.501939856375863871e-02,1.194543039661962423e-02,3.623401777485144026e-01,3.501418428848454001e-01,-3.902713057568774069e-01,-8.483366565115922631e-02,-1.879359194649693754e-01,-2.404120473350900289e-01,-2.479491733268007481e-01,4.880851320876420513e-02,-3.320383291530464853e-01,-1.692921329691679799e-01,-5.770882756398892921e-02,2.144612638762107351e-02,-5.519723833536386293e-01,-2.181056159510133818e-01,-4.570613936841757541e-01,-3.671284141040948024e-01,-4.739716751727613420e-01,-2.894500989530342516e-01,-1.753121566856669089e-01,-1.366650890163481624e-01,-2.724282750745780635e-01,-6.543261511743923842e-02,1.280012183690656669e-01,1.686143409958532069e-02,4.891790072796835948e-02,1.008283170455986089e-01,-6.465208872894684378e-02,-1.079239258972476689e-01,-2.790778395947234314e-01,-2.720993333366023004e-01,-1.337597459168892167e-01,-1.984284186692328589e-01,3.196647170105072766e-02,-9.259755498281910246e-02,-1.731406653488923308e-02,6.276384263565645827e-02,5.991736546439031114e-02,-7.005324786598281228e-02,-7.290225386107143657e-02,3.211862790555029823e-02,-3.134475663660495764e-02,-2.657977845525023586e-01,-3.592482776682414114e-01,-1.457777579652071720e-01,-1.015408426448087403e-01,-1.102393084470623258e-01,-1.496919757363110275e-02,2.649953483850907565e-01
-2.268465389566793611e-01,-2.891769258942848420e-01,-2.453936998094502220e-01,-2.138238223671702909e-01,6.832662721819271479e-01,5.551267209414031401e-01,-2.381802930366053173e-01,-3.019498432681504974e-01,0.000000000000000000e+00,6.977040845782235268e-01,2.397430970892026336e-01,-1.218347716292543792e-01,2.802682801652067734e-01,-1.130427975288632175e-01,7.099075699476531387e-01,5.798473945369676530e-01,2.130951753100034651e-01,2.634725185624517407e-01,-2.662393735919384441e-01,-3.120257351774812227e-01,3.988124009004965220e-01,3.142859532809401668e-01,-2.285262739242779340e-01,-1.343537012870999192e-01,4.154384486832685686e-01,3.134500910895917647e-01,6.321090243376269457e-01,4.943827779818642520e-01,4.045958355462551670e-01,2.710031838853043662e-01,9.274760495420744655e-02,7.823198181705662627e-03,-1.537993463450778309e-01,-9.243645114380523442e-02,3.516714158367721388e-01,2.581748703983264281e-01,1.673255431257278381e-01,1.749695070180900536e-01,2.953165894134044400e-01,3.484796751566541229e-01,1.260431174552236744e-01,1.441323378346491824e-01,1.589604272298492105e-01,6.647488193644895960e-02,-2.231369014603370310e-02,2.567405991426267853e-02,2.425573239093209987e-01,1.196723590564466727e-01,-9.763869910656636231e-02,-1.135757704323004380e-01,-1.218171452860417059e-01,-1.464707131438882093e-01,6.653982465924299095e-02,1.278592223168701358e-01,2.021726597279852045e-01,2.133176085420703527e-01,-9.193769784977609549e-02,-2.295355197535504377e-01,-2.336614798253081604e-01,-3.097173536201444088e-01,9.716914901430635798e-02,-8.304906590295181579e-02,2.137805684118412597e-01,-1.290609186913117268e-01,-2.388105349842898489e-02,-1.277830655391576087e-01,-1.246801869032850840e-01,-1.150769037533987404e-01,-2.604277369484170879e-01,-2.892760007624499696e-01,6.111192088908399267e-01,5.431212399932753288e-01,2.460291303515120265e-01,3.756504931059537200e-01,1.496480517301099211e-01,-1.039267291865048209e-01,4.566661980888474526e-01,3.734853398527660517e-01,5.860733420064784260e-02,1.196611428200339555e-01,3.415034921247519506e-01,6.851027131467093967e-02,3.836948838101801318e-01,2.445893461164483085e-01,2.566958026615043797e-01,2.025296798550675348e-01,3.719740272169743678e-01,2.050669440930970033e-01,4.088864274834694279e-01,3.198262335019173008e-01,1.031033905659418104e-01,8.030786821601314240e-02,1.578974395853231516e-01,9.111820915596957615e-02,5.125571346966990849e-02,5.842296432843652187e-02,1.235898687013189112e-01,1.764007684219414951e-01,9.030040654024812374e-02,9.215286359172721042e-02,-7.426754623899095575e-02,2.174787211182291902e-01,-1.037890457626085144e-01,-7.099472371226631107e-02,7.805240416476490195e-03,-4.385796806327502823e-02,1.967437255201941460e-01,-2.772707619144219870e-02,2.485904800324116246e-02,1.130656246802697884e-01,1.806619183770045156e-01,1.007390352750706791e-01,1.136337770152851950e-01,1.107953082037007736e-01,-1.757038920570920537e-02,-4.545083498392805954e-02
-2.054733318139124187e-01,-6.205854408118461479e-02,-1.154424914476273323e-01,-5.675802419679597255e-03,5.838638184417738186e-01,5.544617006759365863e-01,-2.085403097435863662e-01,8.620255617325194714e-03,6.977040845782235268e-01,0.000000000000000000e+00,8.169754428846796174e-03,4.178399879889369006e-02,4.461835837359338919e-02,1.382293839591414997e-01,5.824065670720416366e-01,6.828876990368230038e-01,3.288694619876202097e-02,2.512234911055626907e-01,-1.787525427181132776e-01,-1.245270983022430111e-01,3.858726856962449991e-01,4.344453832712693031e-01,-1.326110730525252301e-01,7.905323161132594978e-02,2.869412006898781620e-01,3.146962322898854136e-01,5.980734592136423000e-01,6.263989057272530969e-01,1.751577163819931227e-01,2.004479957952516600e-01,5.033124636386897971e-02,5.012548470569443138e-02,-1.051159183373052836e-01,-3.499668752178484044e-03,2.739700584833348329e-01,2.171294792021387920e-01,9.798329889727319317e-03,8.590953769147149921e-02,1.921758372679606974e-01,3.440520799314062961e-01,9.916456137051367359e-03,1.101688478865653874e-02,6.109918659225151150e-02,1.793454254824926666e-02,-1.234143704088998261e-01,-4.601056274654692635e-02,1.166415570405825997e-01,1.295011080711366488e-02,-1.968085919416490137e-01,-1.063427810406922802e-01,-2.035708482337981462e-01,-1.736814238466674876e-01,-4.130581299229534042e-02,1.153982528085416015e-01,5.976605242712779154e-02,2.282860802444267867e-01,-1.105751960819994772e-01,-9.466883463169274704e-02,-2.104637259682389794e-01,-1.825272093214252156e-01,1.271700249988974921e-02,1.482256972129002703e-01,-2.881610440205448209e-02,5.422562512466468782e-02,-9.874782028082899898e-02,3.847996005132531261e-02,-8.286455669770555199e-02,-7.237950904140931507e-02,-1.537270129761707516e-01,-1.924439584738082964e-01,4.267316763625421672e-01,5.873343056143748298e-01,1.453233969501342704e-01,1.462452460138181365e-01,3.394225361199106061e-02,-1.129450662666292571e-01,2.834537931132203870e-01,2.648263514209269753e-01,2.829133218227690774e-02,1.673577436863221690e-01,1.008622298285886815e-01,8.420172817018559130e-02,1.684486464035250264e-01,1.231840224261723238e-01,7.530471263667801174e-02,3.060500200585498654e-01,2.657184058655898129e-01,2.756393220295170754e-01,2.781309447335917895e-01,3.749774177676207243e-01,2.617459246347203505e-01,1.295172872019288435e-01,1.328627247576814885e-01,2.046898199797821949e-01,6.712809142325198986e-02,1.158902798506063342e-01,8.464088218477332226e-02,1.386078531893310817e-01,9.752982267190996035e-02,3.213477699945529314e-02,3.579841703957909599e-02,2.638043423943945975e-01,-7.940642983947429623e-02,-1.126131448003619105e-02,9.845525762461321273e-02,-4.097684764466307666e-02,1.556519864836115596e-01,-3.142378167352315177e-02,3.737582273280657535e-02,4.104350791233294521e-02,8.362318158204128105e-02,9.303159268978167251e-02,1.488280586153029050e-01,2.128127441691365571e-02,-3.182421464608557043e-02,6.136248061254760341e-03
1.728411347149353128e-01,-2.366151117361891543e-01,-3.430975487966772541e-01,-4.159303357450548910e-01,2.968580934724886489e-01,3.715209972490234047e-02,-4.143970086630230192e-03,-2.927521677047300042e-01,2.397430970892026336e-01,8.169754428846796174e-03,0.000000000000000000e+00,1.217351190501281682e-01,8.047383678057821177e-01,1.191845114047384024e-01,2.358414456686483696e-01,1.671447036226368643e-01,5.750996867984148331e-01,3.266959695045161260e-01,-3.232813539115189094e-01,-3.616062066732363411e-01,-9.886721469804815587e-02,-1.283938664270528607e-01,-2.887487465423397293e-01,-3.197822388728117082e-01,2.229400393593699015e-01,2.123010816707203152e-01,1.846052595898638876e-02,-3.104417195763723228e-02,5.463303841668386562e-01,2.486187513934625393e-01,-1.510812053232253246e-02,2.732922714231976469e-02,1.191086278593359166e-01,-2.776266233151757079e-02,4.186963331789441134e-01,2.883864326193097405e-01,1.353608785945881743e-01,4.658979239685918233e-02,-3.035700768005824765e-02,-5.529910778560566398e-02,-1.690097153187343146e-02,1.470073622087081922e-01,1.210370573759482829e-02,3.475435027096138163e-02,2.571193712218505789e-01,2.751936379766286023e-01,-8.171167447755140270e-03,-5.889428057657393467e-02,1.561683333361848225e-01,1.536357114899046528e-01,5.307962849946942785e-02,1.239125520348096643e-01,-1.304039450148540558e-01,-7.953346039684773550e-02,-1.827287217936227337e-01,-1.003868088042123713e-02,4.142133367015900514e-01,-1.100359938710308329e-02,2.009865625142279455e-01,9.977014844968903895e-02,4.940402089817107489e-01,1.756386948840390483e-01,5.520967437439895376e-01,2.478056504614889743e-01,4.055098824447803119e-01,3.208415650876449976e-01,3.085968577318642936e-01,2.860776614885671143e-01,-6.978431788547624637e-02,-3.149786204661271516e-02,1.326146543151192070e-01,7.923285772111167413e-02,3.481924461694876904e-01,2.303348362608257927e-01,2.835662856808097154e-01,1.669875127697187100e-01,1.619896709602927087e-01,1.889562684829193817e-01,2.448283750593921726e-01,3.170293296781191983e-01,2.740931937630447512e-01,3.082537955869010804e-01,2.671235733229785358e-01,1.409743018545271953e-01,7.973260597110393144e-02,1.094020113957367424e-01,-1.321532643761404342e-02,1.370983342243344838e-01,-2.045725128496314327e-01,-9.370969959241063144e-03,-1.660950240114449361e-01,-2.345516546674458191e-01,-1.409481738096484138e-01,-2.547231159986891869e-01,-1.649007880656626068e-01,-8.581723792970391562e-02,-1.297949178542840976e-01,-6.244329427581381958e-02,-1.622556061696259488e-01,-1.172534016655574218e-01,-3.641739459858890915e-01,-1.911054990704694478e-01,-3.818491999944228499e-01,-3.135277817460959127e-01,-4.286462978870356766e-01,-3.432751872882651711e-01,-2.438691086513386230e-01,-2.964859125602103407e-01,-4.750319233707198802e-02,-8.245385041155063599e-02,-1.023492089255665510e-02,-1.855428605967815170e-01,-2.369233531356986500e-01,-2.783204957787176470e-01,-2.509419573091243305e-01,-4.103448951222894714e-02
1.535812351758653327e-01,4.560560070775100949e-01,5.618314982617785003e-02,1.342245051764526520e-01,1.395839193414163404e-01,-6.034327755610412874e-02,1.859635328408081878e-01,4.646651139010801179e-01,-1.218347716292543792e-01,4.178399879889369006e-02,1.217351190501281682e-01,0.000000000000000000e+00,2.578471223011752356e-01,7.357674027910315884e-01,-2.059557600864310445e-01,1.711337995156584912e-01,1.802405819307219617e-02,3.015279902172717796e-01,5.130355889851161144e-02,1.349954924291863756e-01,-2.744549285025553176e-01,-2.493432353030287374e-01,8.839856191531916818e-02,1.490496364016656305e-01,1.432240282204657877e-01,2.122403432105612886e-01,-2.308369657207580972e-01,-2.344143304639113856e-02,-3.623145156788128152e-02,1.874985930714140603e-01,2.438243020192107369e-01,3.735289760553506810e-01,3.164088487260974802e-01,3.150074119821184571e-01,1.457571756049878264e-01,1.062292202802899294e-01,2.293933470507785247e-02,-1.792380106735792789e-01,-3.398598282397701786e-01,-2.322037269405635151e-01,-1.516099835217946667e-01,2.119372605576259894e-01,-3.117039784527525503e-01,-3.161279454911467002e-01,-2.229103715668633023e-01,-1.330831873232775353e-01,-2.473412816571215200e-01,-2.417306315751786838e-01,-3.092246413070424693e-01,-1.470362801662680741e-01,-3.581505286726802684e-01,-1.423424370961500207e-01,-2.496444162128008404e-01,-3.150804057780285383e-01,-3.127149955044429275e-01,-2.182457204672852424e-01,2.261947085948066150e-01,3.993657792971616050e-01,1.984938678552895450e-02,2.904504016681020429e-01,5.042220047432186686e-03,4.085322518054810836e-01,-1.105208569683740899e-01,5.462496353446191222e-01,-1.449665173335606683e-01,3.386206699970910061e-01,1.859415670838292511e-01,2.065238386759691847e-01,1.463319290234471881e-01,2.346340703154548013e-01,-1.426359429369544185e-01,1.267839092064586282e-01,8.427330503134786155e-02,1.295145144528214998e-01,3.136242925034653239e-02,3.317962513866761776e-01,-1.225751592856413885e-01,9.118462769824950409e-02,1.059692929006566114e-01,3.818828320836719636e-01,-2.575932918858480636e-01,3.487535260239746360e-01,-1.515876203514361920e-01,-5.926118649974002062e-02,-3.031951240973828066e-01,4.824430448663070969e-02,-1.735900757144587803e-01,-3.129775879996831572e-02,-2.881236294522797614e-01,-7.137604840040787102e-02,-4.954455359122052205e-02,-2.557590842432841405e-01,-1.002736301400115881e-01,-1.653303806690087641e-01,-1.181276300138281860e-01,-6.150368120514625864e-02,-2.516643867188070316e-01,-2.286366265070377546e-01,-2.616466461677774413e-01,-2.719575135797442922e-01,-3.138544766618212578e-01,-2.600787337578485126e-01,-2.663191571640557975e-01,-1.881336839117118409e-01,-2.850963677615976910e-01,-3.075939042988771743e-01,-2.662424174494626983e-01,-1.863814015148277103e-01,1.557709351712423078e-02,-8.391896151369813983e-02,-2.305227413640623946e-01,-3.079060099904698533e-01,-2.892940989221576276e-01,-2.655721479889731618e-01,-1.948985041267884133e-01,1.796686353318912022e-01
2.320386053008480498e-01,-1.240750154230533669e-01,-2.506870572505314754e-01,-2.851832557415812652e-01,3.804147113573658756e-01,3.464108677653365831e-02,1.263608013304471367e-01,-1.812444665327364868e-01,2.802682801652067734e-01,4.461835837359338919e-02,8.047383678057821177e-01,2.578471223011752356e-01,0.000000000000000000e+00,2.463280214197565154e-01,1.843119377136679671e-01,2.019376075287243888e-01,5.079376445766788928e-01,3.348888328697577910e-01,-2.444046040716313650e-01,-2.971368070005818707e-01,-9.698274978895639331e-02,-1.968357354938256865e-01,-1.678706681884261087e-01,-2.044796492774974828e-01,2.987621570581789343e-01,3.128152266976802487e-01,-4.400949735790915529e-02,-2.907004947629129518e-02,4.958792198306325449e-01,2.327353757645584387e-01,1.483663568070837657e-01,1.409967978950961709e-01,2.020597038907370468e-01,7.268930424303332583e-02,4.180901818278399684e-01,3.255493090951612212e-01,1.300017630830420934e-01,-2.609761869211985746e-02,-1.113890525725891867e-01,-7.741806603327086589e-02,-2.405071489592867234e-02,2.411948237349337554e-01,-4.907543161136671689e-02,-3.559662069682552332e-02,1.866739579665079030e-01,2.003154877656569688e-01,-3.521750928503014633e-02,-5.056469390684426024e-02,5.109515464307348709e-02,4.649475285244391437e-02,-4.960175918044100463e-02,3.385450443355263878e-02,-1.252381655784412795e-01,-8.837557165888811073e-02,-1.634657430999494621e-01,-3.269979383082373403e-02,4.369283274482600454e-01,2.513404439919018907e-02,1.399095191283093731e-01,5.829013764450279717e-02,4.403441198742538143e-01,1.666983824902081024e-01,4.673883839518082617e-01,2.193603959246130664e-01,2.818220588244021441e-01,2.717354809236794400e-01,3.181390571454448257e-01,2.724332597307008719e-01,1.176197415593370141e-02,3.675246828277689559e-02,1.454613261734753749e-01,9.464587110711346341e-02,3.544323947512690309e-01,3.012275550001370927e-01,2.801518960569546746e-01,2.055463162119615106e-01,1.642982092482830059e-01,2.211473216126808305e-01,2.038268722027350432e-01,3.851358302683049462e-01,1.752943277950641809e-01,2.996442324506404797e-01,1.815985364317918571e-01,1.062340942433822183e-01,-3.629377697893144353e-03,4.574560785706182492e-02,1.047828345112219832e-03,9.256032767732805255e-02,-2.005159694605686826e-01,7.777531197464462170e-04,-1.818300551060148817e-01,-2.259895498007077896e-01,-9.604985322552758720e-02,-2.728438655130926427e-01,-2.316388263095039701e-01,-1.334719104546380486e-01,-2.389898326480811019e-01,-1.627975729798530613e-01,-2.101993813202008565e-01,-1.560435276999727894e-01,-4.205554356462034016e-01,-2.349394695012855527e-01,-4.067664902248110392e-01,-3.046800378729420111e-01,-4.494756469222757622e-01,-3.866699829834267521e-01,-2.248670415437599157e-01,-3.656179138536703177e-01,-5.637638144606876150e-02,-1.071537037702721129e-01,-1.182572051723098233e-01,-2.334006698892974740e-01,-2.557741521126929429e-01,-2.467110744732601835e-01,-2.749397597327620235e-01,3.771383382837056875e-02
