0.000000000000000000e+00,5.716829299926757812e-01,2.751851677894592285e-01,5.136420577764511108e-02,1.344711780548095703e-01,1.047015413641929626e-01,1.971630305051803589e-01,-5.561848729848861694e-02,9.199867397546768188e-02,-1.311311274766921997e-01,3.561638295650482178e-01,2.229735106229782104e-01,2.173193991184234619e-01,-1.124274805188179016e-01,1.193493604660034180e-01,-2.522725760936737061e-01,1.802446097135543823e-01,1.684018224477767944e-01,1.364502161741256714e-01,6.560778617858886719e-02,-1.060634031891822815e-01,-2.589414715766906738e-01,-5.331224948167800903e-02,-1.885100007057189941e-01,-1.814770326018333435e-02,-9.360865503549575806e-02,1.843166500329971313e-01,1.134546920657157898e-01,1.009856089949607849e-01,-2.601894438266754150e-01,6.577471643686294556e-02,-1.500260382890701294e-01,7.700391113758087158e-02,-3.011065907776355743e-02,-4.435446113348007202e-02,-7.839658111333847046e-02,-6.387942284345626831e-02,-1.310623288154602051e-01,3.502938151359558105e-02,-5.184327438473701477e-02,5.150485411286354065e-02,4.129674285650253296e-02,-1.445817798376083374e-01,1.685582101345062256e-02,1.822046935558319092e-01,2.270798534154891968e-01,1.527768075466156006e-01,1.376616060733795166e-01,4.092737659811973572e-02,1.791300326585769653e-01,-1.976450234651565552e-01,-1.095841974020004272e-01,-1.870764493942260742e-01,-1.940261721611022949e-01,1.388803962618112564e-02,-4.534026980400085449e-02,6.016412377357482910e-01,5.283808112144470215e-01,2.950611114501953125e-01,3.525715768337249756e-01,3.508342206478118896e-01,9.552556276321411133e-02,3.629813790321350098e-01,1.142576038837432861e-01,-1.354525536298751831e-01,-3.043591082096099854e-01,-7.367011904716491699e-02,-8.071197569370269775e-02,1.070780754089355469e-01,-1.779608577489852905e-01,2.175157666206359863e-01,9.085936099290847778e-02,1.204214021563529968e-01,-2.731428947299718857e-03,-8.613778650760650635e-02,-1.612644791603088379e-01,2.014547120779752731e-03,-2.010420858860015869e-01,-1.097952723503112793e-01,3.061102330684661865e-02,4.055605828762054443e-02,-8.392702788114547729e-02,6.051035597920417786e-02,-9.428901970386505127e-02,-5.054305866360664368e-02,-5.327023938298225403e-02,1.398100703954696655e-01,-7.218229770660400391e-02,-5.206764116883277893e-02,-1.511650532484054565e-01,-2.735638320446014404e-01,-3.846241235733032227e-01,-2.577992677688598633e-01,-2.519921660423278809e-01,-1.631214916706085205e-01,-1.083302646875381470e-01,-1.344213485717773438e-01,-2.141140699386596680e-01,-4.840275645256042480e-02,-7.529539614915847778e-02,2.065634913742542267e-02,-1.124416962265968323e-01,2.070173770189285278e-01,4.123982787132263184e-02,5.748214200139045715e-02,7.129495590925216675e-02,-3.553081303834915161e-02,2.344506047666072845e-02,2.333989739418029785e-01,-2.328219823539257050e-02,-1.582085192203521729e-01,-2.262965589761734009e-01,-2.194169014692306519e-01,1.211933195590972900e-01,3.116425871849060059e-02,-1.374745666980743408e-01
5.716829299926757812e-01,0.000000000000000000e+00,1.672234386205673218e-01,-9.013348072767257690e-02,2.310476303100585938e-01,7.666856795549392700e-02,-1.884489953517913818e-01,-1.811398565769195557e-01,-2.056081146001815796e-01,-6.891965866088867188e-02,8.001399785280227661e-02,3.046217858791351318e-01,-9.561365097761154175e-02,2.289680242538452148e-01,8.347829431295394897e-02,7.892046123743057251e-02,3.477101624011993408e-01,5.086547732353210449e-01,1.896499842405319214e-01,2.169478684663772583e-01,1.082873269915580750e-01,-5.377718061208724976e-02,-3.230651095509529114e-02,-2.445285916328430176e-01,1.896187067031860352e-01,1.188457310199737549e-01,3.918363153934478760e-01,3.917496204376220703e-01,1.923620104789733887e-01,1.353503204882144928e-02,1.584617048501968384e-01,-7.924115657806396484e-02,3.451881408691406250e-01,2.255530953407287598e-01,-1.538829952478408813e-01,-1.852303147315979004e-01,4.230961203575134277e-02,8.752264082431793213e-03,9.075789153575897217e-02,1.710027158260345459e-01,1.472519487142562866e-01,2.189389169216156006e-01,-3.237295523285865784e-02,3.589127659797668457e-01,4.109494388103485107e-01,4.249987900257110596e-01,2.993926405906677246e-01,3.066936731338500977e-01,9.491427242755889893e-02,1.143959760665893555e-01,-3.737006187438964844e-01,-2.191939949989318848e-01,-4.086140096187591553e-01,-2.462617903947830200e-01,-2.306692153215408325e-01,-2.453922182321548462e-01,7.316814661026000977e-01,7.554706335067749023e-01,4.567276686429977417e-02,2.186021804809570312e-01,6.799187045544385910e-03,-1.175350397825241089e-01,4.373846054077148438e-01,1.540564596652984619e-01,-3.624185919761657715e-01,-4.004570841789245605e-01,-2.411513403058052063e-02,1.345705389976501465e-01,3.027646541595458984e-01,-1.744498163461685181e-01,3.236484527587890625e-01,1.392805874347686768e-01,3.107809126377105713e-01,2.880958318710327148e-01,7.525181025266647339e-02,5.922184884548187256e-02,-5.655715987086296082e-02,-2.740285396575927734e-01,1.049322485923767090e-01,3.067712783813476562e-01,3.045834004878997803e-01,3.195193707942962646e-01,2.381181865930557251e-01,2.318664491176605225e-01,-3.077662922441959381e-02,1.286751478910446167e-01,3.009765148162841797e-01,2.230744808912277222e-01,-2.193960249423980713e-01,-2.920584082603454590e-01,-5.623906850814819336e-01,-6.402693986892700195e-01,-2.632126510143280029e-01,-2.670842409133911133e-01,-2.546632587909698486e-01,-3.195684254169464111e-01,-2.918672263622283936e-01,-3.871675431728363037e-01,-4.342504441738128662e-01,-4.518662393093109131e-01,-1.832822263240814209e-01,-2.319191098213195801e-01,9.254274517297744751e-02,-2.230212539434432983e-01,1.044856291264295578e-02,8.991249836981296539e-03,-1.482916623353958130e-01,-5.868385732173919678e-02,2.023219168186187744e-01,-4.145199432969093323e-02,-5.282574295997619629e-01,-5.363021492958068848e-01,-4.533892869949340820e-01,-2.558336220681667328e-02,1.544757187366485596e-01,-3.898212313652038574e-01
2.751851677894592285e-01,1.672234386205673218e-01,0.000000000000000000e+00,-3.812247142195701599e-02,5.024744868278503418e-01,3.586570024490356445e-01,1.614187508821487427e-01,7.880715280771255493e-02,3.763086497783660889e-01,8.832340687513351440e-02,3.077385723590850830e-01,-3.900615032762289047e-03,4.772683605551719666e-02,6.350839138031005859e-02,4.782125949859619141e-01,-1.205426976084709167e-01,-1.366984248161315918e-01,2.456505596637725830e-01,2.978560328483581543e-01,1.881525218486785889e-01,1.275783181190490723e-01,-2.733526006340980530e-02,3.053134977817535400e-01,1.554429233074188232e-01,4.533294737339019775e-01,1.843364834785461426e-01,3.796432614326477051e-01,2.505874633789062500e-01,-2.129370570182800293e-01,6.122291088104248047e-02,3.791521489620208740e-01,1.818974316120147705e-01,1.185170635581016541e-01,1.828734427690505981e-01,2.074238210916519165e-01,1.696627289056777954e-01,1.936868131160736084e-01,2.615411393344402313e-02,3.117170035839080811e-01,-5.816618725657463074e-02,7.988981157541275024e-02,3.588654100894927979e-02,-2.511155307292938232e-01,-9.755422174930572510e-02,2.986673824489116669e-02,2.394067868590354919e-02,6.825374066829681396e-02,1.173836365342140198e-01,-5.533596500754356384e-02,-2.511570155620574951e-01,-4.251570440828800201e-03,-4.653216898441314697e-01,9.545151144266128540e-02,-5.527533292770385742e-01,3.293725550174713135e-01,-1.694414168596267700e-01,7.699196785688400269e-02,2.218778058886528015e-02,-1.027517020702362061e-01,-1.447940617799758911e-01,1.628915816545486450e-01,-1.499508619308471680e-01,2.992326766252517700e-02,4.838287457823753357e-02,3.300242424011230469e-01,-5.162508785724639893e-02,1.575440764427185059e-01,8.485186100006103516e-02,2.629360258579254150e-01,-1.095021888613700867e-01,2.980774939060211182e-01,-9.403783082962036133e-02,2.038839273154735565e-03,1.583156734704971313e-01,-4.514034092426300049e-02,-7.194888591766357422e-02,2.653225660324096680e-01,-2.666308544576168060e-02,1.075839549303054810e-01,-3.585958480834960938e-01,2.448390573263168335e-01,-1.179221943020820618e-01,4.315963983535766602e-01,-1.160143464803695679e-01,3.595779538154602051e-01,-3.936210572719573975e-01,4.283661842346191406e-01,-1.861104965209960938e-01,4.599710702896118164e-01,-4.515146017074584961e-01,6.461174786090850830e-02,-2.672718465328216553e-01,-1.083320304751396179e-01,-5.699608325958251953e-01,1.764358952641487122e-02,1.754239387810230255e-02,1.071379184722900391e-01,-1.771581172943115234e-01,-5.549314618110656738e-02,-8.429169654846191406e-02,1.969714164733886719e-01,-5.086272358894348145e-01,4.995181262493133545e-01,-1.884105205535888672e-01,2.646802663803100586e-01,-8.258928358554840088e-02,2.258489876985549927e-01,-4.049379006028175354e-02,1.270714849233627319e-01,8.196075260639190674e-02,6.358306109905242920e-02,-1.712202131748199463e-01,-1.398245990276336670e-01,2.612080276012420654e-01,1.179312989115715027e-01,-2.687759883701801300e-02
5.136420577764511108e-02,-9.013348072767257690e-02,-3.812247142195701599e-02,0.000000000000000000e+00,-1.487912684679031372e-01,9.532248973846435547e-02,4.701349139213562012e-01,4.326423406600952148e-01,2.868628501892089844e-01,4.352185130119323730e-01,-1.317241042852401733e-01,3.043621480464935303e-01,1.634884774684906006e-01,-2.242779135704040527e-01,-2.315609157085418701e-02,1.562401354312896729e-01,-9.775380790233612061e-02,-3.627032041549682617e-01,-1.183280162513256073e-02,2.133725583553314209e-01,-1.495028734207153320e-01,-1.593112647533416748e-01,1.798298209905624390e-01,5.731027722358703613e-01,-2.135926485061645508e-01,-3.783621639013290405e-02,-2.702602148056030273e-01,-1.115038245916366577e-01,8.835360407829284668e-03,-2.388440072536468506e-01,4.831723123788833618e-02,2.275990545749664307e-01,-3.702026791870594025e-03,1.249612569808959961e-01,5.751793459057807922e-02,1.201025545597076416e-01,-2.616135179996490479e-01,-2.911418378353118896e-01,-2.424405813217163086e-01,-1.279324591159820557e-01,-9.318626672029495239e-02,-8.681653439998626709e-02,-5.608135834336280823e-02,-2.374854981899261475e-01,-2.016301304101943970e-01,-3.365016579627990723e-01,-1.427593678236007690e-01,-2.120379507541656494e-01,-1.775793731212615967e-01,-1.888907849788665771e-01,-9.758843481540679932e-02,6.908186525106430054e-02,-8.107936382293701172e-02,1.704795956611633301e-01,-7.485344260931015015e-02,1.908688992261886597e-02,-1.544159799814224243e-01,-1.051661372184753418e-01,9.442918933928012848e-03,1.442018002271652222e-01,7.119479775428771973e-02,3.206260502338409424e-01,-1.131083741784095764e-01,-8.942079544067382812e-02,1.313996165990829468e-01,3.245786726474761963e-01,-6.804303079843521118e-02,-6.797022186219692230e-03,1.901044324040412903e-02,3.202769756317138672e-01,-1.912687569856643677e-01,3.624023497104644775e-02,-9.751389920711517334e-02,-1.854733675718307495e-01,-3.866801410913467407e-02,-5.611419677734375000e-02,8.168765157461166382e-02,3.117848336696624756e-01,-3.422512710094451904e-01,-4.980203881859779358e-02,-4.511254131793975830e-01,-2.870781421661376953e-01,-3.735257089138031006e-01,-2.055055499076843262e-01,-2.634723484516143799e-01,9.899825789034366608e-03,-3.880816996097564697e-01,-4.183432087302207947e-02,-1.817092746496200562e-01,2.007772624492645264e-01,5.097617208957672119e-02,1.582650542259216309e-01,-1.219185069203376770e-01,2.102455943822860718e-01,2.184325084090232849e-02,1.292930245399475098e-01,9.542299807071685791e-02,1.385926604270935059e-01,3.266232013702392578e-01,2.094512730836868286e-01,4.363084957003593445e-02,3.029620945453643799e-01,-6.912242621183395386e-02,1.926862150430679321e-01,-9.647705405950546265e-02,1.054281890392303467e-01,-1.300692409276962280e-01,1.263347566127777100e-01,6.294696778059005737e-02,-8.040409535169601440e-02,1.645289063453674316e-01,1.855543255805969238e-01,4.043037444353103638e-02,-7.352681364864110947e-03,-7.639954239130020142e-02,4.644203558564186096e-02
1.344711780548095703e-01,2.310476303100585938e-01,5.024744868278503418e-01,-1.487912684679031372e-01,0.000000000000000000e+00,5.844097137451171875e-01,-1.178963407874107361e-01,-4.351825639605522156e-02,3.044355213642120361e-01,2.538877427577972412e-01,1.678688079118728638e-01,7.176891714334487915e-02,-9.600481018424034119e-03,2.047687470912933350e-01,4.060131311416625977e-01,2.671530842781066895e-01,1.851090416312217712e-02,3.550294637680053711e-01,4.392181634902954102e-01,2.637504339218139648e-01,3.247726261615753174e-01,2.396774739027023315e-01,3.370817601680755615e-01,1.030185148119926453e-01,7.462396025657653809e-01,5.633450746536254883e-01,5.662781000137329102e-01,5.037053823471069336e-01,1.230750679969787598e-01,2.674369513988494873e-01,5.866439938545227051e-01,3.096649348735809326e-01,1.820833683013916016e-01,1.946996599435806274e-01,1.907432638108730316e-02,8.877778798341751099e-02,2.958166897296905518e-01,1.394545286893844604e-01,1.613990515470504761e-01,1.524216681718826294e-01,2.899858355522155762e-01,2.417324781417846680e-01,2.836362458765506744e-02,1.779735088348388672e-01,7.962255179882049561e-02,1.685423254966735840e-01,1.796339154243469238e-01,2.244455665349960327e-01,6.954922527074813843e-02,-2.210042029619216919e-01,-1.258535385131835938e-01,-4.685232341289520264e-01,-1.068793889135122299e-02,-3.759901225566864014e-01,-1.239233824890106916e-04,-2.296389043331146240e-01,2.125896513462066650e-01,8.626103401184082031e-02,-3.689961433410644531e-01,-3.391340672969818115e-01,-1.799230128526687622e-01,-3.165253996849060059e-01,1.651517450809478760e-01,6.687546521425247192e-02,5.672792345285415649e-02,-2.378613501787185669e-01,-5.020106583833694458e-02,-3.550402447581291199e-02,3.579387068748474121e-01,-2.895902283489704132e-02,3.042771518230438232e-01,1.245466843247413635e-01,2.503193020820617676e-01,1.661067456007003784e-01,3.416396444663405418e-03,1.309316512197256088e-02,6.438606977462768555e-02,-7.841479033231735229e-02,2.443202883005142212e-01,4.752618074417114258e-02,4.040322601795196533e-01,2.295615524053573608e-01,4.758669435977935791e-01,3.161524236202239990e-01,2.931426167488098145e-01,-1.431485861539840698e-01,3.746308088302612305e-01,1.277401149272918701e-01,8.114558458328247070e-02,-3.568010330200195312e-01,-1.564481258392333984e-01,-4.139982461929321289e-01,1.090946514159440994e-02,-4.084644317626953125e-01,2.019378356635570526e-02,-1.172142475843429565e-01,-2.013373076915740967e-01,-2.259659022092819214e-01,-3.717329204082489014e-01,-4.061068892478942871e-01,8.705063909292221069e-02,-3.822256624698638916e-01,2.339217811822891235e-01,-1.730286777019500732e-01,-2.159427665174007416e-02,-1.769635975360870361e-01,-3.562506660819053650e-02,3.421788290143013000e-02,-7.909853756427764893e-02,3.997855260968208313e-02,-1.946680992841720581e-01,-3.106041550636291504e-01,-3.369985818862915039e-01,1.979514211416244507e-02,8.161050081253051758e-02,-3.243068754673004150e-01
1.047015413641929626e-01,7.666856795549392700e-02,3.586570024490356445e-01,9.532248973846435547e-02,5.844097137451171875e-01,0.000000000000000000e+00,8.331538736820220947e-02,1.938006132841110229e-01,3.007333874702453613e-01,3.310822546482086182e-01,1.236746013164520264e-01,1.837230026721954346e-01,4.794523864984512329e-02,-5.494593083858489990e-02,2.417047172784805298e-01,1.152096986770629883e-01,-4.460758529603481293e-03,1.588625162839889526e-01,3.164575099945068359e-01,2.711268961429595947e-01,1.309455782175064087e-01,6.079310178756713867e-02,1.617439389228820801e-01,2.214381843805313110e-01,4.771263897418975830e-01,4.276639521121978760e-01,2.976166605949401855e-01,3.060694634914398193e-01,1.055407896637916565e-01,1.437646597623825073e-01,4.861519932746887207e-01,2.892216444015502930e-01,1.493881195783615112e-01,1.921171247959136963e-01,5.243659019470214844e-02,1.953353434801101685e-01,1.331433951854705811e-01,-2.264185994863510132e-02,8.833039551973342896e-02,7.156884385040029883e-05,1.170617863535881042e-01,8.222372829914093018e-02,2.533484436571598053e-02,2.214609086513519287e-02,8.133573457598686218e-03,-3.241639211773872375e-02,1.162735745310783386e-01,1.252929121255874634e-01,2.199830673635005951e-02,-2.313708066940307617e-01,-7.179500907659530640e-02,-3.824813961982727051e-01,-2.442606166005134583e-02,-3.173250555992126465e-01,8.915813267230987549e-02,-6.181365624070167542e-02,1.083808988332748413e-01,-1.958246529102325439e-02,-2.104710787534713745e-01,-1.455882340669631958e-01,2.738716546446084976e-03,-1.844756491482257843e-02,1.642608046531677246e-01,2.448177337646484375e-01,1.120103001594543457e-01,-7.616824656724929810e-02,1.100028119981288910e-02,-4.316163063049316406e-02,2.308408021926879883e-01,6.628104299306869507e-02,2.238635271787643433e-01,1.032946258783340454e-01,1.429575085639953613e-01,4.281403124332427979e-02,-1.233322545886039734e-02,-6.274124979972839355e-02,1.861083060503005981e-01,1.788446158170700073e-01,1.054136231541633606e-01,-9.906224906444549561e-02,1.229744106531143188e-01,-8.570111356675624847e-03,2.282674610614776611e-01,4.987255856394767761e-02,9.870859980583190918e-02,-2.115190625190734863e-01,1.667660325765609741e-01,-1.056586876511573792e-01,5.635755509138107300e-02,-2.572103142738342285e-01,-4.189731180667877197e-02,-2.391796559095382690e-01,-1.092263758182525635e-01,-3.326853215694427490e-01,1.267906874418258667e-01,2.937233820557594299e-02,-9.932266548275947571e-03,-4.521064460277557373e-03,-4.133316874504089355e-02,-1.558789759874343872e-01,3.783418610692024231e-02,-1.815665811300277710e-01,1.488665342330932617e-01,5.439406260848045349e-02,5.206508189439773560e-02,4.999250173568725586e-03,-2.352929115295410156e-02,8.716511726379394531e-02,-1.939967973157763481e-03,4.839163646101951599e-02,5.369078367948532104e-02,-6.544528156518936157e-02,-1.280456334352493286e-01,1.218811944127082825e-01,1.279022544622421265e-01,-1.200400367379188538e-01
1.971630305051803589e-01,-1.884489953517913818e-01,1.614187508821487427e-01,4.701349139213562012e-01,-1.178963407874107361e-01,8.331538736820220947e-02,0.000000000000000000e+00,2.406314313411712646e-01,4.797354340553283691e-01,2.398227304220199585e-01,3.054176270961761475e-01,1.099339798092842102e-01,5.857347846031188965e-01,-2.833436727523803711e-01,1.964540332555770874e-01,-3.929274529218673706e-02,-1.673751771450042725e-01,-3.863435983657836914e-01,-1.164231225848197937e-01,-1.178615018725395203e-01,-2.037104666233062744e-01,-2.177406400442123413e-01,2.231118828058242798e-01,3.564403653144836426e-01,-1.864368766546249390e-01,-1.468852311372756958e-01,-2.003879100084304810e-01,-2.006926983594894409e-01,-1.622982919216156006e-01,-3.933380842208862305e-01,7.109967060387134552e-03,8.856465667486190796e-02,-1.238015368580818176e-01,-2.715222723782062531e-02,2.057545632123947144e-01,1.798574626445770264e-01,-2.173601686954498291e-01,-3.526900112628936768e-01,-6.733595579862594604e-02,-2.557640373706817627e-01,-9.799337387084960938e-02,-1.653591096401214600e-01,-1.162404417991638184e-01,-2.986803650856018066e-01,-1.147046461701393127e-01,-2.511586546897888184e-01,-9.093227237462997437e-02,-1.944494247436523438e-01,-1.090743169188499451e-01,-5.913327634334564209e-02,-1.087497267872095108e-02,3.870948776602745056e-02,-3.585043549537658691e-02,3.872177004814147949e-02,1.338820755481719971e-01,5.186092481017112732e-02,-1.797777265310287476e-01,-1.781915724277496338e-01,1.177037581801414490e-01,1.738260239362716675e-01,3.358290195465087891e-01,2.851319909095764160e-01,-2.792294509708881378e-02,-7.055413722991943359e-02,3.620383739471435547e-01,2.925642728805541992e-01,9.640429168939590454e-02,3.122161142528057098e-02,-2.567489445209503174e-01,2.022795751690864563e-02,-1.728642582893371582e-01,-1.011684164404869080e-01,-1.937729716300964355e-01,-1.965090185403823853e-01,3.009491367265582085e-03,-3.495344892144203186e-02,7.564593106508255005e-02,1.668191552162170410e-01,-3.215520083904266357e-01,-2.747551500797271729e-01,-3.902467489242553711e-01,-3.343913853168487549e-01,-2.245810329914093018e-01,-3.566208183765411377e-01,-1.460234168916940689e-02,-2.462004683911800385e-02,-1.729848384857177734e-01,-2.591809332370758057e-01,1.045368909835815430e-01,1.696459203958511353e-01,8.679074048995971680e-02,1.931282281875610352e-01,-2.350696772336959839e-01,6.884062290191650391e-02,8.753092028200626373e-03,1.085894554853439331e-01,1.821373850107192993e-01,8.221795409917831421e-02,3.483342826366424561e-01,2.059519737958908081e-01,-4.491470381617546082e-02,1.635970175266265869e-01,8.321759849786758423e-02,6.885103136301040649e-02,-3.018706291913986206e-02,7.596634328365325928e-02,-1.290467679500579834e-01,-4.202246293425559998e-02,6.806769967079162598e-02,-3.916906937956809998e-02,2.487839609384536743e-01,1.386608481407165527e-01,6.519100069999694824e-02,9.814142435789108276e-02,-9.556952118873596191e-02,8.201964199542999268e-02
-5.561848729848861694e-02,-1.811398565769195557e-01,7.880715280771255493e-02,4.326423406600952148e-01,-4.351825639605522156e-02,1.938006132841110229e-01,2.406314313411712646e-01,0.000000000000000000e+00,1.548018455505371094e-01,1.491130739450454712e-01,1.747970134019851685e-01,3.026737868785858154e-01,8.500671386718750000e-02,4.605242982506752014e-02,-9.596200287342071533e-02,-6.348771974444389343e-03,-3.564183413982391357e-01,-2.948313355445861816e-01,-5.435662344098091125e-02,2.594875693321228027e-01,-1.170231699943542480e-01,-1.352707594633102417e-01,9.662161028245463967e-05,3.188650608062744141e-01,-1.221107915043830872e-01,-1.415680199861526489e-01,-2.899552881717681885e-01,-3.049436509609222412e-01,-9.250626713037490845e-02,2.177347801625728607e-02,5.400768294930458069e-02,2.543661892414093018e-01,-7.516640424728393555e-02,1.707549244165420532e-01,8.721602708101272583e-02,2.612529993057250977e-01,-1.027935370802879333e-01,-9.704966843128204346e-02,-1.292500644922256470e-01,-2.455116659402847290e-01,-8.405930548906326294e-02,-1.789722889661788940e-01,-1.380788814276456833e-02,-2.590892612934112549e-01,-3.346416652202606201e-01,-4.145977199077606201e-01,-1.668510586023330688e-01,-2.779021561145782471e-01,-2.138465791940689087e-01,-2.512236237525939941e-01,1.491849124431610107e-01,-6.913059204816818237e-02,2.607197761535644531e-01,-1.159135177731513977e-01,1.499745845794677734e-01,-1.790342479944229126e-01,-3.655100166797637939e-01,-2.855332493782043457e-01,1.573453694581985474e-01,1.958007067441940308e-01,2.873493731021881104e-01,3.766822814941406250e-01,-3.350902497768402100e-01,9.208611398935317993e-02,1.386077255010604858e-01,2.581959068775177002e-01,-5.114876478910446167e-02,-1.302230209112167358e-01,1.177027598023414612e-01,2.807648181915283203e-01,-9.273603558540344238e-02,-9.003173559904098511e-02,-2.274108380079269409e-01,-2.316899299621582031e-01,7.748590409755706787e-02,2.144387457519769669e-03,3.344770073890686035e-01,3.990587592124938965e-01,-6.454090774059295654e-02,-2.561078071594238281e-01,-3.464960753917694092e-01,-4.744407832622528076e-01,-2.237519323825836182e-01,-3.083066642284393311e-01,-3.295172452926635742e-01,-5.169990658760070801e-01,-3.168107867240905762e-01,-3.630329668521881104e-01,1.184287965297698975e-01,-2.237733453512191772e-01,4.085189998149871826e-01,2.019089907407760620e-01,2.432875633239746094e-01,2.564957737922668457e-02,4.571780562400817871e-02,2.512595057487487793e-01,1.614748388528823853e-01,7.992760092020034790e-02,3.421891331672668457e-01,2.428929060697555542e-01,2.757423222064971924e-01,1.393778026103973389e-01,6.321229040622711182e-02,2.167768776416778564e-02,5.097296461462974548e-02,-5.914121866226196289e-02,2.485815063118934631e-02,9.543784707784652710e-02,5.067729577422142029e-02,-6.672208756208419800e-02,3.416126072406768799e-01,3.030589818954467773e-01,2.461512535810470581e-01,-2.915311791002750397e-02,-1.043296419084072113e-02,9.690613299608230591e-02
9.199867397546768188e-02,-2.056081146001815796e-01,3.763086497783660889e-01,2.868628501892089844e-01,3.044355213642120361e-01,3.007333874702453613e-01,4.797354340553283691e-01,1.548018455505371094e-01,0.000000000000000000e+00,3.217824101448059082e-01,1.767197251319885254e-01,3.185619786381721497e-02,4.196488261222839355e-01,-3.028394281864166260e-01,4.970611333847045898e-01,-3.919649403542280197e-03,-1.472794860601425171e-01,-1.499342471361160278e-01,4.471058025956153870e-02,-8.052900433540344238e-02,-1.966412179172039032e-02,-5.334686487913131714e-02,1.568214446306228638e-01,2.801807522773742676e-01,1.817717552185058594e-01,9.536072611808776855e-02,-1.624889113008975983e-02,-2.334607951343059540e-02,-6.877829879522323608e-02,-9.985083341598510742e-02,1.709514558315277100e-01,9.924334287643432617e-02,-9.553194046020507812e-02,-3.958251327276229858e-02,2.691175043582916260e-01,2.364674359560012817e-01,-1.055300757288932800e-01,-1.888842582702636719e-01,-5.779708549380302429e-02,-2.150820940732955933e-01,-6.025494635105133057e-02,-1.669085472822189331e-01,-3.103529848158359528e-02,-2.348367571830749512e-01,-1.366529017686843872e-01,-1.809526681900024414e-01,5.185819696635007858e-03,-9.066160768270492554e-02,-9.946289472281932831e-03,-1.191358417272567749e-01,3.763157129287719727e-02,-1.377615481615066528e-01,5.046086758375167847e-02,-1.764819025993347168e-01,1.307674944400787354e-01,4.911000840365886688e-03,-1.482658088207244873e-01,-2.087338417768478394e-01,-8.344272524118423462e-02,-8.192630112171173096e-02,2.179517894983291626e-01,1.341860592365264893e-01,-5.820242688059806824e-02,-5.793065577745437622e-02,5.034379959106445312e-01,2.889097034931182861e-01,1.118042021989822388e-01,-1.410702615976333618e-02,-1.316747665405273438e-01,3.173425048589706421e-02,-1.416699737310409546e-01,-1.348263472318649292e-01,-1.458217054605484009e-01,-2.037170976400375366e-01,-9.509710967540740967e-02,-1.534796059131622314e-01,1.105997860431671143e-01,1.569050550460815430e-01,-1.265533864498138428e-01,-2.308027893304824829e-01,-1.987515389919281006e-01,-2.256758809089660645e-01,-1.933946087956428528e-02,-1.971059441566467285e-01,2.143032699823379517e-01,-1.474708914756774902e-01,-4.802037030458450317e-02,-2.704892754554748535e-01,2.125250697135925293e-01,-3.471139073371887207e-02,1.476843804121017456e-01,1.444432437419891357e-01,-1.516289561986923218e-01,-1.236149892210960388e-01,3.381468728184700012e-02,8.305231481790542603e-02,1.852830499410629272e-01,1.060930714011192322e-01,2.377918660640716553e-01,1.991104483604431152e-01,4.092215746641159058e-02,-6.760807335376739502e-02,1.765930652618408203e-01,2.240552566945552826e-02,-1.402232050895690918e-02,-4.968728870153427124e-02,-1.031972840428352356e-02,-3.864085301756858826e-03,-8.408626168966293335e-02,-4.510352015495300293e-02,2.708595693111419678e-01,1.586674749851226807e-01,3.245270997285842896e-02,1.298502534627914429e-01,-5.773670598864555359e-02,1.595403812825679779e-02
-1.311311274766921997e-01,-6.891965866088867188e-02,8.832340687513351440e-02,4.352185130119323730e-01,2.538877427577972412e-01,3.310822546482086182e-01,2.398227304220199585e-01,1.491130739450454712e-01,3.217824101448059082e-01,0.000000000000000000e+00,-1.471922695636749268e-01,2.398124784231185913e-01,1.076451539993286133e-01,6.093911826610565186e-02,1.612714231014251709e-01,5.188921689987182617e-01,-2.982824295759201050e-02,-7.603694498538970947e-02,8.967921137809753418e-02,7.884664833545684814e-02,2.503908984363079071e-02,7.783832401037216187e-02,3.132164180278778076e-01,4.753528237342834473e-01,2.825885117053985596e-01,4.128347039222717285e-01,1.720560342073440552e-01,3.016874492168426514e-01,1.080077420920133591e-02,-4.170861467719078064e-02,3.094948828220367432e-01,3.206576108932495117e-01,6.588593870401382446e-02,1.669571697711944580e-01,-2.626581303775310516e-02,-3.187954053282737732e-02,-1.137594729661941528e-01,-1.743286699056625366e-01,-8.855790644884109497e-02,9.901250153779983521e-02,1.045362278819084167e-01,1.423219591379165649e-01,-1.020711734890937805e-01,-1.678455471992492676e-01,-8.812677860260009766e-02,-1.508552432060241699e-01,-1.381180882453918457e-01,-1.647297888994216919e-01,-9.477191418409347534e-02,-2.345506250858306885e-01,-1.506412923336029053e-01,-7.027446478605270386e-02,-1.917929053306579590e-01,9.504318982362747192e-02,-1.258194893598556519e-01,-1.591322012245655060e-02,-1.140023395419120789e-01,-9.401264041662216187e-02,-2.705940008163452148e-01,-1.952261626720428467e-01,-1.601281315088272095e-01,7.229154556989669800e-02,7.670588046312332153e-02,-3.287116065621376038e-02,1.689961999654769897e-01,2.603625357151031494e-01,-1.596595160663127899e-02,5.964130535721778870e-02,6.578637659549713135e-02,8.091236650943756104e-02,2.864083461463451385e-02,2.358863055706024170e-01,1.641430109739303589e-01,9.685506671667098999e-02,4.931721836328506470e-02,1.372293084859848022e-01,-1.462182104587554932e-01,7.597333192825317383e-02,-1.826977282762527466e-01,4.448404163122177124e-02,-1.489311456680297852e-01,7.245964556932449341e-02,-1.150043457746505737e-01,1.443151831626892090e-01,-1.853718608617782593e-02,1.283544152975082397e-01,-7.027943432331085205e-02,3.024500012397766113e-01,-1.887155473232269287e-01,1.706793606281280518e-01,-1.540918648242950439e-01,-2.850093692541122437e-02,-1.126640886068344116e-01,9.125387668609619141e-02,-7.009223103523254395e-02,-1.060677245259284973e-01,-7.179807871580123901e-02,-9.911124594509601593e-03,-6.009628996253013611e-02,-1.094183102250099182e-01,-8.317308500409126282e-03,1.668739616870880127e-01,-1.251966319978237152e-02,1.192774847149848938e-01,-8.517619967460632324e-02,6.984583288431167603e-02,-2.371375560760498047e-01,-2.950380556285381317e-02,-2.842566184699535370e-02,4.977799579501152039e-02,-9.169887006282806396e-02,-8.550717681646347046e-02,-1.518736779689788818e-01,-4.498520866036415100e-02,-1.035627871751785278e-01,-1.354730427265167236e-01
3.561638295650482178e-01,8.001399785280227661e-02,3.077385723590850830e-01,-1.317241042852401733e-01,1.678688079118728638e-01,1.236746013164520264e-01,3.054176270961761475e-01,1.747970134019851685e-01,1.767197251319885254e-01,-1.471922695636749268e-01,0.000000000000000000e+00,1.895816028118133545e-01,4.760088622570037842e-01,6.414740532636642456e-02,2.108189016580581665e-01,-1.400230973958969116e-01,5.423383787274360657e-02,9.786911308765411377e-02,9.849278628826141357e-02,2.805106900632381439e-02,-5.623438209295272827e-02,-2.342406660318374634e-02,8.954203128814697266e-02,8.896092884242534637e-03,7.144827395677566528e-02,-3.029113821685314178e-02,1.114752739667892456e-01,-1.494635492563247681e-01,9.912756830453872681e-02,-3.543922305107116699e-02,1.381539553403854370e-01,1.128655374050140381e-01,6.832273304462432861e-02,1.237748414278030396e-01,1.958466917276382446e-01,2.634955346584320068e-01,4.166786745190620422e-02,-1.637405157089233398e-01,6.426011770963668823e-02,-1.918049752712249756e-01,1.355659067630767822e-01,-2.885010093450546265e-02,1.177063770592212677e-02,-7.534901052713394165e-02,1.545381546020507812e-02,-6.169639155268669128e-02,3.837895020842552185e-02,-4.562593996524810791e-02,-1.365964412689208984e-01,-1.426180303096771240e-01,-2.516068704426288605e-02,-3.441191613674163818e-01,8.702678978443145752e-02,-3.833990395069122314e-01,2.445386350154876709e-01,-1.654879748821258545e-01,9.453035145998001099e-02,2.449892088770866394e-02,2.221576422452926636e-01,1.235763877630233765e-01,4.052920341491699219e-01,1.283137500286102295e-01,1.808315366506576538e-01,2.485247105360031128e-01,1.835205256938934326e-01,-4.368648305535316467e-02,1.078234687447547913e-01,6.644793599843978882e-02,8.966200798749923706e-02,-7.305180281400680542e-02,2.008910179138183594e-01,-5.661424621939659119e-02,-4.314969852566719055e-02,-8.062811195850372314e-02,-3.917504567652940750e-03,-1.076883077621459961e-01,1.688571572303771973e-01,6.729336082935333252e-02,1.119187176227569580e-01,-1.260046958923339844e-01,6.383124738931655884e-02,-2.139352113008499146e-01,9.787672758102416992e-02,-1.843570172786712646e-01,1.385376751422882080e-01,-3.557047247886657715e-01,1.245560050010681152e-01,-3.326815366744995117e-01,2.845840454101562500e-01,-3.310066163539886475e-01,9.522189944982528687e-02,-1.650289148092269897e-01,-4.260472953319549561e-02,-3.172338008880615234e-01,-6.657126545906066895e-02,7.231608498841524124e-03,4.884558543562889099e-02,-1.385907828807830811e-01,3.383553028106689453e-02,-9.351305663585662842e-02,2.000366104766726494e-03,-2.140839993953704834e-01,1.266067773103713989e-01,-1.366834640502929688e-01,2.887872233986854553e-02,-8.136983215808868408e-02,8.243132382631301880e-02,-7.007817924022674561e-02,-6.185696274042129517e-02,5.823681503534317017e-02,1.695216745138168335e-01,-4.178113862872123718e-02,-8.560610562562942505e-02,6.811498850584030151e-02,5.065068602561950684e-02,-1.202050447463989258e-01
2.229735106229782104e-01,3.046217858791351318e-01,-3.900615032762289047e-03,3.043621480464935303e-01,7.176891714334487915e-02,1.837230026721954346e-01,1.099339798092842102e-01,3.026737868785858154e-01,3.185619786381721497e-02,2.398124784231185913e-01,1.895816028118133545e-01,0.000000000000000000e+00,1.639340221881866455e-01,2.610772550106048584e-01,3.307328000664710999e-02,2.988548576831817627e-01,1.263999938964843750e-01,1.197226569056510925e-01,1.990549564361572266e-01,2.918437123298645020e-01,-6.363987177610397339e-02,-1.801504343748092651e-01,8.883588761091232300e-02,2.276281267404556274e-01,4.564331471920013428e-02,1.448213309049606323e-01,8.813108317553997040e-03,1.256354600191116333e-01,3.873904347419738770e-01,6.072176992893218994e-02,3.292726576328277588e-01,3.601832985877990723e-01,3.806908130645751953e-01,4.202690124511718750e-01,-9.287394583225250244e-02,-4.735803697258234024e-03,-2.086514979600906372e-01,-1.819384396076202393e-01,-2.339195013046264648e-01,-5.375730618834495544e-02,9.356296807527542114e-02,3.456616029143333435e-02,-1.772565208375453949e-02,-2.407917380332946777e-02,8.416969329118728638e-02,-7.530800253152847290e-02,1.176102738827466965e-02,-1.080810464918613434e-02,-1.447204798460006714e-01,-1.860671043395996094e-01,-2.303793132305145264e-01,-9.615571051836013794e-02,-2.580589056015014648e-01,-7.768239825963973999e-02,-1.239728704094886780e-01,-8.246039599180221558e-02,1.494736373424530029e-01,2.169626206159591675e-01,5.109371989965438843e-02,2.313754409551620483e-01,1.273264288902282715e-01,3.132199048995971680e-01,2.208401858806610107e-01,3.541733622550964355e-01,-9.356580674648284912e-02,4.974598414264619350e-04,4.932787269353866577e-02,4.921397939324378967e-02,1.881224364042282104e-01,1.186669468879699707e-01,1.649727821350097656e-01,2.580295205116271973e-01,1.819334626197814941e-01,5.547500401735305786e-02,1.411843448877334595e-01,3.924828395247459412e-02,1.404452621936798096e-01,2.740720510482788086e-01,-2.224604636430740356e-01,2.094096690416336060e-01,-1.347880214452743530e-01,-3.176005929708480835e-02,-1.720596700906753540e-01,-7.226956542581319809e-03,-2.119252383708953857e-01,-2.244221232831478119e-02,-2.326726615428924561e-01,-3.864901838824152946e-03,-3.094351291656494141e-01,-8.582187443971633911e-02,-2.759214043617248535e-01,-2.764391303062438965e-01,-1.525805592536926270e-01,-4.044498503208160400e-02,-1.706881374120712280e-01,-3.001552633941173553e-02,-1.660071015357971191e-01,-2.050428241491317749e-01,-1.190169230103492737e-01,-1.931709200143814087e-01,-9.773392230272293091e-02,1.460332721471786499e-01,-9.703998267650604248e-02,1.166834961622953415e-02,-5.196218937635421753e-02,1.111804842948913574e-01,-2.149427682161331177e-01,4.520395770668983459e-02,1.431142389774322510e-01,-5.459024570882320404e-03,-1.898418366909027100e-01,-1.320047974586486816e-01,-1.868354082107543945e-01,-1.543869916349649429e-02,1.892711073160171509e-01,-2.247007340192794800e-01
2.173193991184234619e-01,-9.561365097761154175e-02,4.772683605551719666e-02,1.634884774684906006e-01,-9.600481018424034119e-03,4.794523864984512329e-02,5.857347846031188965e-01,8.500671386718750000e-02,4.196488261222839355e-01,1.076451539993286133e-01,4.760088622570037842e-01,1.639340221881866455e-01,0.000000000000000000e+00,-1.788304746150970459e-01,4.017258882522583008e-01,-1.114733517169952393e-02,5.779838189482688904e-02,-2.022692114114761353e-01,-2.965853735804557800e-02,-1.629109084606170654e-01,-3.742501139640808105e-02,-1.023791730403900146e-01,1.726603657007217407e-01,2.211676985025405884e-01,-5.219243466854095459e-02,-8.118257671594619751e-02,-6.586757302284240723e-02,-1.736901998519897461e-01,1.214246004819869995e-01,-1.638173907995223999e-01,4.258527234196662903e-02,8.396564424037933350e-02,6.127355620265007019e-02,4.380021989345550537e-02,2.828462421894073486e-01,2.925207018852233887e-01,-9.980771690607070923e-02,-2.731540501117706299e-01,-1.122856736183166504e-01,-1.974228471517562866e-01,1.191974896937608719e-02,-1.109102815389633179e-01,4.023310914635658264e-02,-5.992324277758598328e-02,5.814455449581146240e-02,-5.984717607498168945e-02,1.677594631910324097e-01,1.341656595468521118e-02,-3.933440521359443665e-02,5.111273005604743958e-02,-1.653368324041366577e-01,-5.654749274253845215e-02,-2.018163949251174927e-01,-1.256464868783950806e-01,6.613665074110031128e-02,4.208926856517791748e-02,2.352707646787166595e-02,-9.053196012973785400e-02,1.939730942249298096e-01,1.017326116561889648e-01,3.215003609657287598e-01,2.475998699665069580e-01,1.295467019081115723e-01,-2.249478921294212341e-02,3.138337135314941406e-01,1.761155724525451660e-01,1.892356723546981812e-01,1.212234348058700562e-01,-2.658375799655914307e-01,-1.552038639783859253e-01,-4.267989844083786011e-02,-1.100831553339958191e-01,-9.012458473443984985e-02,-1.257140338420867920e-01,1.848073676228523254e-02,-1.910748891532421112e-02,6.385828554630279541e-02,1.254774332046508789e-01,-7.653214782476425171e-02,-5.037235096096992493e-02,-1.628939360380172729e-01,-1.711412221193313599e-01,-1.075818687677383423e-01,-2.176289856433868408e-01,1.321284770965576172e-01,5.428699031472206116e-02,-1.043942719697952271e-01,-2.397780567407608032e-01,4.868740588426589966e-02,-4.456751514226198196e-03,-1.194238811731338501e-01,-3.074830397963523865e-02,-2.993077337741851807e-01,1.052435021847486496e-02,2.419717051088809967e-02,3.218757221475243568e-03,1.718403026461601257e-02,2.288016118109226227e-02,9.123095870018005371e-02,-2.556895278394222260e-02,-2.127338945865631104e-01,-6.515893619507551193e-03,-8.721550554037094116e-02,-1.548407375812530518e-01,-1.410653889179229736e-01,-4.054851457476615906e-02,-1.648142337799072266e-01,1.359489280730485916e-02,-4.519205167889595032e-02,-1.042505800724029541e-01,1.062837168574333191e-01,2.875764295458793640e-02,-7.638608664274215698e-02,-2.469072490930557251e-02,4.541333392262458801e-02,-1.540534496307373047e-01
