0.000000000000000000e+00,3.935180306434631348e-01,2.763840854167938232e-01,3.591907918453216553e-01,6.285729259252548218e-02,-5.300955846905708313e-02,2.607628405094146729e-01,-1.503393985331058502e-02,1.067717466503381729e-02,-8.388675749301910400e-02,2.327046990394592285e-01,1.159579530358314514e-01,9.971047192811965942e-02,1.182654406875371933e-02,2.958419919013977051e-02,-2.072566002607345581e-01,1.195322424173355103e-01,1.851865202188491821e-01,3.621717095375061035e-01,3.824527263641357422e-01,-8.822462707757949829e-02,-1.748130470514297485e-01,2.436006963253021240e-01,2.285578697919845581e-01,-1.543859988451004028e-01,-1.815700829029083252e-01,-1.370507627725601196e-01,-1.120150536298751831e-01,1.209345534443855286e-01,9.507241100072860718e-02,1.223945692181587219e-01,-1.565604098141193390e-02,2.192858159542083740e-01,1.748023554682731628e-02,-2.058638259768486023e-02,-1.041271686553955078e-01,-2.005307078361511230e-01,-2.564456760883331299e-01,-1.558732837438583374e-01,-9.215664863586425781e-02,3.951177373528480530e-02,-1.352380365133285522e-01,-1.622637510299682617e-01,2.593263238668441772e-02,-6.831402331590652466e-02,3.400204703211784363e-02,-1.699776798486709595e-01,-1.971419900655746460e-01,-1.562871187925338745e-01,-2.404654212296009064e-02,-1.371543556451797485e-01,-1.446723490953445435e-01,2.077675191685557365e-03,-1.893493086099624634e-01,-2.217032313346862793e-01,-3.021690547466278076e-01,3.154706656932830811e-01,2.836770713329315186e-01,3.947693705558776855e-01,2.428147047758102417e-01,1.048983484506607056e-01,2.402302436530590057e-02,1.019835546612739563e-01,-5.016997456550598145e-02,-6.499028205871582031e-02,1.256626658141613007e-02,2.370889335870742798e-01,1.968170702457427979e-01,2.846566438674926758e-01,3.448273837566375732e-01,1.906102895736694336e-01,1.208581849932670593e-01,7.087895274162292480e-02,-1.105165202170610428e-02,1.490194629877805710e-02,4.688041657209396362e-02,9.584392607212066650e-02,-2.665824815630912781e-02,8.447875827550888062e-02,1.897708475589752197e-01,-1.383851766586303711e-01,-1.502718925476074219e-01,-1.452264040708541870e-01,-1.155462954193353653e-02,-3.861676901578903198e-03,-1.238737702369689941e-01,-1.083292290568351746e-01,-5.574452131986618042e-02,-4.808806255459785461e-02,-8.512362837791442871e-02,-1.558361202478408813e-01,-1.002323701977729797e-01,-1.304855942726135254e-01,-3.884633257985115051e-02,-1.190315261483192444e-01,-1.690348237752914429e-01,-1.781686246395111084e-01,7.056186348199844360e-02,-1.454735547304153442e-01,-7.296652346849441528e-02,-1.569527089595794678e-01,-8.586021512746810913e-02,8.752076327800750732e-02,3.289685025811195374e-02,1.699489057064056396e-01,2.352488189935684204e-01,1.335272639989852905e-01,4.414219874888658524e-03,2.016487345099449158e-02,-1.436606943607330322e-01,-2.286676317453384399e-01,-2.182041555643081665e-01,-1.440078485757112503e-03,-1.526831276714801788e-02,-9.189027477987110615e-04,-3.629450127482414246e-02
3.935180306434631348e-01,0.000000000000000000e+00,-2.421268634498119354e-02,3.619626909494400024e-02,3.209102451801300049e-01,1.603074818849563599e-01,-4.138725996017456055e-02,9.475822001695632935e-02,3.504608869552612305e-01,2.319406569004058838e-01,2.313454747200012207e-01,-4.052317887544631958e-02,7.028477638959884644e-02,-2.300635427236557007e-01,4.306693375110626221e-01,-1.043642759323120117e-01,-7.705777883529663086e-02,3.310022056102752686e-01,6.393615901470184326e-02,4.099053144454956055e-01,-2.874864963814616203e-03,6.530514219775795937e-04,1.808974891901016235e-01,-3.330773115158081055e-02,1.785646565258502960e-02,-4.499340057373046875e-02,-1.297994051128625870e-02,-1.628833115100860596e-01,-3.182090586051344872e-03,1.678038686513900757e-01,2.935152947902679443e-01,1.188289225101470947e-01,2.426286339759826660e-01,1.601534187793731689e-01,-2.052600234746932983e-01,-3.708585500717163086e-01,-1.487658452242612839e-02,-3.631641864776611328e-01,1.136654615402221680e-01,-1.974810212850570679e-01,4.948138818144798279e-02,-4.448740556836128235e-02,-3.881583213806152344e-01,-1.994397938251495361e-01,-1.311705708503723145e-01,-9.807848185300827026e-02,-1.817104518413543701e-01,-3.437421321868896484e-01,-4.765875637531280518e-02,2.552807703614234924e-02,-6.137474998831748962e-02,-3.449115157127380371e-01,1.843776106834411621e-01,-6.185479760169982910e-01,1.454631984233856201e-01,-5.058410167694091797e-01,6.612650156021118164e-01,7.217097282409667969e-01,4.358921647071838379e-01,5.205615758895874023e-01,2.526983320713043213e-01,-5.524810403585433960e-02,4.699606075882911682e-02,6.823471188545227051e-02,-1.969082802534103394e-01,-5.004071444272994995e-02,1.053233519196510315e-01,-1.019691824913024902e-01,3.731731176376342773e-01,3.480235934257507324e-01,4.255073666572570801e-01,-1.382860094308853149e-01,-5.334772169589996338e-02,8.366993814706802368e-02,2.821617722511291504e-01,-8.227927237749099731e-02,1.585582196712493896e-01,-1.792074441909790039e-01,1.841172575950622559e-01,-1.548239886760711670e-01,1.763781309127807617e-01,-5.189044475555419922e-01,1.426664888858795166e-01,-1.750299930572509766e-01,3.557697832584381104e-01,-6.119797229766845703e-01,1.073131188750267029e-01,-9.719938039779663086e-02,3.761258125305175781e-01,-5.211226344108581543e-01,4.329907521605491638e-02,-1.429520100355148315e-01,8.224983513355255127e-02,-2.352752238512039185e-01,-2.049207091331481934e-01,-1.738956421613693237e-01,1.081635504961013794e-01,-1.741180568933486938e-01,-8.547610789537429810e-02,-4.325408041477203369e-01,2.506218552589416504e-01,-3.800532817840576172e-01,3.557836711406707764e-01,-3.044463992118835449e-01,4.056693017482757568e-01,1.192337200045585632e-01,7.898230105638504028e-02,4.197983071208000183e-02,2.316282838582992554e-01,-9.153584390878677368e-02,-2.370389401912689209e-01,-2.883692681789398193e-01,-2.141491174697875977e-01,-2.425948828458786011e-01,-1.422826051712036133e-01,4.002425819635391235e-02
2.763840854167938232e-01,-2.421268634498119354e-02,0.000000000000000000e+00,3.373229801654815674e-01,-2.223780155181884766e-01,-2.645521461963653564e-01,5.656281113624572754e-01,-6.322469562292098999e-02,-2.784709632396697998e-01,-3.446514904499053955e-01,2.065883576869964600e-02,5.268413573503494263e-02,-6.160704419016838074e-02,9.933664649724960327e-02,-1.782993823289871216e-01,-7.653959840536117554e-02,8.992461860179901123e-02,-3.784698620438575745e-02,2.349731475114822388e-01,1.708101779222488403e-01,-2.544528245925903320e-01,-3.263016045093536377e-01,3.829362690448760986e-01,3.189427256584167480e-01,-2.552429139614105225e-01,-2.449615895748138428e-01,-3.067843914031982422e-01,-1.583669483661651611e-01,1.341748237609863281e-01,3.255330026149749756e-02,7.639417052268981934e-02,1.671047955751419067e-01,2.323454916477203369e-01,1.384039074182510376e-01,2.687390148639678955e-02,-8.680716902017593384e-02,-3.589150905609130859e-01,-2.417361736297607422e-01,-2.175249606370925903e-01,-2.148865610361099243e-01,-5.155691877007484436e-02,-1.582200825214385986e-01,-1.503721773624420166e-01,-1.878411620855331421e-01,-1.749272048473358154e-01,-8.485230803489685059e-02,-9.525047242641448975e-02,-1.344949603080749512e-01,-2.346425056457519531e-01,-5.180936679244041443e-02,-2.251227796077728271e-01,-6.811862438917160034e-02,-9.275311976671218872e-02,9.392466396093368530e-02,-2.903917729854583740e-01,-1.149671748280525208e-01,-9.136322885751724243e-02,-1.126186549663543701e-01,1.416905522346496582e-01,-5.015036556869745255e-03,1.095551904290914536e-02,1.339748129248619080e-02,1.849858909845352173e-01,2.381686866283416748e-01,9.360850602388381958e-02,-1.152277663350105286e-01,1.818771660327911377e-01,2.987013757228851318e-02,2.856146097183227539e-01,1.701114475727081299e-01,-1.665936596691608429e-02,1.303408592939376831e-01,2.056928426027297974e-01,-3.408074751496315002e-02,-7.461582124233245850e-02,6.771343201398849487e-02,1.675385423004627228e-02,8.310696482658386230e-02,-7.205066829919815063e-02,2.246218621730804443e-01,-2.692903280258178711e-01,1.343355625867843628e-01,-1.402345895767211914e-01,5.364068970084190369e-02,-2.680737674236297607e-01,1.382140666246414185e-01,-2.566724419593811035e-01,-2.189391106367111206e-01,-2.588900029659271240e-01,2.286567240953445435e-01,-1.385082602500915527e-01,1.434785127639770508e-01,-1.856994330883026123e-01,9.646166115999221802e-02,-1.280096769332885742e-01,-1.442148536443710327e-01,-2.703887522220611572e-01,2.019755542278289795e-01,-7.733879983425140381e-02,1.683001965284347534e-01,-6.894526630640029907e-02,1.121478304266929626e-01,-2.077352702617645264e-01,2.397414147853851318e-01,-1.446151523850858212e-03,2.551704347133636475e-01,6.563641130924224854e-02,-8.339907974004745483e-02,3.330364450812339783e-02,-1.173303499817848206e-01,-9.393211454153060913e-02,2.808959223330020905e-02,1.095783263444900513e-01,1.922034621238708496e-01,1.006046980619430542e-01,3.334669023752212524e-02
3.591907918453216553e-01,3.619626909494400024e-02,3.373229801654815674e-01,0.000000000000000000e+00,3.817584365606307983e-02,-4.961890727281570435e-02,4.712204337120056152e-01,1.706666648387908936e-01,-6.312358379364013672e-02,-1.151491776108741760e-01,2.117481678724288940e-01,2.530638873577117920e-01,-5.114926397800445557e-02,1.374739706516265869e-01,-1.966704279184341431e-01,-1.676107197999954224e-01,1.776889413595199585e-01,3.623363375663757324e-02,3.606958091259002686e-01,3.943698704242706299e-01,-2.667256891727447510e-01,-3.358165323734283447e-01,4.218969643115997314e-01,3.525429964065551758e-01,-2.569690346717834473e-01,-2.191066890954971313e-01,-3.324878513813018799e-01,-1.731140315532684326e-01,1.466015577316284180e-01,5.228908732533454895e-02,1.663544625043869019e-01,-9.575624018907546997e-03,2.424178421497344971e-01,8.677598834037780762e-02,5.918268486857414246e-02,2.312856912612915039e-02,-3.464742004871368408e-01,-2.952293157577514648e-01,-3.349010348320007324e-01,-1.896940618753433228e-01,-3.642227128148078918e-02,-1.732182949781417847e-01,-1.940023005008697510e-01,-6.003922782838344574e-03,-1.255435198545455933e-01,5.955509096384048462e-02,-1.546371579170227051e-01,-1.410816758871078491e-01,-2.412044852972030640e-01,-1.709086149930953979e-01,-2.265941053628921509e-01,-9.702527523040771484e-02,2.179831732064485550e-03,9.842483699321746826e-02,-4.672099649906158447e-01,-1.816756576299667358e-01,6.354012992233037949e-03,-7.034669816493988037e-02,1.402796208858489990e-01,1.178106851875782013e-02,-2.194725163280963898e-02,2.491988837718963623e-01,2.858015000820159912e-01,2.340664416551589966e-01,-1.055352203547954559e-02,8.581966906785964966e-02,1.905456483364105225e-01,3.061728179454803467e-01,1.914913058280944824e-01,2.996905148029327393e-01,1.647265404462814331e-01,2.412631213665008545e-01,1.604112535715103149e-01,6.870585680007934570e-02,-1.303633004426956177e-01,1.027499809861183167e-01,8.658270537853240967e-02,1.276569366455078125e-01,2.421744540333747864e-02,3.174374699592590332e-01,-3.548696637153625488e-01,8.205690234899520874e-02,-2.355784475803375244e-01,8.447112143039703369e-02,-2.935108244419097900e-01,1.629093289375305176e-01,-3.780260384082794189e-01,-9.833182394504547119e-02,-2.860065102577209473e-01,9.638452529907226562e-02,-7.822462171316146851e-02,-9.318026155233383179e-02,-6.434340029954910278e-02,1.940748468041419983e-02,-1.064246669411659241e-01,-1.365201324224472046e-01,-3.682378828525543213e-01,2.256745249032974243e-01,-9.639007598161697388e-02,7.344636321067810059e-02,-9.356543421745300293e-02,-4.686578363180160522e-02,-1.745089143514633179e-01,1.197667717933654785e-01,7.019449025392532349e-02,2.697153687477111816e-01,1.222524344921112061e-01,-7.089978456497192383e-02,-5.222302675247192383e-02,-1.109390631318092346e-01,-1.267961561679840088e-01,-6.007822975516319275e-02,1.644097566604614258e-01,1.415821313858032227e-01,2.856183946132659912e-01,-1.995622217655181885e-01
6.285729259252548218e-02,3.209102451801300049e-01,-2.223780155181884766e-01,3.817584365606307983e-02,0.000000000000000000e+00,6.957019567489624023e-01,-1.237803325057029724e-01,-2.647907435894012451e-01,7.856494784355163574e-01,5.603467822074890137e-01,-7.054567802697420120e-03,-1.908344030380249023e-01,-2.850615885108709335e-03,-2.227428853511810303e-01,6.287950277328491211e-01,2.755233347415924072e-01,-1.382226049900054932e-01,1.837430745363235474e-01,-1.453812420368194580e-01,2.684600949287414551e-01,2.354138493537902832e-01,2.867083251476287842e-01,2.585688531398773193e-01,-1.489795465022325516e-02,5.309657454490661621e-01,4.081854224205017090e-01,3.640944361686706543e-01,7.748935371637344360e-02,-1.000266056507825851e-02,7.273535430431365967e-02,4.197251200675964355e-01,1.324253436177968979e-02,3.903441503643989563e-02,5.505526810884475708e-02,8.680264651775360107e-02,7.802314125001430511e-03,1.553310304880142212e-01,-9.737879037857055664e-02,1.164182052016258240e-01,1.417876332998275757e-01,7.279016822576522827e-02,2.036188244819641113e-01,-1.579090505838394165e-01,-1.228075027465820312e-01,-3.118752129375934601e-02,-1.922132670879364014e-01,3.328093886375427246e-02,-1.211336776614189148e-01,-1.676899939775466919e-01,-2.309872806072235107e-01,-1.560510993003845215e-01,-3.986568748950958252e-01,1.524839103221893311e-01,-4.766062796115875244e-01,1.191817894577980042e-01,-1.342916190624237061e-01,4.643888771533966064e-01,3.694644272327423096e-01,3.179514706134796143e-01,1.185343936085700989e-01,5.008252710103988647e-02,-2.089166641235351562e-01,-7.142878323793411255e-02,-1.626637727022171021e-01,-4.017027094960212708e-02,-9.707350283861160278e-02,1.516518294811248779e-01,-1.053673699498176575e-01,3.920337185263633728e-02,2.152195125818252563e-01,5.788694024085998535e-01,1.393606066703796387e-01,-1.596663147211074829e-01,2.934794314205646515e-02,2.761121690273284912e-01,9.783311188220977783e-02,8.620614558458328247e-02,1.004219171591103077e-03,1.316702365875244141e-01,-6.006509065628051758e-02,1.752074658870697021e-01,-3.276613056659698486e-01,2.399151772260665894e-01,3.368536755442619324e-02,2.521401345729827881e-01,-4.555622935295104980e-01,6.026311963796615601e-02,1.867335587739944458e-01,2.258901298046112061e-01,-2.930673956871032715e-01,-3.054419718682765961e-02,-6.941763567738234997e-04,2.192677259445190430e-01,-1.265117228031158447e-01,2.163116633892059326e-02,3.231762722134590149e-02,9.299572557210922241e-03,-1.275891661643981934e-01,-2.409637421369552612e-01,-3.937497437000274658e-01,1.132000237703323364e-01,-1.154830381274223328e-01,2.884470224380493164e-01,-1.224633827805519104e-01,2.141830027103424072e-01,4.637447372078895569e-02,-5.430544912815093994e-02,-3.300275281071662903e-02,1.285021454095840454e-01,7.317628711462020874e-02,-6.083299964666366577e-02,-2.868254184722900391e-01,-7.007984817028045654e-02,-2.479987740516662598e-01,-7.920464873313903809e-02,-1.500423401594161987e-01
-5.300955846905708313e-02,1.603074818849563599e-01,-2.645521461963653564e-01,-4.961890727281570435e-02,6.957019567489624023e-01,0.000000000000000000e+00,-2.451139390468597412e-01,-1.687824279069900513e-01,6.535583734512329102e-01,7.305358052253723145e-01,-1.437794864177703857e-01,-2.208462208509445190e-01,-2.032904513180255890e-02,-1.355813145637512207e-01,4.935651123523712158e-01,4.053933024406433105e-01,-2.118984311819076538e-01,1.281622890383005142e-02,-2.695193290710449219e-01,4.367325082421302795e-02,3.318695724010467529e-01,4.035618901252746582e-01,6.586045026779174805e-03,-1.496899425983428955e-01,5.831040143966674805e-01,5.481256246566772461e-01,4.446861743927001953e-01,2.155644446611404419e-01,-1.606507152318954468e-01,-9.864661097526550293e-02,2.687767148017883301e-01,2.064774977043271065e-03,-1.207574233412742615e-01,-5.742676556110382080e-02,7.450025528669357300e-02,-7.593297865241765976e-03,2.964954674243927002e-01,1.662533432245254517e-01,1.468337178230285645e-01,2.297522723674774170e-01,1.485680341720581055e-01,2.897114455699920654e-01,-3.248479589819908142e-02,-9.413273632526397705e-02,4.240068048238754272e-02,-2.215607166290283203e-01,-2.445118874311447144e-02,-6.848680973052978516e-02,-1.130361706018447876e-01,-2.400040179491043091e-01,-1.830432680435478687e-03,-2.284319549798965454e-01,1.064242050051689148e-01,-2.612568736076354980e-01,1.180636882781982422e-01,2.953145466744899750e-02,3.451269567012786865e-01,2.485979199409484863e-01,1.251988410949707031e-01,-1.142417713999748230e-01,-9.871011227369308472e-02,-3.159030079841613770e-01,-1.375800967216491699e-01,-2.379098683595657349e-01,-5.079339444637298584e-02,-1.639057397842407227e-01,-7.293388992547988892e-02,-2.126425206661224365e-01,-1.404378712177276611e-01,6.280969828367233276e-02,3.662368357181549072e-01,9.798704832792282104e-02,-2.452261149883270264e-01,-4.048914089798927307e-02,1.713803857564926147e-01,9.983994998037815094e-03,-3.631576895713806152e-02,-3.153227269649505615e-02,-5.829854682087898254e-02,-1.174964532256126404e-01,1.897913515567779541e-01,-1.368416249752044678e-01,3.072264492511749268e-01,1.054466590285301208e-01,2.752917408943176270e-01,-2.848920524120330811e-01,2.395891547203063965e-01,3.610202670097351074e-01,2.295643836259841919e-01,-2.073018997907638550e-01,5.588250979781150818e-02,2.320666424930095673e-02,2.868835031986236572e-01,2.357457205653190613e-02,2.882805466651916504e-02,5.045391991734504700e-02,1.266884803771972656e-01,-1.142131760716438293e-01,-1.455783993005752563e-01,-2.832719683647155762e-01,8.736223727464675903e-02,-3.681482002139091492e-02,1.819147765636444092e-01,-8.018238097429275513e-02,6.985563039779663086e-02,-8.496105670928955078e-02,-5.263838171958923340e-02,6.048762798309326172e-02,-4.385142773389816284e-02,9.034357964992523193e-02,3.482966870069503784e-02,-2.320476472377777100e-01,-5.167121812701225281e-02,-3.502926528453826904e-01,-9.624467790126800537e-02,-9.320493042469024658e-02
2.607628405094146729e-01,-4.138725996017456055e-02,5.656281113624572754e-01,4.712204337120056152e-01,-1.237803325057029724e-01,-2.451139390468597412e-01,0.000000000000000000e+00,6.551461666822433472e-02,-2.441903054714202881e-01,-3.491593897342681885e-01,2.579319179058074951e-01,2.207528203725814819e-01,9.335320442914962769e-02,1.308364272117614746e-01,-2.082583308219909668e-01,-5.760802328586578369e-02,1.862694323062896729e-01,-7.261078059673309326e-02,2.392870783805847168e-01,2.820911109447479248e-01,-3.215703666210174561e-01,-4.706471562385559082e-01,4.134114980697631836e-01,1.662628203630447388e-01,-4.258376657962799072e-01,-3.177893757820129395e-01,-3.650676906108856201e-01,-2.528945803642272949e-01,1.998425424098968506e-01,9.140445291996002197e-02,1.835214197635650635e-01,9.838962554931640625e-02,3.869096636772155762e-01,1.488111615180969238e-01,-1.671109348535537720e-01,-1.568700969219207764e-01,-5.193691253662109375e-01,-3.996286690235137939e-01,-3.230741918087005615e-01,-1.917071491479873657e-01,-1.703376024961471558e-01,-2.910553812980651855e-01,-1.749033033847808838e-01,-6.309516727924346924e-02,-1.956211775541305542e-01,-2.396963536739349365e-04,-1.421550661325454712e-01,-1.590242683887481689e-01,-2.911031544208526611e-01,-1.767440140247344971e-01,-2.843477427959442139e-01,-7.235544919967651367e-02,-1.384775787591934204e-01,1.491210013628005981e-01,-4.407861530780792236e-01,-1.525116562843322754e-01,-1.408547610044479370e-01,-2.340888530015945435e-01,2.192869484424591064e-01,3.334654122591018677e-02,1.666681319475173950e-01,2.125367224216461182e-01,4.403259456157684326e-01,3.764711618423461914e-01,-4.373307526111602783e-02,-1.687979847192764282e-01,2.741032242774963379e-01,1.857942789793014526e-01,2.039033919572830200e-01,1.879095733165740967e-01,3.169767931103706360e-02,1.872636228799819946e-01,2.331872135400772095e-01,4.214565828442573547e-02,-9.885396063327789307e-02,6.109860539436340332e-02,5.949125438928604126e-02,1.145462766289710999e-01,1.330294460058212280e-02,3.498882651329040527e-01,-4.267856180667877197e-01,1.443908363580703735e-01,-2.607415020465850830e-01,5.622950941324234009e-02,-3.947821259498596191e-01,1.959362924098968506e-01,-4.181271493434906006e-01,-2.738040089607238770e-01,-3.922986984252929688e-01,2.678793668746948242e-01,-1.361404955387115479e-01,2.000016719102859497e-01,-1.590417176485061646e-01,5.538972094655036926e-02,-1.262579113245010376e-01,-1.666029840707778931e-01,-3.853703141212463379e-01,2.909007370471954346e-01,-7.541733235120773315e-02,2.295151203870773315e-01,-5.840425193309783936e-02,1.755010187625885010e-01,-2.362365126609802246e-01,2.943081557750701904e-01,8.147301152348518372e-03,2.950802147388458252e-01,1.058303192257881165e-01,-7.515846192836761475e-02,7.572735100984573364e-02,-1.233738809823989868e-01,-6.023510918021202087e-02,9.883609414100646973e-02,1.717486232519149780e-01,2.756934463977813721e-01,1.916041672229766846e-01,-1.103969290852546692e-01
-1.503393985331058502e-02,9.475822001695632935e-02,-6.322469562292098999e-02,1.706666648387908936e-01,-2.647907435894012451e-01,-1.687824279069900513e-01,6.551461666822433472e-02,0.000000000000000000e+00,-2.075374871492385864e-01,-1.624614186584949493e-02,3.627961128950119019e-02,2.044878751039505005e-01,6.675276160240173340e-02,1.176617592573165894e-01,-1.809374243021011353e-01,-3.520600795745849609e-01,-2.141203582286834717e-01,-5.818562582135200500e-02,5.969118699431419373e-02,-7.523185759782791138e-02,-2.895589172840118408e-01,-2.193405032157897949e-01,-2.282202541828155518e-01,-8.981130272150039673e-02,-2.854400873184204102e-01,-1.936568617820739746e-01,-2.777545750141143799e-01,2.369449287652969360e-02,-1.299660205841064453e-01,4.583618417382240295e-02,-3.337693512439727783e-01,-5.954564735293388367e-02,-7.741931080818176270e-02,4.176345467567443848e-02,-1.327967941761016846e-01,-2.865061536431312561e-02,-6.583921611309051514e-02,-1.516297012567520142e-01,-1.734163016080856323e-01,-3.568904697895050049e-01,4.202305898070335388e-02,-2.464454025030136108e-01,-2.029687631875276566e-03,3.717549517750740051e-02,-6.694845855236053467e-02,1.037003938108682632e-03,-1.138464808464050293e-01,-4.230331256985664368e-02,4.676464572548866272e-02,-1.336511876434087753e-02,2.521216273307800293e-01,5.570424348115921021e-02,2.395642697811126709e-01,6.930316239595413208e-02,-6.287762522697448730e-02,-2.917864322662353516e-01,-1.239596009254455566e-01,4.915413632988929749e-02,-3.948215022683143616e-02,1.210933327674865723e-01,2.496971189975738525e-01,4.202123880386352539e-01,-3.292358294129371643e-02,9.721937775611877441e-02,-2.366958558559417725e-02,1.970075815916061401e-01,-3.270605811849236488e-03,2.253421097993850708e-01,6.544976029545068741e-03,2.668712660670280457e-02,-1.495969295501708984e-01,-3.103787600994110107e-01,-1.022393405437469482e-01,1.618331484496593475e-02,-1.283118873834609985e-01,-1.948903948068618774e-01,-3.803746402263641357e-02,-1.396522670984268188e-01,-6.391553580760955811e-02,1.099845580756664276e-02,1.123763248324394226e-01,-1.078233048319816589e-01,-7.506424095481634140e-03,-3.813020884990692139e-02,2.007288038730621338e-01,2.190132625401020050e-02,1.479279547929763794e-01,-8.227371424436569214e-02,8.714473247528076172e-02,-2.437408268451690674e-01,3.157891929149627686e-01,-1.659124046564102173e-01,1.359907090663909912e-01,8.112618327140808105e-02,-1.177259758114814758e-01,-3.456884250044822693e-02,8.886632323265075684e-02,2.929184585809707642e-02,1.701781153678894043e-01,-5.844616517424583435e-02,1.843616366386413574e-01,-2.532480359077453613e-01,4.782258346676826477e-02,-3.073336184024810791e-01,-6.984892487525939941e-02,-8.766096830368041992e-02,2.503085732460021973e-01,2.555664256215095520e-02,-1.481966227293014526e-01,-2.151825651526451111e-02,-4.904174432158470154e-02,-9.063366800546646118e-03,3.335860371589660645e-02,-6.524405442178249359e-03,1.110395342111587524e-01,-3.838538005948066711e-02
1.067717466503381729e-02,3.504608869552612305e-01,-2.784709632396697998e-01,-6.312358379364013672e-02,7.856494784355163574e-01,6.535583734512329102e-01,-2.441903054714202881e-01,-2.075374871492385864e-01,0.000000000000000000e+00,6.253327131271362305e-01,-1.973679289221763611e-02,-2.044430077075958252e-01,2.693053893744945526e-02,-2.305421531200408936e-01,7.073065638542175293e-01,2.580722570419311523e-01,-2.105357646942138672e-01,1.954605728387832642e-01,-1.977506577968597412e-01,2.083733081817626953e-01,2.907244265079498291e-01,3.597283065319061279e-01,1.782751232385635376e-01,-3.415191173553466797e-02,5.428169369697570801e-01,4.403920769691467285e-01,3.581122457981109619e-01,6.974951177835464478e-02,-1.080356687307357788e-01,3.733527287840843201e-02,3.796825408935546875e-01,7.038450986146926880e-02,-1.973397657275199890e-02,6.062890961766242981e-02,5.143558979034423828e-02,-1.317431218922138214e-02,2.050114274024963379e-01,-8.605955541133880615e-02,2.198764830827713013e-01,9.040536731481552124e-02,5.848947167396545410e-02,1.389977782964706421e-01,-2.082120180130004883e-01,-1.726120412349700928e-01,-5.403822660446166992e-02,-1.803084462881088257e-01,-1.049390435218811035e-02,-1.686994135379791260e-01,-1.059064716100692749e-01,-1.632710993289947510e-01,-1.282177418470382690e-01,-3.990486264228820801e-01,1.474171429872512817e-01,-5.710111856460571289e-01,2.334594726562500000e-01,-1.807410717010498047e-01,4.798292815685272217e-01,4.402239620685577393e-01,2.707444727420806885e-01,1.873587369918823242e-01,7.396929711103439331e-02,-1.900219917297363281e-01,-1.525778174400329590e-01,-1.472560912370681763e-01,-3.748396039009094238e-02,-3.763261437416076660e-02,7.362343370914459229e-02,-1.490160375833511353e-01,5.679488182067871094e-02,1.834493428468704224e-01,5.535584688186645508e-01,5.283362418413162231e-02,-2.217433601617813110e-01,7.055367343127727509e-03,3.174875378608703613e-01,5.694599449634552002e-02,8.638305217027664185e-02,-3.917136788368225098e-02,1.016499400138854980e-01,-1.762448400259017944e-01,2.464967519044876099e-01,-4.013195633888244629e-01,3.010264933109283447e-01,-6.477086991071701050e-02,3.472529649734497070e-01,-5.653195977210998535e-01,2.107338458299636841e-01,2.003180831670761108e-01,3.577614426612854004e-01,-4.418207406997680664e-01,-1.910759508609771729e-02,-2.512273006141185760e-02,2.013234198093414307e-01,-1.437594443559646606e-01,-2.058674581348896027e-02,-1.654514693655073643e-03,1.000722050666809082e-01,-2.391040176153182983e-01,-2.171371728181838989e-01,-4.717949330806732178e-01,1.270405799150466919e-01,-2.246659249067306519e-01,3.348794281482696533e-01,-2.210227251052856445e-01,2.781733572483062744e-01,-8.681399747729301453e-03,-1.163865774869918823e-01,2.963310293853282928e-02,1.544587314128875732e-01,1.475386042147874832e-02,-7.300531119108200073e-02,-3.270852863788604736e-01,-1.698826998472213745e-01,-2.626745402812957764e-01,-1.331311613321304321e-01,-5.691323429346084595e-02
-8.388675749301910400e-02,2.319406569004058838e-01,-3.446514904499053955e-01,-1.151491776108741760e-01,5.603467822074890137e-01,7.305358052253723145e-01,-3.491593897342681885e-01,-1.624614186584949493e-02,6.253327131271362305e-01,0.000000000000000000e+00,-1.232625022530555725e-01,-1.906561553478240967e-01,1.253599766641855240e-02,-1.344847083091735840e-01,5.270521640777587891e-01,3.566604256629943848e-01,-2.688416838645935059e-01,7.180303335189819336e-02,-3.180767297744750977e-01,-1.491700671613216400e-02,3.259741365909576416e-01,4.341706335544586182e-01,-5.196761339902877808e-02,-2.029534131288528442e-01,5.638946890830993652e-01,5.568783283233642578e-01,4.225484430789947510e-01,2.002854049205780029e-01,-2.327077239751815796e-01,-7.294921576976776123e-02,2.270377129316329956e-01,2.933734841644763947e-02,-1.215646937489509583e-01,2.144542336463928223e-02,3.730203956365585327e-02,-2.840861864387989044e-02,2.953020334243774414e-01,1.421901136636734009e-01,2.443629205226898193e-01,1.162158623337745667e-01,1.018671095371246338e-01,2.017465084791183472e-01,-1.229248121380805969e-01,-1.233649924397468567e-01,5.759242177009582520e-02,-1.355171203613281250e-01,-9.824025630950927734e-02,-1.654392182826995850e-01,2.312976121902465820e-02,-1.107498109340667725e-01,1.001909077167510986e-01,-1.927487105131149292e-01,1.350593566894531250e-01,-3.510532379150390625e-01,2.263547778129577637e-01,-3.942228108644485474e-02,3.652323484420776367e-01,3.611931502819061279e-01,1.036415174603462219e-01,-3.754986077547073364e-02,-7.003853563219308853e-03,-2.516241371631622314e-01,-2.304435521364212036e-01,-1.658955067396163940e-01,-5.915898084640502930e-02,-7.954290509223937988e-02,-1.732377558946609497e-01,-2.518084049224853516e-01,-1.288824975490570068e-01,2.211808040738105774e-02,3.609669506549835205e-01,-7.043664157390594482e-02,-3.308323025703430176e-01,-2.541143074631690979e-02,2.084323167800903320e-01,-4.280323162674903870e-02,-7.673943042755126953e-02,-1.326939016580581665e-01,-2.473202068358659744e-03,-1.989196687936782837e-01,3.008390069007873535e-01,-2.169765084981918335e-01,3.144741058349609375e-01,-2.850745059549808502e-02,3.945032060146331787e-01,-3.998070657253265381e-01,3.693514764308929443e-01,3.728702664375305176e-01,3.755843639373779297e-01,-3.724462389945983887e-01,6.835198402404785156e-02,-1.028811484575271606e-01,2.666535675525665283e-01,-5.292087793350219727e-02,-5.237379297614097595e-02,5.534524098038673401e-03,2.171127051115036011e-01,-2.360747754573822021e-01,-1.540266573429107666e-01,-3.639946877956390381e-01,1.201024278998374939e-01,-2.884815931320190430e-01,2.202084809541702271e-01,-2.436279952526092529e-01,1.474445909261703491e-01,-1.481355130672454834e-01,-6.291583180427551270e-02,1.329067796468734741e-01,1.337322406470775604e-02,1.342843193560838699e-02,-8.692736178636550903e-02,-2.747478783130645752e-01,-1.635850220918655396e-01,-3.873356580734252930e-01,-1.475863754749298096e-01,-1.188089791685342789e-02
2.327046990394592285e-01,2.313454747200012207e-01,2.065883576869964600e-02,2.117481678724288940e-01,-7.054567802697420120e-03,-1.437794864177703857e-01,2.579319179058074951e-01,3.627961128950119019e-02,-1.973679289221763611e-02,-1.232625022530555725e-01,0.000000000000000000e+00,4.322960972785949707e-01,5.542521476745605469e-01,3.585531115531921387e-01,-7.034725509583950043e-03,-4.799172654747962952e-02,3.422170877456665039e-01,2.616082429885864258e-01,5.328189581632614136e-02,1.336666345596313477e-01,-9.239474684000015259e-02,-1.892335414886474609e-01,2.654547989368438721e-01,1.417235881090164185e-01,-2.336837649345397949e-01,-1.584741920232772827e-01,-2.184150218963623047e-01,-3.186415731906890869e-01,1.412551552057266235e-01,1.556351929903030396e-01,2.516641616821289062e-01,1.852331757545471191e-01,3.569431900978088379e-01,2.437275946140289307e-01,-1.636359542608261108e-01,-2.975318133831024170e-01,-2.968568205833435059e-01,-3.077053725719451904e-01,1.579845845699310303e-01,-1.475351303815841675e-01,-4.158302843570709229e-01,-2.762907147407531738e-01,-3.684687316417694092e-01,3.872096911072731018e-02,-3.158068656921386719e-01,1.752289682626724243e-01,-2.256248742341995239e-01,-3.058986663818359375e-01,-8.063893020153045654e-02,1.915691792964935303e-02,-1.602604240179061890e-01,-3.287412971258163452e-02,-2.314307540655136108e-01,-1.070988625288009644e-01,-1.852858513593673706e-01,-1.055663824081420898e-01,2.471254318952560425e-01,1.027758419513702393e-01,6.168866902589797974e-02,1.012862548232078552e-01,2.291127443313598633e-01,9.162812680006027222e-02,2.189660817384719849e-01,1.923154592514038086e-01,-2.678842283785343170e-04,8.560459315776824951e-02,-6.589095108211040497e-03,9.968245774507522583e-02,1.211257558315992355e-02,1.183872446417808533e-01,1.250673085451126099e-01,1.238298416137695312e-01,1.231831088662147522e-01,5.438901111483573914e-02,7.745454460382461548e-02,7.044817507266998291e-02,2.842959165573120117e-01,1.686566025018692017e-01,2.626049816608428955e-01,-2.224574796855449677e-02,-2.794555425643920898e-01,-1.485905726440250874e-03,-4.019714295864105225e-01,-3.781543970108032227e-01,-1.035401299595832825e-01,-6.106028333306312561e-02,-2.182798832654953003e-01,-2.233585417270660400e-01,5.661991983652114868e-02,-1.789624430239200592e-02,1.824461296200752258e-02,3.243659436702728271e-02,-9.848308563232421875e-02,-1.241476386785507202e-01,-2.422753572463989258e-01,-2.856438457965850830e-01,-1.352056860923767090e-01,-1.661396324634552002e-01,-1.344592720270156860e-01,1.419998109340667725e-01,3.528701141476631165e-02,-5.340578034520149231e-02,-1.592595875263214111e-01,2.126176841557025909e-02,2.395771741867065430e-01,3.932470455765724182e-02,-1.910147517919540405e-01,1.221940442919731140e-01,3.308833837509155273e-01,-3.238548934459686279e-01,-2.377625256776809692e-01,-4.916417226195335388e-02,-6.661860644817352295e-02,1.473699510097503662e-01,-4.815597832202911377e-02,1.176365837454795837e-02
1.159579530358314514e-01,-4.052317887544631958e-02,5.268413573503494263e-02,2.530638873577117920e-01,-1.908344030380249023e-01,-2.208462208509445190e-01,2.207528203725814819e-01,2.044878751039505005e-01,-2.044430077075958252e-01,-1.906561553478240967e-01,4.322960972785949707e-01,0.000000000000000000e+00,2.858759462833404541e-01,6.859540343284606934e-01,-2.506881654262542725e-01,1.725326292216777802e-02,3.451452851295471191e-01,1.601414233446121216e-01,-4.918772727251052856e-02,-4.724396392703056335e-02,-2.022461444139480591e-01,-2.521945834159851074e-01,1.644637584686279297e-01,3.063631355762481689e-01,-2.291854918003082275e-01,-6.266056001186370850e-02,-2.769708931446075439e-01,-3.363859057426452637e-01,1.509331613779067993e-01,1.681963056325912476e-01,9.406355023384094238e-02,1.908638626337051392e-01,2.597924768924713135e-01,3.189571499824523926e-01,-4.153084009885787964e-02,-1.174318715929985046e-01,-3.481105864048004150e-01,-1.662654280662536621e-01,1.940331459045410156e-01,-8.716737478971481323e-02,-5.049854516983032227e-01,-2.820533812046051025e-01,-2.818517684936523438e-01,1.390190571546554565e-01,-1.466148346662521362e-01,3.543634414672851562e-01,-3.213796317577362061e-01,-3.222880065441131592e-01,-2.775998041033744812e-02,6.281958520412445068e-02,-1.892363652586936951e-02,1.913035362958908081e-01,-3.190060555934906006e-01,1.253263056278228760e-01,-2.649311125278472900e-01,1.367759406566619873e-01,-9.993656538426876068e-03,-1.460649967193603516e-01,-1.710532456636428833e-01,-1.798101067543029785e-01,2.094898372888565063e-01,3.839059472084045410e-01,-1.801233738660812378e-02,1.628838330507278442e-01,1.881482303142547607e-01,3.022618889808654785e-01,-1.051465421915054321e-01,3.233516514301300049e-01,-1.839068979024887085e-01,1.872494630515575409e-02,-8.792644739151000977e-02,1.670634299516677856e-01,8.470687270164489746e-02,-1.805579289793968201e-02,-3.954775631427764893e-02,2.399149350821971893e-03,7.261831313371658325e-02,1.318102926015853882e-01,2.863451540470123291e-01,-5.542886909097433090e-03,-3.288696408271789551e-01,2.480380982160568237e-01,-5.414814949035644531e-01,-4.173577427864074707e-01,-2.537266910076141357e-01,2.491922378540039062e-01,-2.517260909080505371e-01,-4.815489426255226135e-02,-9.472742676734924316e-02,1.543624997138977051e-01,1.145233660936355591e-01,1.959764398634433746e-02,-7.904174923896789551e-02,2.197925187647342682e-02,-1.875259727239608765e-01,-1.950822621583938599e-01,-1.015429273247718811e-01,-1.040367707610130310e-01,-1.857257783412933350e-01,2.745836675167083740e-01,-5.423961579799652100e-02,-6.232867389917373657e-02,-3.837357759475708008e-01,1.977304369211196899e-01,1.161825656890869141e-01,-5.870773270726203918e-02,-1.416959613561630249e-01,1.426357328891754150e-01,3.201281130313873291e-01,-3.149843811988830566e-01,-3.074008524417877197e-01,4.721473157405853271e-02,-2.082149498164653778e-02,1.010560467839241028e-01,-9.264134615659713745e-02,-6.726171076297760010e-02
9.971047192811965942e-02,7.028477638959884644e-02,-6.160704419016838074e-02,-5.114926397800445557e-02,-2.850615885108709335e-03,-2.032904513180255890e-02,9.335320442914962769e-02,6.675276160240173340e-02,2.693053893744945526e-02,1.253599766641855240e-02,5.542521476745605469e-01,2.858759462833404541e-01,0.000000000000000000e+00,3.559669554233551025e-01,1.218504309654235840e-01,1.111356765031814575e-01,1.478316932916641235e-01,1.359637081623077393e-01,-6.467653065919876099e-02,-1.499033272266387939e-01,8.701455593109130859e-02,4.518414661288261414e-02,9.984955936670303345e-02,1.019797474145889282e-01,-3.091183118522167206e-02,-1.453384291380643845e-02,-1.926129125058650970e-02,-7.863864302635192871e-02,-4.033657908439636230e-02,-2.192443003877997398e-03,4.115359485149383545e-02,1.603125333786010742e-01,1.728772819042205811e-01,1.956724077463150024e-01,-1.469066366553306580e-02,-1.420316398143768311e-01,-6.355504970997571945e-03,-2.095320820808410645e-02,3.614059984683990479e-01,-1.642749272286891937e-02,-3.147355020046234131e-01,-1.568490564823150635e-01,-2.894603908061981201e-01,-1.276568174362182617e-01,-2.988561689853668213e-01,-1.995002105832099915e-02,-2.773067057132720947e-01,-2.922006249427795410e-01,-1.074862778186798096e-01,-9.310206025838851929e-02,-1.237160861492156982e-01,-9.820688515901565552e-02,-2.205134183168411255e-01,-1.531216055154800415e-01,-6.482228636741638184e-03,-3.843989595770835876e-02,1.892335265874862671e-01,9.332817047834396362e-02,-4.138489440083503723e-02,-2.043918939307332039e-04,3.680532872676849365e-01,7.183286547660827637e-02,-9.814701043069362640e-04,-7.358635775744915009e-03,2.345708012580871582e-01,1.829826384782791138e-01,-1.790860667824745178e-02,8.226985228247940540e-04,-1.411698609590530396e-01,-4.883866757154464722e-02,-9.422115981578826904e-03,-2.099427208304405212e-02,-1.357001066207885742e-01,2.249410748481750488e-02,2.182698249816894531e-01,5.845898389816284180e-02,2.763325870037078857e-01,1.849110275506973267e-01,2.075538188219070435e-01,-2.386320531368255615e-01,-2.662688121199607849e-02,2.548641152679920197e-02,-1.969025880098342896e-01,-4.197495579719543457e-01,1.379217207431793213e-01,-7.383059710264205933e-02,6.505459547042846680e-02,-1.523518934845924377e-02,1.877992004156112671e-01,-1.156944632530212402e-01,4.003039747476577759e-02,7.886485755443572998e-02,1.580167002975940704e-02,-8.867496252059936523e-02,-1.872341930866241455e-01,-1.999458074569702148e-01,2.640811540186405182e-02,-3.769998550415039062e-01,-2.027116864919662476e-01,1.259635947644710541e-02,1.930104382336139679e-02,-2.800427749752998352e-02,-1.748210936784744263e-02,-7.073751837015151978e-02,1.570926457643508911e-01,-2.269321233034133911e-01,-2.511765956878662109e-01,1.283222138881683350e-01,2.847083210945129395e-01,-2.644370496273040771e-01,-1.285152882337570190e-01,-1.324348598718643188e-01,-3.020460903644561768e-01,-7.566171884536743164e-02,-2.418643832206726074e-01,2.770112454891204834e-02
