0.000000000000000000e+00,5.783709287643432617e-01,3.492505550384521484e-01,4.621587395668029785e-01,-3.956662714481353760e-01,-7.968029379844665527e-02,5.043036937713623047e-01,5.443442463874816895e-01,-2.336950302124023438e-01,-5.335663259029388428e-02,2.181326001882553101e-01,2.519089877605438232e-01,1.073130816221237183e-01,1.013002917170524597e-01,-1.748510301113128662e-01,-2.116466313600540161e-01,-3.164320886135101318e-01,-1.178770586848258972e-01,5.164950489997863770e-01,6.164096593856811523e-01,-2.323716431856155396e-01,-1.402739137411117554e-01,6.784466654062271118e-02,2.394662201404571533e-01,-2.011210173368453979e-01,-3.184139728546142578e-01,-2.759203314781188965e-01,-2.187701761722564697e-01,-1.772644072771072388e-01,-3.243715465068817139e-01,-2.323413938283920288e-01,-2.761491108685731888e-03,2.562284469604492188e-01,3.998205959796905518e-01,6.630598567426204681e-03,-2.528326585888862610e-03,-2.374815344810485840e-01,-2.983424961566925049e-01,-3.530567288398742676e-01,-3.074303269386291504e-01,-3.029069900512695312e-01,1.408385783433914185e-01,2.331126108765602112e-02,-2.319797277450561523e-01,1.491868197917938232e-01,-8.169537410140037537e-03,-1.959903538227081299e-01,-4.156674146652221680e-01,5.798960477113723755e-02,1.278528198599815369e-02,3.716101497411727905e-02,2.811052650213241577e-02,1.114890351891517639e-01,6.688793003559112549e-02,-6.919567286968231201e-02,-1.672561317682266235e-01,3.844876885414123535e-01,4.458576142787933350e-01,2.048770338296890259e-01,3.421137034893035889e-01,3.264462053775787354e-01,4.133377969264984131e-01,-7.580851763486862183e-02,3.097536414861679077e-02,-4.651868715882301331e-02,-4.607448354363441467e-02,-1.573509909212589264e-02,-8.351013064384460449e-02,4.209312200546264648e-01,2.933780252933502197e-01,1.019742712378501892e-01,1.923457384109497070e-01,2.900604009628295898e-01,3.120559751987457275e-01,-5.022815242409706116e-02,-1.465159952640533447e-01,3.089809119701385498e-01,3.602814674377441406e-01,-1.075405776500701904e-01,-3.787341415882110596e-01,-3.043390810489654541e-01,-2.352947890758514404e-01,-1.092950720340013504e-02,-1.995273530483245850e-01,-7.476898282766342163e-02,-7.949481904506683350e-02,-1.614077985286712646e-01,3.105494752526283264e-02,-1.114448904991149902e-01,-5.757142603397369385e-02,-2.662022411823272705e-01,-4.221739619970321655e-02,7.203809451311826706e-03,2.990981191396713257e-02,-6.470390409231185913e-02,-3.589395284652709961e-01,-3.291067481040954590e-01,-2.172772586345672607e-02,-1.703874915838241577e-01,8.017442375421524048e-02,-2.437129057943820953e-02,-1.427890080958604813e-02,7.524086534976959229e-02,2.326316945254802704e-02,-1.062149778008460999e-01,-4.025540873408317566e-02,1.273024678230285645e-01,-6.342396140098571777e-02,-8.734384179115295410e-02,7.412651181221008301e-02,2.981427498161792755e-02,-5.515830591320991516e-02,-8.803549408912658691e-02,6.362750381231307983e-02,-2.663536183536052704e-02,-2.708068788051605225e-01
5.783709287643432617e-01,0.000000000000000000e+00,2.499917447566986084e-01,3.523423075675964355e-01,-3.874122500419616699e-01,-2.133271656930446625e-02,3.958220183849334717e-01,4.496093094348907471e-01,-2.262665033340454102e-01,-6.234218552708625793e-02,8.204257488250732422e-02,2.385207116603851318e-01,5.349254235625267029e-02,2.188504636287689209e-01,-3.524909317493438721e-01,-3.395391106605529785e-01,-3.145945966243743896e-01,-6.772743165493011475e-02,4.796912074089050293e-01,5.800237059593200684e-01,-1.016895547509193420e-01,-8.507283031940460205e-02,6.967651844024658203e-02,2.363684028387069702e-01,-2.990286648273468018e-01,-2.910175621509552002e-01,-2.224578261375427246e-01,-9.410818666219711304e-02,-1.980067342519760132e-01,-3.442729115486145020e-01,-5.284653604030609131e-02,1.954866386950016022e-02,2.974508106708526611e-01,4.619437456130981445e-01,6.187167018651962280e-03,1.203157603740692139e-01,-6.487823277711868286e-02,-1.812373101711273193e-01,-5.365068912506103516e-01,-4.334861934185028076e-01,-2.212775200605392456e-01,4.449060931801795959e-02,1.361656486988067627e-01,-1.536777913570404053e-01,1.172996833920478821e-01,8.966110646724700928e-02,-2.320234291255474091e-02,-2.119836658239364624e-01,5.703162774443626404e-02,6.242859642952680588e-03,9.706231206655502319e-02,7.588273286819458008e-02,4.026047587394714355e-01,1.980983763933181763e-01,2.354298904538154602e-02,-9.025318920612335205e-02,3.603134453296661377e-01,6.629393696784973145e-01,2.013344317674636841e-01,4.275514185428619385e-01,3.333563506603240967e-01,4.674195349216461182e-01,-1.234445273876190186e-01,5.224486067891120911e-02,-1.410760283470153809e-01,-1.168288290500640869e-01,7.951571047306060791e-02,-1.836388111114501953e-01,5.083525180816650391e-01,2.610991895198822021e-01,1.070458590984344482e-01,2.214777618646621704e-01,2.658270001411437988e-01,3.491283655166625977e-01,-1.868372708559036255e-01,-2.296818196773529053e-01,2.092959880828857422e-01,3.488756120204925537e-01,-1.562307178974151611e-01,-3.764134049415588379e-01,-3.014958500862121582e-01,-2.525555193424224854e-01,-4.924254026263952255e-03,-1.848722696304321289e-01,1.643647067248821259e-02,-1.213404908776283264e-01,-3.065052330493927002e-01,-9.316535294055938721e-02,-2.033583074808120728e-01,-1.342402994632720947e-01,-1.324831992387771606e-01,7.986411452293395996e-02,1.723185479640960693e-01,1.416859626770019531e-01,2.816379629075527191e-02,-3.161937594413757324e-01,-2.739559113979339600e-01,1.163053512573242188e-01,-9.485235810279846191e-02,1.131894215941429138e-01,1.136395931243896484e-01,1.435726229101419449e-02,-2.600927604362368584e-03,-7.106240838766098022e-02,-8.967763930559158325e-02,2.236924692988395691e-02,2.667870558798313141e-02,-2.825610637664794922e-01,-2.535547316074371338e-02,7.558086514472961426e-02,8.203595131635665894e-02,1.435934752225875854e-01,2.438069321215152740e-02,4.586689174175262451e-03,-7.114704698324203491e-02,-1.795441210269927979e-01
3.492505550384521484e-01,2.499917447566986084e-01,0.000000000000000000e+00,5.368810296058654785e-01,-2.200399786233901978e-01,-1.731048375368118286e-01,6.027244329452514648e-01,2.662951052188873291e-01,-1.564219146966934204e-01,-2.165382057428359985e-01,-7.223215699195861816e-02,-8.701591938734054565e-02,-3.757884353399276733e-02,-2.248561531305313110e-01,-5.768524110317230225e-02,-1.653488278388977051e-01,-3.132461309432983398e-01,-2.718667089939117432e-01,5.145951509475708008e-01,3.531327843666076660e-01,-2.786633372306823730e-01,-1.824631989002227783e-01,5.281932950019836426e-01,4.239375591278076172e-01,-2.294498123228549957e-02,-1.169848516583442688e-01,-2.458543628454208374e-01,-1.711765825748443604e-01,-1.989668756723403931e-01,-3.007401525974273682e-01,-2.719531357288360596e-01,-1.564631909132003784e-01,2.335716187953948975e-01,1.970204859972000122e-01,3.154065907001495361e-01,1.573713272809982300e-01,-1.368824690580368042e-01,-1.643677353858947754e-01,-1.952628344297409058e-01,-8.240856975317001343e-02,-1.514651030302047729e-01,1.616362929344177246e-01,-5.336750298738479614e-02,-2.352349013090133667e-01,5.781110376119613647e-03,-1.157462596893310547e-01,-4.170033615082502365e-03,-2.730725705623626709e-01,-3.297398984432220459e-01,-1.623029708862304688e-01,-1.202145293354988098e-01,-1.109615415334701538e-01,-7.278014719486236572e-02,1.054077148437500000e-01,-1.412967145442962646e-01,-2.125092595815658569e-01,2.133947564288973808e-03,1.654775142669677734e-01,1.297716051340103149e-01,8.875680714845657349e-02,2.058638185262680054e-01,1.365161240100860596e-01,-1.014333814382553101e-01,-3.075308799743652344e-01,3.742917180061340332e-01,2.546526305377483368e-02,2.979637086391448975e-01,2.176683247089385986e-01,3.107908070087432861e-01,1.198635399341583252e-01,3.437851741909980774e-02,2.805177867412567139e-01,3.344956338405609131e-01,2.654346823692321777e-01,-1.454391777515411377e-01,-8.915878832340240479e-02,2.868554592132568359e-01,2.840911448001861572e-01,-1.006070822477340698e-01,-1.742955744266510010e-01,-2.245890796184539795e-01,-8.271307498216629028e-02,-2.134544104337692261e-01,-2.254037410020828247e-01,1.679768860340118408e-01,1.697865277528762817e-01,-9.673078358173370361e-02,-7.360746711492538452e-02,2.242368161678314209e-01,7.786153815686702728e-03,-6.464975420385599136e-03,8.804125338792800903e-02,-3.300552815198898315e-02,1.053439155220985413e-01,-1.323660314083099365e-01,-2.650718092918395996e-01,-1.975674033164978027e-01,-9.263788163661956787e-02,1.029594317078590393e-01,1.921484023332595825e-01,-2.466081678867340088e-01,-1.209241077303886414e-01,1.468846797943115234e-01,1.336784809827804565e-01,-1.090684719383716583e-02,-1.132506597787141800e-02,1.596636921167373657e-01,1.445834636688232422e-01,-2.071170508861541748e-01,9.990818798542022705e-02,2.193602025508880615e-01,-2.076861634850502014e-02,5.710855126380920410e-02,4.678024724125862122e-02,2.448773011565208435e-02,-1.747418940067291260e-01
4.621587395668029785e-01,3.523423075675964355e-01,5.368810296058654785e-01,0.000000000000000000e+00,-3.153584599494934082e-01,1.384383533149957657e-02,5.529817938804626465e-01,6.234745383262634277e-01,-2.022877931594848633e-01,-1.930388808250427246e-01,-1.242539361119270325e-01,-3.706466406583786011e-02,-1.674706637859344482e-01,-1.275828480720520020e-01,-1.212217211723327637e-01,-1.560186445713043213e-01,-4.444350898265838623e-01,-2.955629825592041016e-01,5.579347014427185059e-01,5.211562514305114746e-01,-4.151337444782257080e-01,-1.194297894835472107e-01,3.338564336299896240e-01,4.274716675281524658e-01,-4.078192636370658875e-02,-2.055346965789794922e-01,-4.099129140377044678e-01,-1.786539107561111450e-01,-2.736801207065582275e-01,-3.899371922016143799e-01,-3.015461862087249756e-01,-6.222943961620330811e-02,2.384635657072067261e-01,3.452014923095703125e-01,2.297903895378112793e-01,1.283068656921386719e-01,-4.030725657939910889e-01,-2.790361940860748291e-01,-3.262626230716705322e-01,-1.792941391468048096e-01,-2.828926146030426025e-01,2.722824215888977051e-01,2.514534816145896912e-02,-2.158535122871398926e-01,1.309217810630798340e-01,-1.717056334018707275e-02,-1.271419376134872437e-01,-2.761869430541992188e-01,-1.549218297004699707e-01,-7.169336080551147461e-02,2.860959386453032494e-03,-9.216997027397155762e-02,5.010285601019859314e-02,7.259076088666915894e-02,-2.009776681661605835e-01,-3.241551518440246582e-01,2.270600199699401855e-02,2.907006740570068359e-01,3.040553331375122070e-01,2.945493161678314209e-01,2.877474129199981689e-01,4.098600149154663086e-01,-2.295888811349868774e-01,-2.319428771734237671e-01,2.875929772853851318e-01,1.920465826988220215e-01,3.338022828102111816e-01,3.437388837337493896e-01,3.695439696311950684e-01,2.074139118194580078e-01,5.558740720152854919e-02,1.927113533020019531e-01,2.717844247817993164e-01,2.865366041660308838e-01,-3.644028678536415100e-02,-1.923015713691711426e-02,2.303984761238098145e-01,3.313095569610595703e-01,-1.477008014917373657e-01,-4.394081532955169678e-01,-3.646237254142761230e-01,-2.271275669336318970e-01,-2.432812452316284180e-01,-3.310268819332122803e-01,6.566639244556427002e-02,1.412872970104217529e-01,-1.454491764307022095e-01,2.350817248225212097e-02,2.085353434085845947e-01,-5.028693005442619324e-02,-2.954629622399806976e-02,-1.835590787231922150e-02,1.391168087720870972e-01,1.153951659798622131e-01,-1.634704768657684326e-01,-3.869444429874420166e-01,-3.678882420063018799e-01,-1.880998760461807251e-01,-2.641818672418594360e-02,1.169156804680824280e-01,-2.344089597463607788e-01,-1.493645180016756058e-02,7.414393872022628784e-02,8.549566566944122314e-02,-4.008824005722999573e-02,-3.547158092260360718e-02,2.469644248485565186e-01,9.399030357599258423e-02,-1.496465504169464111e-01,1.702972799539566040e-01,1.433290392160415649e-01,-1.283343136310577393e-01,-3.510166332125663757e-02,8.877110667526721954e-04,6.854898482561111450e-02,-3.550943136215209961e-01
-3.956662714481353760e-01,-3.874122500419616699e-01,-2.200399786233901978e-01,-3.153584599494934082e-01,0.000000000000000000e+00,2.794452309608459473e-01,-2.832779288291931152e-01,-3.850412964820861816e-01,3.793508410453796387e-01,1.420300006866455078e-01,3.501136973500251770e-02,-2.442560531198978424e-02,5.773521214723587036e-02,9.530461579561233521e-02,3.833766579627990723e-01,3.448913991451263428e-01,3.323631286621093750e-01,2.424872666597366333e-01,-4.056843519210815430e-01,-5.048807263374328613e-01,1.588204801082611084e-01,1.453329920768737793e-01,-8.122080937027931213e-03,-1.082359701395034790e-01,2.585365474224090576e-01,4.413944780826568604e-01,4.932746589183807373e-01,1.290633678436279297e-01,1.843111962080001831e-01,3.682891726493835449e-01,1.968326270580291748e-01,-3.344004601240158081e-02,-1.702814847230911255e-01,-4.552322924137115479e-01,-7.201521098613739014e-02,-3.143210709095001221e-02,2.374198585748672485e-01,1.696764230728149414e-01,4.679044783115386963e-01,3.400281965732574463e-01,4.519500434398651123e-01,-2.305899858474731445e-01,-9.649675339460372925e-02,2.541741728782653809e-01,-1.777282804250717163e-01,-2.427671663463115692e-02,1.295651346445083618e-01,3.059410154819488525e-01,-1.904352456331253052e-01,-1.234649568796157837e-01,-1.681669056415557861e-01,-7.955910265445709229e-02,-2.308322191238403320e-01,-2.348699122667312622e-01,3.507503122091293335e-02,2.257310450077056885e-01,-1.369247287511825562e-01,-2.779938578605651855e-01,-1.938780546188354492e-01,-3.813123106956481934e-01,-2.893978357315063477e-01,-4.540970027446746826e-01,1.391811370849609375e-01,8.139119297266006470e-02,2.009425079450011253e-03,1.106731779873371124e-02,-4.739192873239517212e-02,-6.707561668008565903e-03,-3.151557743549346924e-01,-6.374071538448333740e-02,7.736367732286453247e-02,-4.808291047811508179e-02,-1.528137326240539551e-01,-1.971372365951538086e-01,1.716309040784835815e-01,1.728845387697219849e-01,-1.618133485317230225e-01,-2.364783585071563721e-01,3.199071809649467468e-02,5.495160818099975586e-01,3.249256312847137451e-01,4.165740013122558594e-01,-1.057808920741081238e-01,2.624164819717407227e-01,9.060031920671463013e-02,7.345875352621078491e-02,1.198174059391021729e-01,-9.816464036703109741e-02,5.155771970748901367e-02,-6.844594329595565796e-02,8.104190230369567871e-02,-8.107092231512069702e-03,-1.774148195981979370e-01,-1.307308077812194824e-01,-7.134271413087844849e-02,3.231980800628662109e-01,2.963854372501373291e-01,2.258886024355888367e-02,1.692857891321182251e-01,4.716116935014724731e-02,7.623063772916793823e-02,-4.439392127096652985e-03,-1.428741812705993652e-01,-1.513916552066802979e-01,-8.452903479337692261e-02,-1.956550627946853638e-01,-3.476587235927581787e-01,6.285168975591659546e-02,-5.682578310370445251e-02,-1.744213402271270752e-01,-1.025632843375205994e-01,7.835835963487625122e-02,4.067313298583030701e-02,-1.545661389827728271e-01,-3.798665478825569153e-02,3.104783296585083008e-01
-7.968029379844665527e-02,-2.133271656930446625e-02,-1.731048375368118286e-01,1.384383533149957657e-02,2.794452309608459473e-01,0.000000000000000000e+00,-2.368025630712509155e-01,-7.051785290241241455e-02,3.320967555046081543e-01,2.429808527231216431e-01,-6.151960697025060654e-03,-4.404131695628166199e-02,2.418902888894081116e-02,5.981229990720748901e-02,1.330667138099670410e-01,1.235002428293228149e-01,2.178052365779876709e-01,1.907924115657806396e-01,-1.544664055109024048e-01,-6.809318065643310547e-02,3.474642336368560791e-02,5.934754759073257446e-02,-8.287709206342697144e-02,9.519731625914573669e-03,3.358635902404785156e-01,3.829519152641296387e-01,6.887801736593246460e-02,1.362328231334686279e-01,1.571371704339981079e-01,2.466259896755218506e-01,9.152209758758544922e-02,-3.342350572347640991e-02,-1.920491904020309448e-01,-1.552522182464599609e-01,-1.902035325765609741e-01,-1.965387612581253052e-01,-7.365663349628448486e-02,-1.344101727008819580e-01,-3.740452462807297707e-03,-1.166551187634468079e-01,1.280308514833450317e-02,8.090361207723617554e-02,9.446892887353897095e-02,7.711963355541229248e-02,3.666570037603378296e-02,1.707725822925567627e-01,-7.500554621219635010e-02,6.106721237301826477e-02,1.733394414186477661e-01,8.759175240993499756e-02,6.766150891780853271e-02,-7.077089697122573853e-02,5.193264409899711609e-02,-1.469711065292358398e-01,-5.852924287319183350e-02,-2.830229140818119049e-02,1.635264456272125244e-01,-1.107658445835113525e-02,-1.522304583340883255e-02,2.227727323770523071e-02,5.866855848580598831e-03,-1.063929572701454163e-01,9.024815261363983154e-02,1.203823164105415344e-01,-1.417842954397201538e-01,-2.983723580837249756e-02,-1.024176627397537231e-01,-9.505754709243774414e-02,-7.453580200672149658e-02,-5.284696817398071289e-02,5.635304376482963562e-03,1.173715367913246155e-01,-1.259742677211761475e-01,-1.099530085921287537e-01,-2.563952933996915817e-03,-9.950498118996620178e-03,-1.796649396419525146e-01,-1.288296878337860107e-01,2.316761165857315063e-01,7.992488890886306763e-02,2.194592356681823730e-01,7.016196101903915405e-02,5.261519178748130798e-02,-5.809633806347846985e-02,-1.800578273832798004e-02,-1.375828832387924194e-01,1.456561125814914703e-02,4.374169185757637024e-02,-3.394391015172004700e-02,-1.758273392915725708e-01,-2.954752184450626373e-02,-7.397685945034027100e-02,-9.212109260261058807e-03,-1.412069648504257202e-01,1.948671042919158936e-01,2.400563955307006836e-01,1.749363392591476440e-01,-2.369640395045280457e-02,9.762746281921863556e-03,2.349328249692916870e-02,2.128256410360336304e-01,6.337244808673858643e-02,1.160992681980133057e-01,1.037972569465637207e-01,1.219496056437492371e-01,8.282402157783508301e-02,-4.065277054905891418e-02,-3.659725189208984375e-02,1.122155189514160156e-01,6.937315315008163452e-02,-7.478541880846023560e-02,1.437747180461883545e-01,-6.618513166904449463e-02,6.284181028604507446e-02,1.208792105317115784e-01,1.376865655183792114e-01
5.043036937713623047e-01,3.958220183849334717e-01,6.027244329452514648e-01,5.529817938804626465e-01,-2.832779288291931152e-01,-2.368025630712509155e-01,0.000000000000000000e+00,4.689325392246246338e-01,-2.924850285053253174e-01,-2.234050333499908447e-01,8.136136829853057861e-02,6.427767872810363770e-02,1.144785284996032715e-01,-6.035271286964416504e-02,-2.045948505401611328e-01,-3.014960885047912598e-01,-3.186252713203430176e-01,-2.732851505279541016e-01,4.603004753589630127e-01,3.998437821865081787e-01,-1.585094034671783447e-01,-1.149263009428977966e-01,3.541551232337951660e-01,2.801384627819061279e-01,-1.657136678695678711e-01,-2.962066829204559326e-01,-1.835387498140335083e-01,-1.310954838991165161e-01,-2.102224677801132202e-01,-3.528275191783905029e-01,-2.467772662639617920e-01,-1.226458325982093811e-01,3.640806972980499268e-01,3.603081107139587402e-01,2.303396910429000854e-01,1.730130761861801147e-01,-1.320561468601226807e-01,-2.095825076103210449e-01,-3.628467321395874023e-01,-2.459240257740020752e-01,-1.226365119218826294e-01,1.414411980658769608e-02,-1.168831344693899155e-02,-1.870383471250534058e-01,1.614652574062347412e-01,-5.102449096739292145e-03,-1.386142224073410034e-01,-3.236822783946990967e-01,-2.230809479951858521e-01,-1.065019518136978149e-01,-3.502734005451202393e-02,5.610774457454681396e-02,2.264915779232978821e-02,1.760049462318420410e-01,-1.298594921827316284e-01,-1.698607504367828369e-01,1.793544739484786987e-01,3.856464922428131104e-01,3.468569815158843994e-01,2.968236804008483887e-01,4.223951399326324463e-01,3.504152297973632812e-01,-4.687944019678980112e-04,-1.910793185234069824e-01,2.290296554565429688e-01,1.345482319593429565e-01,3.222217261791229248e-01,2.055401504039764404e-01,3.260138630867004395e-01,2.542094588279724121e-01,1.768605262041091919e-01,2.320712208747863770e-01,4.277451336383819580e-01,3.373165428638458252e-01,-3.268685191869735718e-02,-1.782162487506866455e-01,3.442537188529968262e-01,3.674809634685516357e-01,-1.394546329975128174e-01,-2.326651960611343384e-01,-2.892123758792877197e-01,-1.769330650568008423e-01,-2.093476653099060059e-01,-2.422663271427154541e-01,7.011898607015609741e-02,1.193694695830345154e-01,-3.009151518344879150e-01,-1.856520771980285645e-01,-5.736096296459436417e-03,4.172901064157485962e-02,-1.288122832775115967e-01,1.237297281622886658e-01,6.648802757263183594e-02,2.662787437438964844e-01,-8.324329555034637451e-02,-3.462878167629241943e-01,-3.006170094013214111e-01,-3.327689319849014282e-02,-1.435753796249628067e-02,1.139542236924171448e-01,-1.540293991565704346e-01,-7.420660927891731262e-03,-7.580191642045974731e-02,-6.684280931949615479e-02,-9.061008691787719727e-02,-5.261475220322608948e-02,7.518261205404996872e-03,-1.099420413374900818e-01,-1.339541375637054443e-01,6.096446514129638672e-02,1.113371253013610840e-01,4.721004888415336609e-02,-3.456766530871391296e-02,5.294986814260482788e-02,-3.409662470221519470e-02,-3.008214831352233887e-01
5.443442463874816895e-01,4.496093094348907471e-01,2.662951052188873291e-01,6.234745383262634277e-01,-3.850412964820861816e-01,-7.051785290241241455e-02,4.689325392246246338e-01,0.000000000000000000e+00,-1.440824568271636963e-01,9.888720698654651642e-03,4.496989771723747253e-02,2.300012111663818359e-01,-8.311671018600463867e-02,8.238852024078369141e-02,-1.187851950526237488e-01,-1.161076202988624573e-01,-3.898755609989166260e-01,-1.962072104215621948e-01,4.809046089649200439e-01,5.852632522583007812e-01,-3.552561104297637939e-01,-1.586816310882568359e-01,4.280393186490982771e-04,2.648717761039733887e-01,-1.854953169822692871e-01,-2.948659956455230713e-01,-3.752201795578002930e-01,-2.323023378849029541e-01,-1.700125783681869507e-01,-3.350676596164703369e-01,-2.655619382858276367e-01,2.889218367636203766e-02,2.303805947303771973e-01,4.867238700389862061e-01,7.588821649551391602e-02,6.551181524991989136e-02,-4.218076169490814209e-01,-3.288566768169403076e-01,-3.760798871517181396e-01,-2.665913701057434082e-01,-3.208934068679809570e-01,2.345747202634811401e-01,7.637829333543777466e-02,-1.957570612430572510e-01,1.669487506151199341e-01,1.150910183787345886e-02,-1.543201357126235962e-01,-3.187972605228424072e-01,7.863558828830718994e-02,6.090670451521873474e-02,1.016114875674247742e-01,2.214124612510204315e-02,1.137134432792663574e-01,1.050648465752601624e-02,-1.686555296182632446e-01,-2.814523279666900635e-01,5.176844820380210876e-02,3.217355608940124512e-01,2.967861592769622803e-01,4.650523066520690918e-01,3.488014638423919678e-01,6.143009066581726074e-01,-1.841038614511489868e-01,5.806839093565940857e-02,5.660616792738437653e-03,2.117473334074020386e-01,1.094394400715827942e-01,1.727561801671981812e-01,2.604420781135559082e-01,1.540997922420501709e-01,5.179013684391975403e-02,1.001938730478286743e-01,2.677200734615325928e-01,3.056710064411163330e-01,7.034988608211278915e-03,-1.066081672906875610e-01,1.593004167079925537e-01,2.719449996948242188e-01,-9.791267663240432739e-02,-4.411708414554595947e-01,-3.480075895786285400e-01,-2.556344270706176758e-01,-8.095145225524902344e-02,-2.259320616722106934e-01,-9.766259044408798218e-02,-5.137468688189983368e-03,-7.191406935453414917e-02,9.094908088445663452e-02,5.112744867801666260e-02,-6.246720254421234131e-02,-2.226622402667999268e-01,-2.014192789793014526e-01,1.196007058024406433e-01,-5.763658788055181503e-03,-4.915181547403335571e-02,-3.345205187797546387e-01,-3.289395272731781006e-01,-1.277085989713668823e-01,-5.151556432247161865e-02,8.126994594931602478e-03,-1.697192341089248657e-01,-7.591998577117919922e-02,2.986594103276729584e-02,4.648384451866149902e-02,-1.556848883628845215e-01,-1.429873406887054443e-01,2.350081354379653931e-01,2.783469669520854950e-02,-4.190346226096153259e-02,2.059953808784484863e-01,1.163429170846939087e-01,-1.108041778206825256e-01,-1.423566937446594238e-01,3.226097300648689270e-02,3.726253286004066467e-02,-4.202542304992675781e-01
-2.336950302124023438e-01,-2.262665033340454102e-01,-1.564219146966934204e-01,-2.022877931594848633e-01,3.793508410453796387e-01,3.320967555046081543e-01,-2.924850285053253174e-01,-1.440824568271636963e-01,0.000000000000000000e+00,4.459139704704284668e-01,9.839303791522979736e-02,-5.425952747464179993e-02,6.162859871983528137e-02,2.031343802809715271e-02,4.120410382747650146e-01,2.227241992950439453e-01,2.845211029052734375e-01,1.910466253757476807e-01,-2.317904084920883179e-01,-2.010229676961898804e-01,5.283850431442260742e-02,-5.773463100194931030e-02,-1.389261186122894287e-01,-6.859420984983444214e-02,2.685094773769378662e-01,3.624701201915740967e-01,1.461732834577560425e-01,2.888180501759052277e-02,2.110991179943084717e-01,2.789952158927917480e-01,2.256082743406295776e-02,-1.251549571752548218e-01,-3.199285864830017090e-01,-3.251533508300781250e-01,-8.125148713588714600e-02,-1.190260723233222961e-01,1.735375821590423584e-02,-1.189262196421623230e-01,1.674591600894927979e-01,-2.338653896003961563e-03,-5.653921049088239670e-03,3.757523000240325928e-02,1.000384911894798279e-01,2.190589457750320435e-01,-2.153599075973033905e-02,1.285904645919799805e-01,-2.511127665638923645e-02,1.472362577915191650e-01,7.534693181514739990e-02,1.301883757114410400e-01,9.626474976539611816e-02,-6.707531865686178207e-03,-4.221329838037490845e-02,-1.862060129642486572e-01,-5.565682426095008850e-02,1.085759233683347702e-02,-1.125583127140998840e-01,-1.607439070940017700e-01,-1.014350727200508118e-01,-6.921727210283279419e-02,-4.588872659951448441e-03,-1.101912036538124084e-01,1.424490660429000854e-01,8.700060844421386719e-02,-2.101508341729640961e-02,-1.749046519398689270e-02,-1.226562932133674622e-01,-1.231689974665641785e-01,-2.588565945625305176e-01,-2.458821684122085571e-01,-4.316864907741546631e-02,-5.004413053393363953e-02,-2.546611428260803223e-01,-2.237130850553512573e-01,7.002082467079162598e-02,-3.273906419053673744e-03,-2.066214978694915771e-01,-3.202303051948547363e-01,3.009636402130126953e-01,2.255750745534896851e-01,3.610084354877471924e-01,2.604198753833770752e-01,1.099523529410362244e-01,2.511139959096908569e-02,1.657806932926177979e-01,-7.082310505211353302e-03,1.342456191778182983e-01,-5.769344046711921692e-03,1.184976696968078613e-01,-1.254428774118423462e-01,-3.332291543483734131e-02,-1.172983795404434204e-01,-6.924717873334884644e-02,-2.529421150684356689e-01,1.077658310532569885e-01,2.926559448242187500e-01,2.774123847484588623e-01,-2.008869871497154236e-02,-7.914860546588897705e-02,-8.234324306249618530e-02,-3.723181784152984619e-02,-2.181027382612228394e-01,-3.828123584389686584e-02,-7.264919579029083252e-02,4.785528406500816345e-02,-5.179524421691894531e-02,-2.713044174015522003e-02,-5.506059899926185608e-02,1.284052282571792603e-01,-2.403843775391578674e-02,-1.749445647001266479e-01,6.790617108345031738e-02,-1.695912703871726990e-02,-7.330632954835891724e-02,1.687510460615158081e-01,2.764964997768402100e-01
-5.335663259029388428e-02,-6.234218552708625793e-02,-2.165382057428359985e-01,-1.930388808250427246e-01,1.420300006866455078e-01,2.429808527231216431e-01,-2.234050333499908447e-01,9.888720698654651642e-03,4.459139704704284668e-01,0.000000000000000000e+00,1.761153340339660645e-01,1.533198654651641846e-01,2.596195936203002930e-01,2.977928817272186279e-01,2.229575365781784058e-01,3.683420419692993164e-01,2.886826694011688232e-01,1.654976159334182739e-01,-8.965490013360977173e-02,-4.495600238442420959e-02,1.917373985052108765e-01,1.331964731216430664e-01,-1.494241952896118164e-01,2.424250915646553040e-02,1.975742354989051819e-02,1.580056399106979370e-01,3.188219964504241943e-01,1.661934107542037964e-01,1.822995394468307495e-01,2.576418220996856689e-01,5.925396457314491272e-02,-8.099265396595001221e-02,-1.226713582873344421e-01,-1.272437572479248047e-01,-2.543672323226928711e-01,-6.032301113009452820e-02,7.310189306735992432e-02,-9.736496210098266602e-02,6.035397201776504517e-02,-4.250630736351013184e-02,1.310593727976083755e-02,-1.128125339746475220e-01,1.014097332954406738e-01,1.626124978065490723e-01,4.348587989807128906e-02,1.102129966020584106e-01,-2.524692416191101074e-01,-5.263245850801467896e-02,1.774354577064514160e-01,3.490121662616729736e-02,-7.401568442583084106e-02,5.014533177018165588e-02,-8.721359819173812866e-02,-8.939776569604873657e-02,1.334637999534606934e-01,1.917724162340164185e-01,7.068655639886856079e-02,4.368087276816368103e-02,-1.769720315933227539e-01,8.692952990531921387e-02,-9.761236608028411865e-02,9.797712787985801697e-03,2.067701518535614014e-01,2.294135540723800659e-01,-2.923792004585266113e-01,-1.350663751363754272e-01,-2.207784205675125122e-01,-2.104024887084960938e-01,-8.583059906959533691e-02,-6.942415982484817505e-02,7.755047641694545746e-03,8.984341472387313843e-02,-1.567337214946746826e-01,-9.965991973876953125e-02,7.492992281913757324e-02,-1.414844095706939697e-01,-1.334432512521743774e-01,-1.969783753156661987e-01,1.704111397266387939e-01,2.211580723524093628e-01,2.932018041610717773e-01,1.484601199626922607e-01,2.828331589698791504e-01,3.559269011020660400e-01,5.533072724938392639e-02,-5.374245811253786087e-03,1.107179820537567139e-01,3.774463832378387451e-01,-3.066335916519165039e-01,1.471705585718154907e-01,-3.656546175479888916e-01,-9.559913724660873413e-02,-1.765774339437484741e-01,-1.633421033620834351e-01,1.086830794811248779e-01,1.837313622236251831e-01,1.650089323520660400e-01,1.802366375923156738e-01,-1.974860392510890961e-02,-1.141701340675354004e-01,2.371134012937545776e-01,1.858363673090934753e-02,4.233680665493011475e-02,-1.146509684622287750e-02,-6.054464727640151978e-03,2.111501060426235199e-02,-1.289240717887878418e-01,-8.106043189764022827e-02,1.189098507165908813e-01,-1.622782051563262939e-01,-3.365850448608398438e-01,2.401588410139083862e-01,-6.879054754972457886e-02,-1.117445342242717743e-02,2.701958641409873962e-02,2.615779340267181396e-01
2.181326001882553101e-01,8.204257488250732422e-02,-7.223215699195861816e-02,-1.242539361119270325e-01,3.501136973500251770e-02,-6.151960697025060654e-03,8.136136829853057861e-02,4.496989771723747253e-02,9.839303791522979736e-02,1.761153340339660645e-01,0.000000000000000000e+00,4.886239469051361084e-01,6.410432457923889160e-01,4.732679426670074463e-01,4.097471386194229126e-02,-1.957658678293228149e-02,4.171017706394195557e-01,5.136862397193908691e-01,-4.037532489746809006e-03,7.523000240325927734e-02,1.209061667323112488e-01,-1.561305224895477295e-01,-2.214920148253440857e-02,-6.846568733453750610e-02,-6.311043351888656616e-02,-2.141892164945602417e-02,1.121557652950286865e-01,-2.036826461553573608e-01,3.490441441535949707e-01,3.663155734539031982e-01,1.445885468274354935e-02,-2.441434934735298157e-02,-5.086035281419754028e-02,-6.914172787219285965e-03,-1.963642984628677368e-01,-1.705293357372283936e-01,7.741508632898330688e-02,-2.650966942310333252e-01,1.600741222500801086e-02,-2.242475897073745728e-01,6.151432916522026062e-02,-3.611575439572334290e-02,2.353700101375579834e-01,2.181774228811264038e-01,2.390860319137573242e-01,3.182201981544494629e-01,-2.036356180906295776e-01,-1.047874391078948975e-01,1.707276999950408936e-01,1.156481802463531494e-01,1.555150151252746582e-01,1.842895895242691040e-01,-9.488540887832641602e-02,-9.236653894186019897e-02,-8.992797881364822388e-02,-1.248770356178283691e-01,3.017110824584960938e-01,1.238031014800071716e-01,-9.750453382730484009e-02,-1.676322077400982380e-03,1.867358386516571045e-01,-5.504482612013816833e-02,4.663298130035400391e-01,4.144025444984436035e-01,-7.377951592206954956e-02,1.131312083452939987e-02,-1.849295943975448608e-01,-2.114287167787551880e-01,1.238443851470947266e-01,-2.788788871839642525e-03,1.876170486211776733e-01,4.943669959902763367e-02,1.447249650955200195e-01,2.107145823538303375e-02,2.086111605167388916e-01,-2.036589980125427246e-01,1.085486635565757751e-01,8.183351159095764160e-02,2.262078225612640381e-01,1.936376690864562988e-01,2.694900631904602051e-01,1.807254105806350708e-01,-6.026100367307662964e-03,-7.122209295630455017e-03,-2.284339163452386856e-03,-2.908387184143066406e-01,-2.256138026714324951e-01,-1.566366404294967651e-01,-2.527370452880859375e-01,-1.270176768302917480e-01,-2.560482025146484375e-01,-5.950832739472389221e-02,-9.242852032184600830e-02,-1.035145968198776245e-01,5.301558971405029297e-02,1.455857604742050171e-01,1.489752233028411865e-01,-7.409081608057022095e-02,-1.171788871288299561e-01,-1.587024182081222534e-01,3.793708235025405884e-02,-7.335570454597473145e-02,-1.124575659632682800e-01,-1.693857163190841675e-01,-1.399513781070709229e-01,-1.737228184938430786e-01,-2.152100354433059692e-01,-2.183777987957000732e-01,1.268883645534515381e-01,-1.887947171926498413e-01,-1.825157552957534790e-01,7.924827933311462402e-02,-1.352339237928390503e-01,3.456635028123855591e-02,9.116106480360031128e-02,2.468656003475189209e-02
2.519089877605438232e-01,2.385207116603851318e-01,-8.701591938734054565e-02,-3.706466406583786011e-02,-2.442560531198978424e-02,-4.404131695628166199e-02,6.427767872810363770e-02,2.300012111663818359e-01,-5.425952747464179993e-02,1.533198654651641846e-01,4.886239469051361084e-01,0.000000000000000000e+00,3.839586079120635986e-01,5.359326004981994629e-01,1.718511804938316345e-02,4.334433749318122864e-02,2.144042700529098511e-01,5.011125206947326660e-01,3.300871700048446655e-02,1.807297915220260620e-01,1.117968410253524780e-01,-6.083799898624420166e-02,-1.088162511587142944e-01,-5.745940282940864563e-02,-1.656198799610137939e-01,-1.091163903474807739e-01,5.375499650835990906e-02,-1.120798960328102112e-01,2.678235173225402832e-01,2.805115580558776855e-01,8.008556067943572998e-02,1.302578747272491455e-01,-1.605661027133464813e-02,1.533595621585845947e-01,-1.629926115274429321e-01,-1.674860715866088867e-01,-1.484081894159317017e-01,-2.837234139442443848e-01,4.555349424481391907e-02,-1.814708411693572998e-01,-3.047796525061130524e-02,-6.844415329396724701e-03,1.003448590636253357e-01,2.020662091672420502e-02,1.680056899785995483e-01,2.692879736423492432e-01,-2.200122177600860596e-01,-2.161633372306823730e-01,1.839219182729721069e-01,1.195763498544692993e-01,6.130443513393402100e-02,1.998037248849868774e-01,-7.346075773239135742e-02,-1.233633086085319519e-01,-7.710475474596023560e-02,-9.345258772373199463e-02,1.893590688705444336e-01,2.273372709751129150e-01,-4.860174283385276794e-02,1.500363647937774658e-01,2.092064768075942993e-01,1.762750148773193359e-01,1.780270040035247803e-01,4.818415641784667969e-01,-1.504190862178802490e-01,1.260925531387329102e-01,-1.908454149961471558e-01,-1.444552689790725708e-01,1.320144981145858765e-01,-3.205162659287452698e-02,1.205636411905288696e-01,-6.897002458572387695e-02,8.282344788312911987e-02,1.146844588220119476e-02,1.998817324638366699e-01,-2.825065748766064644e-03,4.965405911207199097e-03,1.033420488238334656e-01,1.132293716073036194e-01,1.093983203172683716e-01,2.357344515621662140e-02,4.058847203850746155e-02,3.129518777132034302e-02,1.447259727865457535e-02,-2.590076625347137451e-01,-3.098381459712982178e-01,-6.739922612905502319e-02,3.803706914186477661e-02,-2.354523390531539917e-01,-5.327694118022918701e-02,-2.929690480232238770e-01,-1.757051646709442139e-01,-4.941517487168312073e-02,-1.673415303230285645e-01,1.123097911477088928e-01,1.412905007600784302e-01,5.292939022183418274e-02,-1.277980208396911621e-01,-1.716055162250995636e-02,-1.499488800764083862e-01,6.990598049014806747e-03,-1.560052186250686646e-01,-7.384996116161346436e-02,-1.967184245586395264e-01,-2.629190981388092041e-01,-3.172428011894226074e-01,-8.964309096336364746e-02,-1.001489236950874329e-01,1.746549159288406372e-01,-3.193145990371704102e-02,-7.156076282262802124e-02,-1.682176953181624413e-03,-2.070420980453491211e-01,-1.766693196259438992e-03,5.217894911766052246e-02,-1.099958047270774841e-01
1.073130816221237183e-01,5.349254235625267029e-02,-3.757884353399276733e-02,-1.674706637859344482e-01,5.773521214723587036e-02,2.418902888894081116e-02,1.144785284996032715e-01,-8.311671018600463867e-02,6.162859871983528137e-02,2.596195936203002930e-01,6.410432457923889160e-01,3.839586079120635986e-01,0.000000000000000000e+00,5.286685228347778320e-01,-1.170243993401527405e-01,-1.325276494026184082e-01,4.720273911952972412e-01,4.748143553733825684e-01,-5.928456783294677734e-02,-4.248338192701339722e-02,3.959656357765197754e-01,3.500841557979583740e-02,1.587387919425964355e-01,-1.383904553949832916e-02,-4.516553506255149841e-02,8.715781569480895996e-02,2.214051187038421631e-01,9.813316911458969116e-02,2.627136111259460449e-01,3.573270142078399658e-01,2.148533463478088379e-01,1.236322615295648575e-02,1.271422207355499268e-01,8.246164768934249878e-02,-1.858091205358505249e-01,-4.297278076410293579e-02,1.795100420713424683e-01,-1.939616799354553223e-01,-6.399239599704742432e-02,-3.315955400466918945e-01,1.262861192226409912e-01,-2.749521732330322266e-01,1.931772828102111816e-01,2.060382366180419922e-01,3.418185710906982422e-01,4.002994000911712646e-01,-3.914307057857513428e-01,-8.296363800764083862e-02,1.017675325274467468e-01,-2.198150567710399628e-02,2.446701191365718842e-02,1.817041933536529541e-01,-7.104469090700149536e-02,-5.719490814954042435e-03,5.776301771402359009e-02,-3.021616861224174500e-02,3.451573550701141357e-01,1.744585037231445312e-01,-8.155920356512069702e-02,5.908800661563873291e-02,2.004833072423934937e-01,-1.171510145068168640e-01,5.334048271179199219e-01,3.722411990165710449e-01,-6.880403310060501099e-02,1.555941160768270493e-02,-1.704397425055503845e-02,-1.614268422126770020e-01,1.023699119687080383e-01,3.678437322378158569e-02,3.113274276256561279e-01,8.520531654357910156e-02,1.397009640932083130e-01,2.110809460282325745e-02,2.329521030187606812e-01,-1.760879307985305786e-01,1.210059523582458496e-01,1.037660464644432068e-01,1.351813971996307373e-01,2.073716223239898682e-01,2.633391022682189941e-01,8.377685397863388062e-02,-4.893102124333381653e-02,4.759324714541435242e-02,3.684386983513832092e-02,-3.820754587650299072e-01,-2.178491950035095215e-01,-1.219789311289787292e-01,-4.245488643646240234e-01,-4.308633133769035339e-02,-2.533322572708129883e-01,1.686674654483795166e-01,-4.046317562460899353e-02,8.212694525718688965e-02,2.841509506106376648e-02,1.132892891764640808e-01,4.860499128699302673e-02,3.356016799807548523e-02,-1.134392321109771729e-01,-2.678994834423065186e-01,2.028500884771347046e-01,6.058759987354278564e-02,-2.021947503089904785e-01,-2.613456249237060547e-01,-1.345411986112594604e-01,-1.419738680124282837e-01,-3.593812584877014160e-01,-3.350211381912231445e-01,1.817910075187683105e-01,-2.869164943695068359e-01,-3.676823675632476807e-01,2.130561321973800659e-01,-1.808095127344131470e-01,-1.852202787995338440e-02,-1.164918914437294006e-01,2.138486951589584351e-01
