0.000000000000000000e+00,4.731810092926025391e-01,5.410933494567871094e-01,2.896303236484527588e-01,2.172730565071105957e-01,1.885501891374588013e-01,5.018560886383056641e-01,3.325003385543823242e-01,2.287185983732342720e-03,1.673597544431686401e-01,3.998381495475769043e-01,2.640451788902282715e-01,5.504903793334960938e-01,3.280192613601684570e-01,-9.730678983032703400e-03,-1.750790178775787354e-01,-1.255143731832504272e-01,-1.939807087182998657e-01,6.324862837791442871e-01,5.806445479393005371e-01,-5.407284498214721680e-01,-1.364331096410751343e-01,3.887175321578979492e-01,2.663375139236450195e-01,-1.208558306097984314e-01,-2.537530474364757538e-02,8.925399929285049438e-02,7.268710434436798096e-02,1.113765910267829895e-01,4.854118917137384415e-03,3.061663918197154999e-02,2.822598069906234741e-02,1.771513968706130981e-01,2.209707349538803101e-01,1.948332488536834717e-01,2.584939077496528625e-02,-5.845414400100708008e-01,-5.652669668197631836e-01,-5.634281039237976074e-01,-4.019345343112945557e-01,-4.185723662376403809e-01,-3.537686169147491455e-01,-3.794518411159515381e-01,6.202505528926849365e-02,-3.925303518772125244e-01,6.235311180353164673e-02,-2.066080421209335327e-01,-2.763885259628295898e-01,-2.961689420044422150e-02,1.491845585405826569e-02,-7.482406497001647949e-02,-1.739577203989028931e-01,-2.818365693092346191e-01,-3.113268315792083740e-01,-2.312324196100234985e-01,-2.783431410789489746e-01,4.036541283130645752e-01,2.829213738441467285e-01,4.533937871456146240e-01,2.250124067068099976e-01,4.598658084869384766e-01,3.267452716827392578e-01,5.492158234119415283e-02,8.894503116607666016e-02,1.905959397554397583e-01,-3.454599156975746155e-02,2.214001677930355072e-02,-1.014885827898979187e-01,4.453844130039215088e-01,2.698691785335540771e-01,1.968153268098831177e-01,1.471092551946640015e-01,2.496157586574554443e-01,3.366988599300384521e-01,1.636283844709396362e-02,-8.357859402894973755e-02,1.176459565758705139e-01,-2.190063148736953735e-02,-1.199677065014839172e-01,-1.833441257476806641e-01,1.965007372200489044e-02,-1.298338770866394043e-01,-4.303266108036041260e-01,-4.835577309131622314e-01,-9.667654521763324738e-03,-3.793439269065856934e-01,-1.203674376010894775e-01,-2.665026187896728516e-01,-3.297454118728637695e-02,-3.755022883415222168e-01,-1.667059659957885742e-01,-1.690497398376464844e-01,-9.867640584707260132e-02,-4.677303507924079895e-02,-4.398280382156372070e-02,-2.741993665695190430e-01,-4.057403281331062317e-02,-1.460636407136917114e-01,-2.822026144713163376e-03,-3.697361797094345093e-02,3.588297963142395020e-02,-9.022096544504165649e-02,-9.825485199689865112e-02,-1.590117365121841431e-01,-1.298014074563980103e-01,-1.364996582269668579e-01,-2.854697704315185547e-01,-2.066825330257415771e-01,-3.644108772277832031e-01,-1.378568857908248901e-01,2.155191600322723389e-01,3.495158851146697998e-01,-1.738918870687484741e-01,-1.695092767477035522e-01,-1.529949456453323364e-01,-2.210843414068222046e-01
4.731810092926025391e-01,0.000000000000000000e+00,3.100522756576538086e-01,3.151072859764099121e-01,2.827065587043762207e-01,1.396611928939819336e-01,6.963586807250976562e-02,1.959687173366546631e-01,1.359116882085800171e-01,1.101607829332351685e-01,1.405916512012481689e-01,2.617312371730804443e-01,1.762448698282241821e-01,2.711376547813415527e-01,-1.058665290474891663e-01,-1.050352677702903748e-01,1.353549808263778687e-01,1.201502531766891479e-01,5.475942492485046387e-01,6.915312409400939941e-01,-3.504309654235839844e-01,7.807996124029159546e-02,2.503687143325805664e-01,1.879927366971969604e-01,-7.025115936994552612e-02,3.938959911465644836e-02,1.362912543118000031e-02,1.556891500949859619e-01,1.777039766311645508e-01,1.371023356914520264e-01,-1.187945716083049774e-02,-1.591440662741661072e-02,2.210369259119033813e-01,3.139863014221191406e-01,1.926879771053791046e-02,-5.006765201687812805e-02,-4.932504594326019287e-01,-4.252679347991943359e-01,-4.932587146759033203e-01,-6.306184828281402588e-02,-3.769506812095642090e-01,-1.979145258665084839e-01,-5.090376734733581543e-01,1.428309530019760132e-01,-3.819232881069183350e-01,2.511615455150604248e-01,-1.095982566475868225e-01,-1.385747343301773071e-01,1.903397589921951294e-01,2.511903643608093262e-01,6.501599401235580444e-02,2.115598917007446289e-01,-2.893200218677520752e-01,-1.244020015001296997e-01,-4.527674615383148193e-02,7.989827543497085571e-03,7.392657399177551270e-01,7.806566953659057617e-01,4.249850511550903320e-01,5.038030147552490234e-01,3.467482030391693115e-01,3.626284301280975342e-01,9.461919218301773071e-02,2.511818110942840576e-01,6.162926927208900452e-02,5.140697583556175232e-03,1.783212423324584961e-01,1.261438131332397461e-01,6.468205451965332031e-01,6.173112392425537109e-01,-1.354108154773712158e-01,-1.206789836287498474e-01,6.691844761371612549e-02,1.222105547785758972e-01,4.503095522522926331e-02,-1.762078255414962769e-01,1.486764699220657349e-01,1.544019300490617752e-02,-6.451229751110076904e-02,-1.984590478241443634e-02,1.283070594072341919e-01,1.654517650604248047e-01,-2.478952109813690186e-01,-1.280984729528427124e-01,-1.249382942914962769e-01,2.444224618375301361e-02,-1.935083419084548950e-02,1.285613048821687698e-02,-3.368356823921203613e-01,-2.382530868053436279e-01,-4.984268248081207275e-01,-4.208604097366333008e-01,-4.236937165260314941e-01,-2.902733087539672852e-01,1.797295361757278442e-01,-2.924397587776184082e-01,-5.878183618187904358e-02,-3.277257680892944336e-01,-4.081492424011230469e-01,-4.422546029090881348e-01,-2.243537306785583496e-01,-2.197594791650772095e-01,-2.246433347463607788e-01,-1.999405622482299805e-01,-3.451057970523834229e-01,-3.715934455394744873e-01,-3.081783354282379150e-01,-2.768281102180480957e-01,-4.276971220970153809e-01,-2.281251922249794006e-02,3.624049574136734009e-02,1.514526158571243286e-01,-3.436925411224365234e-01,-2.349806874990463257e-01,-4.228675067424774170e-01,-3.765506148338317871e-01
5.410933494567871094e-01,3.100522756576538086e-01,0.000000000000000000e+00,5.772243738174438477e-01,3.174884319305419922e-01,4.030961394309997559e-01,6.136132478713989258e-01,4.574045538902282715e-01,8.612652868032455444e-02,3.023648858070373535e-01,2.254443317651748657e-01,2.468568533658981323e-01,3.429397046566009521e-01,4.172396957874298096e-01,-4.446845501661300659e-02,-9.319835156202316284e-02,-2.294843941926956177e-01,-3.225625455379486084e-01,5.286269187927246094e-01,4.862448275089263916e-01,-4.454940259456634521e-01,-1.436142716556787491e-02,5.745243430137634277e-01,5.817371010780334473e-01,1.462784111499786377e-01,1.390558183193206787e-01,1.079204753041267395e-01,2.352479994297027588e-01,-5.827168002724647522e-02,-1.558701097965240479e-01,2.538223266601562500e-01,2.175548225641250610e-01,2.169954925775527954e-01,3.110024631023406982e-01,3.504936099052429199e-01,1.008250191807746887e-01,-5.158956646919250488e-01,-5.797210335731506348e-01,-4.419341087341308594e-01,-3.381401002407073975e-01,-4.192169308662414551e-01,-3.838058710098266602e-01,-3.929162919521331787e-01,-1.135006844997406006e-01,-5.038901567459106445e-01,-2.126452326774597168e-01,-4.035703241825103760e-01,-4.314481914043426514e-01,-3.764435648918151855e-01,-3.082698285579681396e-01,-1.598235070705413818e-01,-1.934114843606948853e-01,-2.763333022594451904e-01,-3.490532040596008301e-01,-2.120877653360366821e-01,-3.118482530117034912e-01,1.357885897159576416e-01,9.861513227224349976e-02,2.647967934608459473e-01,1.524776369333267212e-01,3.338993489742279053e-01,2.641755640506744385e-01,-1.045270487666130066e-01,1.603439822793006897e-02,3.437247872352600098e-01,1.699164509773254395e-01,3.106169402599334717e-01,1.737020611763000488e-01,2.920285463333129883e-01,1.531012803316116333e-01,3.022214770317077637e-01,2.546265423297882080e-01,2.769423723220825195e-01,3.169953823089599609e-01,1.702860742807388306e-01,7.011941075325012207e-02,2.480009943246841431e-01,1.115397289395332336e-01,-1.821389347314834595e-01,-2.178221493959426880e-01,-2.055942863225936890e-01,-3.703596889972686768e-01,-4.731505215167999268e-01,-5.186732411384582520e-01,-1.501030176877975464e-01,-3.688046038150787354e-01,-1.643234491348266602e-02,-2.266180813312530518e-01,-7.182041555643081665e-02,-3.133949339389801025e-01,-4.161047190427780151e-02,-1.035538092255592346e-01,-8.579091727733612061e-02,-7.446353882551193237e-02,-4.145795013755559921e-03,-1.908010989427566528e-01,6.311112083494663239e-03,-1.417357623577117920e-01,4.298521950840950012e-02,-6.506491452455520630e-02,1.405318379402160645e-01,-5.569849908351898193e-02,4.571018740534782410e-03,-5.507494881749153137e-02,-2.458127774298191071e-02,-2.696661511436104774e-03,-2.219891399145126343e-01,1.366048678755760193e-02,-3.923639059066772461e-01,-2.062041312456130981e-01,1.092473119497299194e-01,2.449597418308258057e-01,-7.083919644355773926e-02,-1.964467614889144897e-01,-1.674720495939254761e-01,-1.784757971763610840e-01
2.896303236484527588e-01,3.151072859764099121e-01,5.772243738174438477e-01,0.000000000000000000e+00,1.014285087585449219e-01,3.019888401031494141e-01,4.077453911304473877e-01,7.185178995132446289e-01,-1.367449760437011719e-01,2.481586635112762451e-01,-7.650200277566909790e-02,4.251640439033508301e-01,6.261838972568511963e-02,3.965369164943695068e-01,-3.176169991493225098e-01,3.205014020204544067e-02,-2.787087559700012207e-01,-3.859558701515197754e-01,3.535672426223754883e-01,4.407318234443664551e-01,-4.063352048397064209e-01,-3.746146569028496742e-03,4.253939986228942871e-01,6.479656100273132324e-01,-4.500874876976013184e-02,2.493451088666915894e-01,5.652228742837905884e-02,1.877028793096542358e-01,-1.086307540535926819e-01,-2.418073117733001709e-01,2.936258614063262939e-01,3.310008049011230469e-01,1.011895760893821716e-01,3.890897035598754883e-01,2.843539416790008545e-01,1.584451943635940552e-01,-4.280448853969573975e-01,-4.480994045734405518e-01,-4.199822247028350830e-01,-1.308346241712570190e-01,-4.389597177505493164e-01,-3.582420349121093750e-01,-4.554952383041381836e-01,-1.510356068611145020e-01,-5.754562616348266602e-01,-2.006190568208694458e-01,-4.133257567882537842e-01,-3.689630925655364990e-01,-4.284941852092742920e-01,-3.408564925193786621e-01,-3.175610601902008057e-01,-1.917586475610733032e-01,-2.956691980361938477e-01,-1.937548816204071045e-01,-1.803909242153167725e-01,-1.659641265869140625e-01,6.793146580457687378e-02,1.093396320939064026e-01,1.954064667224884033e-01,1.653895676136016846e-01,2.245614975690841675e-01,2.571851909160614014e-01,1.384033858776092529e-01,1.781008541584014893e-01,-2.195489965379238129e-02,1.040902361273765564e-01,1.814552098512649536e-01,2.951678931713104248e-01,1.689083725214004517e-01,2.047822624444961548e-01,1.256714165210723877e-01,3.195556700229644775e-01,2.706309854984283447e-01,2.128065675497055054e-01,1.350073367357254028e-01,1.155030280351638794e-01,1.368736773729324341e-01,1.445905715227127075e-01,-3.496457338333129883e-01,-2.691984772682189941e-01,-3.273988962173461914e-01,-2.828164994716644287e-01,-5.051109790802001953e-01,-4.085449278354644775e-01,-4.085737764835357666e-01,-4.989415872842073441e-03,-1.585889011621475220e-01,3.055951185524463654e-02,-3.441705405712127686e-01,-1.235355855897068977e-03,-4.810215160250663757e-02,-1.121288686990737915e-01,-2.421964854001998901e-01,-2.007409632205963135e-01,1.283421516418457031e-01,-1.399089694023132324e-01,1.006067451089620590e-02,-4.793944954872131348e-02,5.630283802747726440e-02,-1.780266501009464264e-02,5.226876586675643921e-02,4.583813250064849854e-02,6.646168231964111328e-02,2.199567109346389771e-01,-1.693008095026016235e-02,-1.242884434759616852e-02,-1.879961788654327393e-01,1.672428101301193237e-01,-3.836746811866760254e-01,-1.813374310731887817e-01,1.661831289529800415e-01,1.901670247316360474e-01,-1.423693150281906128e-01,-1.001781299710273743e-01,-2.002685666084289551e-01,-1.545204967260360718e-01
2.172730565071105957e-01,2.827065587043762207e-01,3.174884319305419922e-01,1.014285087585449219e-01,0.000000000000000000e+00,4.921876192092895508e-01,1.227357015013694763e-01,-2.686570957303047180e-02,4.832043349742889404e-01,3.106153011322021484e-01,1.747520714998245239e-01,3.275148198008537292e-02,1.636375188827514648e-01,1.033070534467697144e-01,3.051854074001312256e-01,1.267255395650863647e-01,1.923937648534774780e-01,1.184947714209556580e-01,3.433180451393127441e-01,2.713609039783477783e-01,-2.326139658689498901e-01,8.553906343877315521e-03,2.477998882532119751e-01,2.481391280889511108e-01,1.833564788103103638e-01,1.285439133644104004e-01,5.816464778035879135e-03,8.961633592844009399e-02,2.229775935411453247e-01,1.152438744902610779e-01,5.364196747541427612e-02,6.001622602343559265e-02,1.034559980034828186e-01,7.168614119291305542e-02,-5.240181460976600647e-02,-1.126874387264251709e-01,-2.831666171550750732e-01,-3.356738090515136719e-01,-2.738180160522460938e-01,-2.274012118577957153e-01,-2.416564822196960449e-01,-2.292256653308868408e-01,-3.408705294132232666e-01,-1.132989227771759033e-01,-2.752563059329986572e-01,-3.132191300392150879e-02,-1.487025171518325806e-01,-1.313432902097702026e-01,1.080423370003700256e-01,8.746891468763351440e-02,2.259362936019897461e-01,1.758160740137100220e-01,-8.299221098423004150e-02,-2.292573302984237671e-01,1.250991523265838623e-01,1.083086654543876648e-01,2.304217219352722168e-01,2.907813489437103271e-01,2.450533360242843628e-01,2.951604723930358887e-01,1.175675317645072937e-01,8.407987654209136963e-02,1.725597828626632690e-01,2.396073341369628906e-01,1.259466856718063354e-01,4.336539655923843384e-02,7.749318331480026245e-02,-1.050364449620246887e-01,2.359643578529357910e-01,2.157733440399169922e-01,1.248512193560600281e-01,-1.341671869158744812e-02,1.761693358421325684e-01,1.736044883728027344e-01,8.883707970380783081e-02,7.270117104053497314e-02,6.300651282072067261e-02,-7.406263053417205811e-02,1.106656864285469055e-01,-3.611594904214143753e-03,1.758939325809478760e-01,7.888367772102355957e-02,-1.311581283807754517e-01,-1.704037934541702271e-01,1.307101100683212280e-01,-9.636811912059783936e-02,1.053706556558609009e-01,1.757638715207576752e-02,-3.585169324651360512e-04,-2.344380319118499756e-01,-3.510557115077972412e-01,-3.189529776573181152e-01,-2.134772837162017822e-01,-1.942515969276428223e-01,-1.874372363090515137e-02,-2.142294943332672119e-01,-1.177179291844367981e-01,-2.829994559288024902e-01,-3.047832548618316650e-01,-3.508800566196441650e-01,-6.216757372021675110e-02,-2.527733147144317627e-01,3.657937794923782349e-02,-1.400997191667556763e-01,-3.426077216863632202e-02,-7.464925944805145264e-02,-2.451712340116500854e-01,-1.335281878709793091e-01,-2.357396483421325684e-01,-1.874527633190155029e-01,-1.986992806196212769e-01,-7.991285622119903564e-02,-4.560043811798095703e-01,-1.559651792049407959e-01,-1.388060003519058228e-01,-1.147068962454795837e-01
1.885501891374588013e-01,1.396611928939819336e-01,4.030961394309997559e-01,3.019888401031494141e-01,4.921876192092895508e-01,0.000000000000000000e+00,1.467547565698623657e-01,1.845646500587463379e-01,3.412496745586395264e-01,5.436332821846008301e-01,9.495902806520462036e-02,1.023063138127326965e-01,3.715659957379102707e-03,1.505200117826461792e-01,2.043522149324417114e-01,1.625515669584274292e-01,-7.447042316198348999e-02,-5.140020325779914856e-02,2.909847497940063477e-01,2.182372361421585083e-01,-1.654870361089706421e-01,1.177069619297981262e-01,4.062444865703582764e-01,5.170009732246398926e-01,2.916387915611267090e-01,3.397534787654876709e-01,1.163816079497337341e-01,1.915660351514816284e-01,5.524554103612899780e-02,1.641142927110195160e-02,2.626078128814697266e-01,2.670679390430450439e-01,1.891090124845504761e-01,2.489199638366699219e-01,1.676605343818664551e-01,1.958512663841247559e-01,-2.927209138870239258e-01,-2.894714176654815674e-01,-2.488098442554473877e-01,-2.066293209791183472e-01,-2.268550843000411987e-01,-1.509444117546081543e-01,-3.249109685420989990e-01,-1.026981398463249207e-01,-3.119228482246398926e-01,-6.703571230173110962e-02,-2.739589214324951172e-01,-2.617760300636291504e-01,-1.928320080041885376e-01,-1.316139847040176392e-01,1.393876038491725922e-02,-1.519019007682800293e-01,-6.033395603299140930e-02,-3.803144395351409912e-01,6.056626513600349426e-02,-1.507172733545303345e-01,1.616809666156768799e-01,1.123137399554252625e-01,1.423085331916809082e-01,1.168112158775329590e-01,1.309861987829208374e-01,1.202800795435905457e-01,5.638600140810012817e-02,1.026522815227508545e-01,1.992716938257217407e-01,2.720721065998077393e-01,1.307481378316879272e-01,1.736997067928314209e-01,2.271713763475418091e-01,1.633896529674530029e-01,2.637198865413665771e-01,9.122446924448013306e-02,2.005178928375244141e-01,2.705995440483093262e-01,1.119569689035415649e-01,1.332311630249023438e-01,2.097690850496292114e-01,9.430830925703048706e-02,8.072475343942642212e-02,-7.815478742122650146e-02,8.544475585222244263e-02,-1.259621828794479370e-01,-1.864247024059295654e-01,-2.440717369318008423e-01,2.000616341829299927e-01,-2.962380945682525635e-01,2.219491899013519287e-01,-3.091454505920410156e-02,1.208470761775970459e-01,-3.400247395038604736e-01,-7.574808597564697266e-02,-2.909086942672729492e-01,-8.134149760007858276e-02,-3.064386248588562012e-01,1.889976090751588345e-03,-1.679176986217498779e-01,-6.107907742261886597e-02,-2.290754467248916626e-01,-1.751380264759063721e-01,-3.035593330860137939e-01,1.258566081523895264e-01,-3.800384402275085449e-01,7.512590289115905762e-02,-1.747942864894866943e-01,-5.185852944850921631e-02,-1.766655296087265015e-01,-1.025039330124855042e-01,-8.278143405914306641e-02,-2.712726593017578125e-01,-1.512233316898345947e-01,-1.392629146575927734e-01,5.641427636146545410e-02,-2.541692852973937988e-01,-2.596592903137207031e-01,-2.310272157192230225e-01,-1.977883428335189819e-01
5.018560886383056641e-01,6.963586807250976562e-02,6.136132478713989258e-01,4.077453911304473877e-01,1.227357015013694763e-01,1.467547565698623657e-01,0.000000000000000000e+00,5.219625830650329590e-01,-1.107631996273994446e-01,2.106468379497528076e-01,3.367882370948791504e-01,3.652728497982025146e-01,5.437397956848144531e-01,4.770762622356414795e-01,-3.803442418575286865e-02,2.104551717638969421e-02,-2.754864394664764404e-01,-4.120385646820068359e-01,4.636793136596679688e-01,3.210389018058776855e-01,-4.208405017852783203e-01,-7.861109822988510132e-02,4.175206422805786133e-01,3.390506505966186523e-01,-1.213494017720222473e-01,-4.552405327558517456e-02,-2.759055607020854950e-02,9.502928704023361206e-02,-4.096331074833869934e-02,-1.648174673318862915e-01,1.299454420804977417e-01,1.487226337194442749e-01,5.398968607187271118e-02,1.328719258308410645e-01,2.117743641138076782e-01,1.071859034709632397e-03,-4.670622050762176514e-01,-5.295119285583496094e-01,-4.484517574310302734e-01,-3.952842652797698975e-01,-4.166367948055267334e-01,-4.850234687328338623e-01,-3.230710327625274658e-01,-2.928343117237091064e-01,-3.724992871284484863e-01,-2.376862615346908569e-01,-4.484560191631317139e-01,-5.348470211029052734e-01,-3.079484701156616211e-01,-2.927086949348449707e-01,-1.842911690473556519e-01,-2.535154521465301514e-01,-2.482254952192306519e-01,-2.395963519811630249e-01,-4.241842925548553467e-01,-4.137631654739379883e-01,-1.547760218381881714e-01,-1.942425221204757690e-01,2.415363490581512451e-01,9.346712380647659302e-03,3.483630120754241943e-01,3.203865885734558105e-01,4.623347893357276917e-02,3.239717334508895874e-03,3.172205388545989990e-01,1.376958787441253662e-01,1.639395207166671753e-01,-5.834537744522094727e-02,9.567690640687942505e-02,-1.399137675762176514e-01,3.465869724750518799e-01,4.280941486358642578e-01,3.635250329971313477e-01,3.401784300804138184e-01,2.156654298305511475e-01,2.124658375978469849e-01,1.143054813146591187e-01,4.466205835342407227e-02,-1.933670938014984131e-01,-1.199171841144561768e-01,-3.950156271457672119e-01,-4.224750399589538574e-01,-4.923346936702728271e-01,-5.635557174682617188e-01,-2.985769808292388916e-01,-3.358758985996246338e-01,-2.670178115367889404e-01,-3.229011595249176025e-01,-5.330745875835418701e-02,-7.918322831392288208e-02,2.019926756620407104e-01,2.254720181226730347e-01,1.766475737094879150e-01,2.645025551319122314e-01,-1.538659036159515381e-01,-2.018183767795562744e-01,-7.363045960664749146e-02,1.056514098308980465e-03,2.612013220787048340e-01,2.989225089550018311e-01,1.926364004611968994e-01,2.365757077932357788e-01,-1.174347251653671265e-01,2.851161733269691467e-02,-1.220542122609913349e-03,8.603116869926452637e-02,-2.366597056388854980e-01,-2.808031998574733734e-02,-2.551220059394836426e-01,-1.651033908128738403e-01,2.600854039192199707e-01,3.688666522502899170e-01,1.618742197751998901e-01,-1.028883308172225952e-01,1.444642618298530579e-02,-9.460773319005966187e-02
3.325003385543823242e-01,1.959687173366546631e-01,4.574045538902282715e-01,7.185178995132446289e-01,-2.686570957303047180e-02,1.845646500587463379e-01,5.219625830650329590e-01,0.000000000000000000e+00,-2.664084434509277344e-01,2.866824269294738770e-01,2.770644426345825195e-02,5.577983856201171875e-01,1.714713722467422485e-01,5.376638770103454590e-01,-3.496780097484588623e-01,9.210374206304550171e-02,-1.859575808048248291e-01,-3.373757004737854004e-01,3.961033821105957031e-01,3.754021525382995605e-01,-3.945164382457733154e-01,-5.477282777428627014e-02,3.802664875984191895e-01,5.311626195907592773e-01,-1.664703786373138428e-01,2.403413355350494385e-01,5.332272499799728394e-02,1.412356495857238770e-01,3.489427268505096436e-02,-1.243606582283973694e-01,3.543316423892974854e-01,4.198444187641143799e-01,1.588848531246185303e-01,4.302912652492523193e-01,3.229191005229949951e-01,2.247011661529541016e-01,-3.994245231151580811e-01,-4.259168803691864014e-01,-4.341057837009429932e-01,-1.932393312454223633e-01,-3.887081146240234375e-01,-3.776648044586181641e-01,-3.939013183116912842e-01,-2.204961180686950684e-01,-5.043796300888061523e-01,-1.912642568349838257e-01,-4.415226578712463379e-01,-4.386144876480102539e-01,-4.537152945995330811e-01,-3.935667872428894043e-01,-4.753123819828033447e-01,-3.725484907627105713e-01,-3.991258740425109863e-01,-2.793517112731933594e-01,-4.006477296352386475e-01,-3.560683131217956543e-01,-2.861697040498256683e-02,-2.540576644241809845e-02,1.667762845754623413e-01,-5.506375804543495178e-03,2.919006645679473877e-01,3.532743155956268311e-01,2.487079054117202759e-01,2.365180104970932007e-01,2.194763161242008209e-02,1.884168088436126709e-01,1.109651923179626465e-01,2.233442962169647217e-01,6.179965659976005554e-02,1.237190887331962585e-02,3.029079139232635498e-01,5.152418017387390137e-01,3.999475836753845215e-01,3.623266816139221191e-01,1.973358243703842163e-01,1.899186670780181885e-01,2.236656844615936279e-01,2.411057502031326294e-01,-2.595426738262176514e-01,-1.439358592033386230e-01,-2.929963469505310059e-01,-2.766520380973815918e-01,-5.008171200752258301e-01,-4.409659504890441895e-01,-4.232071638107299805e-01,-1.121596321463584900e-01,-3.208144009113311768e-01,-1.383897662162780762e-01,-3.482963442802429199e-01,3.093521296977996826e-02,4.008064419031143188e-02,-1.672006212174892426e-02,-1.161356046795845032e-01,-8.755909651517868042e-02,2.329590643057599664e-05,-1.210209801793098450e-01,1.839931821450591087e-03,6.904731690883636475e-02,1.916918307542800903e-01,1.385770440101623535e-01,1.362496465444564819e-01,1.243179216980934143e-01,4.323192685842514038e-02,2.169438600540161133e-01,1.932347193360328674e-02,7.180870976299047470e-03,-1.731073558330535889e-01,9.693931788206100464e-02,-2.981086373329162598e-01,-1.568335890769958496e-01,2.408165037631988525e-01,2.868895232677459717e-01,-2.103517204523086548e-02,-3.497675433754920959e-02,-7.265011966228485107e-02,-1.067371964454650879e-01
2.287185983732342720e-03,1.359116882085800171e-01,8.612652868032455444e-02,-1.367449760437011719e-01,4.832043349742889404e-01,3.412496745586395264e-01,-1.107631996273994446e-01,-2.664084434509277344e-01,0.000000000000000000e+00,2.466569393873214722e-01,4.173779487609863281e-02,-1.737449020147323608e-01,-1.509271003305912018e-02,-1.473525017499923706e-01,2.920534908771514893e-01,5.644805729389190674e-02,1.648618876934051514e-01,1.141890510916709900e-01,1.056713834404945374e-01,5.188017711043357849e-02,-3.539574891328811646e-02,1.052484139800071716e-01,4.771872982382774353e-02,-9.011232294142246246e-03,3.699260354042053223e-01,1.782718747854232788e-01,-5.172733217477798462e-02,2.187110949307680130e-03,1.484020054340362549e-01,7.383631914854049683e-02,-2.681560814380645752e-02,-8.228169381618499756e-02,1.158845573663711548e-01,-9.315595030784606934e-03,-8.128180354833602905e-02,-7.122077792882919312e-02,-5.427513271570205688e-02,-3.838851302862167358e-02,-6.765310466289520264e-02,-3.782254084944725037e-02,-4.646288976073265076e-02,-1.127918809652328491e-02,-1.381736099720001221e-01,-7.810696959495544434e-02,-1.212663874030113220e-01,-1.153470054268836975e-01,-5.766632407903671265e-02,-2.317417412996292114e-02,1.458883881568908691e-01,1.474583595991134644e-01,2.856073975563049316e-01,2.594805657863616943e-01,7.843083888292312622e-02,-4.360472410917282104e-02,1.476121097803115845e-01,1.095582470297813416e-01,2.047991156578063965e-01,1.964434236288070679e-01,1.602256894111633301e-01,2.386006116867065430e-01,5.924468114972114563e-02,6.247669830918312073e-02,2.385530248284339905e-02,1.685968339443206787e-01,7.437718659639358521e-02,-1.622307486832141876e-02,7.294392585754394531e-02,-3.830322250723838806e-02,2.620958983898162842e-01,1.153943985700607300e-01,8.391994982957839966e-03,-2.135838419198989868e-01,-4.035934805870056152e-02,1.025065500289201736e-02,3.219164535403251648e-02,-4.865209013223648071e-02,-6.351613253355026245e-02,-1.383752226829528809e-01,1.552621573209762573e-01,5.176587775349617004e-02,1.228440701961517334e-01,7.345291972160339355e-02,-1.751595176756381989e-02,-4.437035694718360901e-02,1.141914352774620056e-01,-7.970141619443893433e-02,2.032677829265594482e-01,2.448805142194032669e-03,1.638363748788833618e-01,-9.035460650920867920e-02,-2.459500581026077271e-01,-1.378614157438278198e-01,-1.498420238494873047e-01,-1.010205671191215515e-01,5.209151655435562134e-02,-4.127116873860359192e-02,-1.052902787923812866e-01,-1.289316862821578979e-01,-3.851039111614227295e-01,-3.711276352405548096e-01,-1.325766742229461670e-01,-2.762539386749267578e-01,-1.157924532890319824e-01,-1.994296759366989136e-01,-9.041927009820938110e-02,-1.128196790814399719e-01,-1.518048942089080811e-01,-1.818695068359375000e-01,-1.437208503484725952e-01,-1.155380457639694214e-01,-2.083544135093688965e-01,-1.147788837552070618e-01,-2.395622134208679199e-01,-2.067536413669586182e-01,-1.676325201988220215e-01,-7.474381476640701294e-02
1.673597544431686401e-01,1.101607829332351685e-01,3.023648858070373535e-01,2.481586635112762451e-01,3.106153011322021484e-01,5.436332821846008301e-01,2.106468379497528076e-01,2.866824269294738770e-01,2.466569393873214722e-01,0.000000000000000000e+00,1.310191154479980469e-01,1.302316635847091675e-01,5.621913447976112366e-02,2.332626283168792725e-01,4.709351062774658203e-02,3.007268607616424561e-01,-4.895812645554542542e-02,-1.320476233959197998e-01,3.156037926673889160e-01,1.839868724346160889e-01,-2.155808508396148682e-01,5.850226804614067078e-02,3.647834956645965576e-01,4.221958816051483154e-01,2.000315189361572266e-01,2.396364212036132812e-01,1.456463187932968140e-01,2.710945010185241699e-01,2.622048370540142059e-02,-5.526667460799217224e-03,2.640686333179473877e-01,1.888656020164489746e-01,1.069305911660194397e-01,2.378476411104202271e-01,1.646826118230819702e-01,1.386220157146453857e-01,-2.756933271884918213e-01,-2.670522034168243408e-01,-2.856107652187347412e-01,-2.421993613243103027e-01,-3.056260943412780762e-01,-2.553909420967102051e-01,-3.053287267684936523e-01,-1.959469318389892578e-01,-3.092440366744995117e-01,-1.134945154190063477e-01,-4.234582483768463135e-01,-3.477719128131866455e-01,-2.725086808204650879e-01,-1.728034019470214844e-01,-1.589092612266540527e-01,-1.458594650030136108e-01,-1.427244842052459717e-01,-2.615751028060913086e-01,-2.317554950714111328e-01,-2.307551652193069458e-01,8.268126100301742554e-02,3.651201352477073669e-02,9.920733422040939331e-02,4.296638071537017822e-02,2.007857710123062134e-01,2.710770964622497559e-01,5.279212817549705505e-02,1.363572478294372559e-01,2.125477045774459839e-01,2.995329797267913818e-01,-3.352951258420944214e-02,1.013509109616279602e-01,2.219076454639434814e-01,1.095266863703727722e-01,1.852966547012329102e-01,1.543151289224624634e-01,1.024532467126846313e-01,1.304657906293869019e-01,9.545173496007919312e-02,1.050324589014053345e-01,2.083130180835723877e-01,1.396751105785369873e-01,7.906066626310348511e-02,-9.172127395868301392e-02,-1.880578137934207916e-02,-2.125835567712783813e-01,-2.536439299583435059e-01,-2.886214554309844971e-01,-4.763526841998100281e-02,-1.884441077709197998e-01,3.099394217133522034e-02,-7.766822725534439087e-02,4.744504019618034363e-02,-8.033292740583419800e-02,-7.842498016543686390e-04,-5.288474261760711670e-02,-7.751849293708801270e-02,-1.344271749258041382e-01,-4.487128928303718567e-02,-1.309455782175064087e-01,-7.295972108840942383e-02,-1.770196259021759033e-01,-1.643774062395095825e-01,-1.738872975111007690e-01,1.641812473535537720e-01,-1.348655074834823608e-01,6.064739078283309937e-02,-4.076866060495376587e-02,1.114367693662643433e-02,-6.774001568555831909e-02,-2.008537799119949341e-01,-2.644951269030570984e-02,-2.471679747104644775e-01,-2.285644412040710449e-01,-7.426349073648452759e-02,4.008164256811141968e-02,-1.885209232568740845e-01,-2.050286531448364258e-01,-1.700572520494461060e-01,-1.583174169063568115e-01
3.998381495475769043e-01,1.405916512012481689e-01,2.254443317651748657e-01,-7.650200277566909790e-02,1.747520714998245239e-01,9.495902806520462036e-02,3.367882370948791504e-01,2.770644426345825195e-02,4.173779487609863281e-02,1.310191154479980469e-01,0.000000000000000000e+00,3.380516171455383301e-01,6.705079674720764160e-01,4.072289764881134033e-01,3.253759741783142090e-01,2.578586041927337646e-01,-7.360597699880599976e-02,-6.232270970940589905e-02,4.151929914951324463e-01,5.960040166974067688e-02,-1.160827428102493286e-01,1.852224916219711304e-01,5.042411088943481445e-01,1.623300462961196899e-01,7.576420158147811890e-02,3.990368545055389404e-02,2.393268197774887085e-01,2.461768537759780884e-01,2.251766324043273926e-01,1.003534421324729919e-01,1.074546575546264648e-01,1.395480483770370483e-01,2.489679157733917236e-01,6.358304619789123535e-02,1.528944820165634155e-01,4.506007302552461624e-03,-3.338371813297271729e-01,-2.994120419025421143e-01,-2.816952168941497803e-01,-4.466809332370758057e-02,-1.777425855398178101e-01,-1.635682433843612671e-01,-1.773358881473541260e-01,-6.309627555310726166e-03,-1.777754127979278564e-01,1.343236416578292847e-01,-2.843373119831085205e-01,-3.992769718170166016e-01,2.030972577631473541e-02,-3.744474053382873535e-02,-1.785577237606048584e-01,-1.314761042594909668e-01,-2.411084473133087158e-01,-8.642081171274185181e-02,-2.693609297275543213e-01,-8.862383663654327393e-02,1.147537399083375931e-02,-3.206016495823860168e-02,-7.279102224856615067e-03,-2.074324637651443481e-01,1.629503667354583740e-01,3.013586401939392090e-01,5.027090758085250854e-02,-1.658510416746139526e-02,4.509261250495910645e-01,3.653330206871032715e-01,4.186514019966125488e-02,-8.756798505783081055e-02,-1.939181797206401825e-02,-1.784924566745758057e-01,2.011960595846176147e-01,2.566162943840026855e-01,3.686830103397369385e-01,2.987463474273681641e-01,2.282014042139053345e-01,2.419197261333465576e-01,1.593600511550903320e-01,8.246819674968719482e-02,8.165657520294189453e-02,1.903522014617919922e-01,7.266435772180557251e-02,3.713379427790641785e-02,-4.276780039072036743e-02,-7.102824002504348755e-02,1.472028791904449463e-01,6.401260383427143097e-03,2.274469286203384399e-01,6.972656399011611938e-02,2.433602884411811829e-02,-1.797307096421718597e-02,-2.639686502516269684e-02,-1.386429648846387863e-02,1.058863401412963867e-01,1.630345731973648071e-01,1.187288165092468262e-01,-9.353746473789215088e-02,8.229140937328338623e-02,1.651889272034168243e-02,-4.607648402452468872e-02,8.841153234243392944e-02,1.392300426959991455e-01,3.049939125776290894e-02,-3.763343691825866699e-01,-3.387180268764495850e-01,-2.644239068031311035e-01,-1.602309048175811768e-01,-1.545291841030120850e-01,-2.765742838382720947e-01,-2.641421556472778320e-01,-1.091000735759735107e-01,2.546604573726654053e-01,4.932556450366973877e-01,8.610791712999343872e-02,-2.474509775638580322e-01,-1.068905740976333618e-01,-3.525819480419158936e-01
2.640451788902282715e-01,2.617312371730804443e-01,2.468568533658981323e-01,4.251640439033508301e-01,3.275148198008537292e-02,1.023063138127326965e-01,3.652728497982025146e-01,5.577983856201171875e-01,-1.737449020147323608e-01,1.302316635847091675e-01,3.380516171455383301e-01,0.000000000000000000e+00,4.017446637153625488e-01,7.686815857887268066e-01,-1.447772420942783356e-02,4.165104329586029053e-01,-1.721482723951339722e-02,-1.190377250313758850e-01,3.496328294277191162e-01,2.320583462715148926e-01,-2.061906605958938599e-01,6.329179555177688599e-02,4.702014327049255371e-01,4.650927186012268066e-01,-4.524948075413703918e-03,2.880504429340362549e-01,1.146144196391105652e-01,1.993445456027984619e-01,2.974601984024047852e-01,1.483175456523895264e-01,4.210202991962432861e-01,4.946431815624237061e-01,3.581630289554595947e-01,4.801743626594543457e-01,1.524499505758285522e-01,1.171331033110618591e-01,-3.666674196720123291e-01,-3.586565554141998291e-01,-3.291535377502441406e-01,9.471300989389419556e-02,-2.592701017856597900e-01,-2.113947570323944092e-01,-3.901129066944122314e-01,-8.816971629858016968e-02,-4.028138518333435059e-01,-3.255138546228408813e-02,-4.270851016044616699e-01,-4.881277084350585938e-01,-2.504812777042388916e-01,-2.667461931705474854e-01,-3.144013881683349609e-01,-1.944357752799987793e-01,-4.065278768539428711e-01,-2.529633343219757080e-01,-2.725984454154968262e-01,-1.073847562074661255e-01,3.150483965873718262e-02,1.964047923684120178e-02,1.173670589923858643e-01,-9.110262989997863770e-02,3.534763455390930176e-01,4.286111593246459961e-01,3.826862871646881104e-01,3.495971858501434326e-01,8.121520280838012695e-02,3.920892775058746338e-01,4.804528504610061646e-02,1.398086398839950562e-01,-7.758086919784545898e-02,-1.488710194826126099e-01,3.212086260318756104e-01,4.822292029857635498e-01,5.263132452964782715e-01,4.734829962253570557e-01,3.502939939498901367e-01,2.827571630477905273e-01,2.299823462963104248e-01,2.147919386625289917e-01,-3.913044184446334839e-02,1.480779647827148438e-01,-8.422720432281494141e-02,-7.992538623511791229e-03,-2.675821781158447266e-01,-1.590891480445861816e-01,-2.253964692354202271e-01,1.434378921985626221e-01,-5.610070377588272095e-02,1.626556366682052612e-02,-2.589356005191802979e-01,4.673790931701660156e-02,-8.148452639579772949e-02,-2.006957381963729858e-01,-9.839954972267150879e-02,-1.997948288917541504e-01,1.271307766437530518e-01,-2.272148616611957550e-02,2.999434806406497955e-02,1.309896111488342285e-01,3.205810673534870148e-03,3.479828685522079468e-02,2.135822363197803497e-02,2.266579866409301758e-02,-3.204968273639678955e-01,-1.289105415344238281e-01,-2.467496842145919800e-01,-2.130307853221893311e-01,-2.389495521783828735e-01,-1.368670016527175903e-01,-3.025123476982116699e-01,-5.249042809009552002e-02,2.627145648002624512e-01,4.873081445693969727e-01,-2.434771880507469177e-02,-2.572290897369384766e-01,-1.156888827681541443e-01,-3.090071380138397217e-01
5.504903793334960938e-01,1.762448698282241821e-01,3.429397046566009521e-01,6.261838972568511963e-02,1.636375188827514648e-01,3.715659957379102707e-03,5.437397956848144531e-01,1.714713722467422485e-01,-1.509271003305912018e-02,5.621913447976112366e-02,6.705079674720764160e-01,4.017446637153625488e-01,0.000000000000000000e+00,4.843158423900604248e-01,2.815409302711486816e-01,1.883622407913208008e-01,4.413549613673239946e-04,-9.356006979942321777e-02,4.740862846374511719e-01,2.428012490272521973e-01,-2.253153324127197266e-01,3.535369783639907837e-02,4.456873238086700439e-01,1.556546092033386230e-01,-3.719151485711336136e-03,-1.717161573469638824e-02,1.090125292539596558e-01,9.525610506534576416e-02,3.001635074615478516e-01,1.445761919021606445e-01,1.250937134027481079e-01,1.185046285390853882e-01,1.841154694557189941e-01,1.017300933599472046e-01,9.648196399211883545e-02,-9.636376053094863892e-02,-3.641243278980255127e-01,-3.523643910884857178e-01,-3.727041780948638916e-01,-1.671777218580245972e-01,-2.407640814781188965e-01,-2.341623455286026001e-01,-2.579553723335266113e-01,-6.170060113072395325e-02,-2.114697098731994629e-01,-3.649563062936067581e-03,-2.824440300464630127e-01,-4.221202135086059570e-01,-7.767964154481887817e-02,-7.836464792490005493e-02,-1.947973668575286865e-01,-1.624981462955474854e-01,-3.288891613483428955e-01,-1.988105624914169312e-01,-3.232153058052062988e-01,-2.217502743005752563e-01,1.709707267582416534e-02,-4.413186013698577881e-02,1.960901468992233276e-01,-7.267394661903381348e-02,4.082052111625671387e-01,3.219343125820159912e-01,1.182236969470977783e-01,3.752730786800384521e-02,3.461687564849853516e-01,1.296059787273406982e-01,-6.906483322381973267e-02,-2.562412619590759277e-01,5.912575125694274902e-02,-1.032681837677955627e-01,3.144693374633789062e-01,3.849775493144989014e-01,4.322582781314849854e-01,4.313642382621765137e-01,2.209640592336654663e-01,1.486223638057708740e-01,1.679528504610061646e-01,9.218729287385940552e-02,2.374958805739879608e-02,1.297026127576828003e-01,-4.020285792648792267e-03,-2.667002566158771515e-02,-1.571333408355712891e-01,-2.144098132848739624e-01,-2.364903502166271210e-02,-1.341135948896408081e-01,-5.043917521834373474e-02,-1.380377560853958130e-01,-1.795741915702819824e-02,-7.148440182209014893e-02,-7.695760577917098999e-02,2.022178284823894501e-02,-2.157876640558242798e-02,1.387903988361358643e-01,9.512333199381828308e-03,-1.522359848022460938e-01,1.212881878018379211e-02,8.420863747596740723e-02,4.707525670528411865e-02,2.054236084222793579e-01,7.298085093498229980e-02,1.808362901210784912e-01,-2.918813824653625488e-01,-1.428577452898025513e-01,-2.431918084621429443e-01,-1.127280443906784058e-01,-2.311491668224334717e-01,-1.519806087017059326e-01,-2.426518946886062622e-01,-5.622559785842895508e-02,2.851626873016357422e-01,4.465537667274475098e-01,4.128863289952278137e-02,-1.723036766052246094e-01,-1.761538907885551453e-02,-2.425761818885803223e-01
