0.000000000000000000e+00,1.839054673910140991e-01,4.438494145870208740e-02,-2.611280977725982666e-01,-3.930407762527465820e-02,-9.666020423173904419e-02,2.447188496589660645e-01,-2.959943413734436035e-01,-2.074830532073974609e-01,-2.325488179922103882e-01,3.758797645568847656e-01,1.352612227201461792e-01,2.721684873104095459e-01,7.547289133071899414e-02,-1.191520988941192627e-01,-2.889758348464965820e-01,-1.590468883514404297e-01,-4.952988028526306152e-02,3.083547055721282959e-01,2.633654139935970306e-02,-1.141189187765121460e-01,-2.194542437791824341e-02,-8.043122291564941406e-02,-2.370650917291641235e-01,-1.865925490856170654e-01,-2.537142932415008545e-01,-6.634045392274856567e-02,-5.629426985979080200e-02,5.437310412526130676e-02,-1.956731379032135010e-01,-2.883309684693813324e-02,-8.757710456848144531e-02,2.247045636177062988e-01,9.757838398218154907e-02,-1.412440091371536255e-01,-1.653050929307937622e-01,-1.086072716861963272e-02,5.043427273631095886e-02,-1.045021340250968933e-01,5.621918290853500366e-02,6.797615438699722290e-02,1.467524021863937378e-01,-3.783113509416580200e-02,3.807896748185157776e-03,2.507517673075199127e-02,-3.624073043465614319e-02,-3.371714055538177490e-02,2.289227396249771118e-02,-1.316691488027572632e-01,-2.682562358677387238e-02,1.405857801437377930e-01,1.036416590213775635e-01,1.643778979778289795e-01,-2.245591767132282257e-02,2.704182174056768417e-03,1.101223379373550415e-01,3.132355213165283203e-01,1.577366143465042114e-01,3.592040538787841797e-01,2.541535794734954834e-01,3.742186129093170166e-01,-8.796580135822296143e-02,2.289384007453918457e-01,1.410676687955856323e-01,-9.558112919330596924e-02,-2.833842337131500244e-01,2.256606146693229675e-02,-7.883019000291824341e-02,2.065910100936889648e-01,1.710481941699981689e-02,1.564458757638931274e-01,1.707391291856765747e-01,2.609034776687622070e-01,1.544718295335769653e-01,-2.066818065941333771e-02,1.573017537593841553e-01,2.600373923778533936e-01,1.086864396929740906e-01,-2.154424786567687988e-01,-1.885550096631050110e-02,-8.829252421855926514e-02,-1.093791611492633820e-02,-4.826643317937850952e-02,5.902501940727233887e-02,6.499224901199340820e-02,-1.588516831398010254e-01,-5.888699553906917572e-03,-1.545941084623336792e-01,5.096589447930455208e-04,-7.261829078197479248e-02,-3.438918292522430420e-01,-1.084746718406677246e-01,-3.572516441345214844e-01,-8.783731609582901001e-02,-6.488039344549179077e-02,-1.952408105134963989e-01,-1.151599511504173279e-01,-1.217969059944152832e-01,-2.921540290117263794e-02,1.303400397300720215e-01,-7.211820781230926514e-02,1.286282688379287720e-01,-3.754501789808273315e-02,-1.929699815809726715e-02,-1.986259158002212644e-04,2.618542686104774475e-02,-1.833202876150608063e-02,8.991883695125579834e-02,-1.382196694612503052e-01,-1.634161919355392456e-02,-2.831262350082397461e-02,-4.348841309547424316e-02,-5.162484198808670044e-02,-5.059586092829704285e-02,2.172250486910343170e-02,-9.167257696390151978e-02
1.839054673910140991e-01,0.000000000000000000e+00,4.753515869379043579e-02,1.722673512995243073e-02,1.878787726163864136e-01,1.646431088447570801e-01,5.973133817315101624e-02,1.562820822000503540e-01,1.322961132973432541e-02,-1.475709229707717896e-01,9.327284246683120728e-02,5.248055979609489441e-02,6.630162894725799561e-02,-1.204921025782823563e-02,-6.653852760791778564e-02,-2.032503187656402588e-01,4.147220030426979065e-02,2.340507656335830688e-01,3.020714819431304932e-01,4.343008697032928467e-01,3.392134606838226318e-02,2.815692126750946045e-02,8.819617331027984619e-03,1.553338207304477692e-02,1.304355710744857788e-01,-1.728961020708084106e-01,1.426462382078170776e-01,-1.003464963287115097e-02,-2.318689599633216858e-02,-1.539180055260658264e-03,2.239050567150115967e-01,2.916845679283142090e-02,2.937674820423126221e-01,3.487968444824218750e-01,-1.120951622724533081e-01,-1.332664042711257935e-01,7.203928381204605103e-02,3.512455895543098450e-02,-1.111590862274169922e-01,-4.722150415182113647e-02,1.055696383118629456e-01,1.969303935766220093e-01,-3.044551424682140350e-02,1.013633757829666138e-01,1.500765234231948853e-01,1.967972330749034882e-02,2.957408130168914795e-02,7.640036940574645996e-02,1.327218413352966309e-01,1.017209514975547791e-01,6.308047473430633545e-02,8.968094363808631897e-03,8.011469990015029907e-02,-1.149642318487167358e-01,-8.894990384578704834e-02,7.449215743690729141e-03,5.299707651138305664e-01,4.394158124923706055e-01,-1.437060255557298660e-02,6.578295677900314331e-02,1.394820213317871094e-02,4.391049593687057495e-02,1.643039286136627197e-01,1.068405061960220337e-01,-1.161517798900604248e-01,-1.315633505582809448e-01,-2.693292498588562012e-01,-9.179431945085525513e-02,4.121622443199157715e-01,2.815576195716857910e-01,2.249562889337539673e-01,-9.730495512485504150e-02,1.355244666337966919e-01,3.146119415760040283e-01,6.334148347377777100e-02,2.462631650269031525e-02,1.313301026821136475e-01,-3.550546243786811829e-02,2.182970056310296059e-03,5.288081988692283630e-02,4.515250027179718018e-02,-1.232451722025871277e-01,-1.971099153161048889e-02,-1.366348117589950562e-01,-5.300988629460334778e-02,-2.187317758798599243e-01,1.638703048229217529e-01,1.318684127181768417e-02,-7.487248629331588745e-03,-2.740114331245422363e-01,-1.965864151716232300e-01,-3.058923184871673584e-01,-2.857286334037780762e-01,-3.225570917129516602e-01,-2.527462840080261230e-01,-2.091966420412063599e-01,-2.512252628803253174e-01,-1.836998164653778076e-01,-1.015532761812210083e-01,-1.021148264408111572e-01,5.894351005554199219e-02,-1.201295554637908936e-01,1.691733002662658691e-01,-8.038049191236495972e-02,-6.972690671682357788e-02,-1.213381960988044739e-01,-1.171082779765129089e-01,1.297121681272983551e-02,-7.529088109731674194e-02,-1.684530638158321381e-02,-2.609738409519195557e-01,-2.216179668903350830e-01,4.273966420441865921e-03,-4.928490146994590759e-02,-1.705192029476165771e-01,-5.349676311016082764e-02
4.438494145870208740e-02,4.753515869379043579e-02,0.000000000000000000e+00,2.667251527309417725e-01,2.339795678853988647e-01,-6.777270883321762085e-02,4.654061198234558105e-01,-7.057294249534606934e-02,2.517862319946289062e-01,-1.277292221784591675e-01,-2.385328337550163269e-02,-1.820607632398605347e-01,3.178836107254028320e-01,-1.545434296131134033e-01,1.786391586065292358e-01,-1.444591730833053589e-01,-2.942034006118774414e-01,-2.487254291772842407e-01,2.652192115783691406e-01,1.705048382282257080e-01,-1.068030744791030884e-01,-1.701227277517318726e-01,5.140661597251892090e-01,3.767682909965515137e-01,3.610811233520507812e-01,-9.062938392162322998e-02,1.707153618335723877e-01,1.051853299140930176e-01,-2.024926990270614624e-01,-2.302135080099105835e-01,1.498847603797912598e-01,2.020054310560226440e-01,1.025462523102760315e-01,-1.604988798499107361e-02,1.346852481365203857e-01,-4.432097543030977249e-03,-2.140231058001518250e-02,3.580420464277267456e-02,-1.050240918993949890e-01,-9.646252542734146118e-02,2.180823870003223419e-02,9.353781491518020630e-02,-8.901443332433700562e-02,-6.547583639621734619e-02,3.151820227503776550e-02,-2.253504991531372070e-01,-1.834060251712799072e-01,-1.155827790498733521e-01,-3.896480798721313477e-02,-8.640404790639877319e-02,-1.265585329383611679e-02,-6.074818968772888184e-02,1.870080828666687012e-02,-9.071136265993118286e-02,-5.799507722258567810e-02,2.782824821770191193e-02,3.703321516513824463e-02,-1.972124278545379639e-01,-1.815390288829803467e-01,-2.260384857654571533e-01,-3.833082318305969238e-02,-1.540755033493041992e-01,-2.724019289016723633e-01,-3.415989577770233154e-01,4.099917709827423096e-01,-2.912028320133686066e-02,8.934863656759262085e-02,-2.060037851333618164e-01,6.629860401153564453e-02,-8.920335210859775543e-03,2.494162917137145996e-01,6.024206802248954773e-02,2.145663648843765259e-01,2.289395183324813843e-01,4.290206357836723328e-02,-8.768939413130283356e-03,6.444904953241348267e-02,-8.065255731344223022e-02,-9.196092933416366577e-02,-1.414723545312881470e-01,-9.515922516584396362e-02,-1.427696198225021362e-01,9.076499938964843750e-02,1.950393617153167725e-02,3.084530830383300781e-01,-1.513963639736175537e-01,3.132122159004211426e-01,1.887364238500595093e-01,1.092889010906219482e-01,-2.197669446468353271e-01,-6.089172512292861938e-02,-1.836537010967731476e-02,6.678529828786849976e-02,8.800587058067321777e-02,-1.920585036277770996e-01,-1.622765809297561646e-01,-2.111600041389465332e-01,-1.854719966650009155e-01,-1.599701941013336182e-01,9.095295332372188568e-03,-7.190781086683273315e-02,-1.683613210916519165e-01,8.592078834772109985e-02,-1.260489672422409058e-01,-1.143053323030471802e-01,-8.528518676757812500e-02,6.356061249971389771e-02,1.128731444478034973e-01,-2.058362513780593872e-01,-1.810249090194702148e-01,1.835924386978149414e-02,-1.846708506345748901e-01,-1.163821071386337280e-01,-1.295097321271896362e-01,-1.101090107113122940e-03,-1.291278451681137085e-01
-2.611280977725982666e-01,1.722673512995243073e-02,2.667251527309417725e-01,0.000000000000000000e+00,1.036834046244621277e-01,1.209646984934806824e-01,2.019726336002349854e-01,4.976427257061004639e-01,2.532281279563903809e-01,1.864324659109115601e-01,-2.115501761436462402e-01,-1.031465362757444382e-03,-1.672721952199935913e-01,3.791857883334159851e-02,2.125129336491227150e-03,1.447594463825225830e-01,3.661538008600473404e-03,3.693639114499092102e-02,5.930348113179206848e-02,3.183544278144836426e-01,1.839022487401962280e-01,-2.243559993803501129e-02,4.681099653244018555e-01,5.087019801139831543e-01,2.771342694759368896e-01,1.579068601131439209e-01,-9.142859280109405518e-02,-4.468652233481407166e-02,-1.254918724298477173e-01,-2.169512957334518433e-01,2.400612086057662964e-01,3.131214380264282227e-01,8.674386143684387207e-02,8.437492698431015015e-02,2.238910794258117676e-01,2.061386853456497192e-01,-9.895517677068710327e-02,-4.501539096236228943e-02,-2.883675098419189453e-01,-7.205467671155929565e-02,-1.527998000383377075e-01,-1.216358691453933716e-01,-9.745130687952041626e-02,-1.422388404607772827e-01,-8.275216817855834961e-02,-7.459630072116851807e-02,3.921489045023918152e-02,-1.080243885517120361e-01,-1.778528466820716858e-02,-3.791915997862815857e-02,-1.651286184787750244e-01,-5.608912929892539978e-02,-1.506569683551788330e-01,-3.619248420000076294e-02,-2.437032759189605713e-01,-1.943269222974777222e-01,-7.825681567192077637e-02,-2.864442951977252960e-02,-3.310188651084899902e-01,-1.589883863925933838e-01,-1.789202243089675903e-01,2.906700670719146729e-01,-2.111292928457260132e-01,-4.665229469537734985e-02,3.062061965465545654e-01,5.006681680679321289e-01,-4.162474349141120911e-02,8.534262329339981079e-02,-1.169619783759117126e-01,5.472553148865699768e-02,5.967365112155675888e-03,-2.705523557960987091e-02,-1.383552234619855881e-02,-6.224131211638450623e-02,-2.008324116468429565e-02,-1.747176349163055420e-01,-1.641616672277450562e-01,-1.863834112882614136e-01,-1.224947869777679443e-01,-9.791046613827347755e-04,-2.405216693878173828e-01,-9.223503619432449341e-02,-2.786517441272735596e-01,-8.111210912466049194e-02,-1.885727979242801666e-02,2.510296404361724854e-01,-3.311895206570625305e-02,3.528234064579010010e-01,-4.708363115787506104e-02,1.035118773579597473e-01,3.429122865200042725e-01,2.283721789717674255e-02,4.200844168663024902e-01,8.959651738405227661e-02,-1.353241652250289917e-01,-1.793756783008575439e-01,-1.332294344902038574e-01,-1.049587056040763855e-01,-9.314770251512527466e-02,-1.613231599330902100e-01,-8.045317605137825012e-03,-9.445977956056594849e-02,2.155981957912445068e-02,4.368910938501358032e-02,-1.003585457801818848e-01,-1.762359440326690674e-01,-5.129515752196311951e-02,-1.289332211017608643e-01,-4.739032685756683350e-02,7.625474780797958374e-02,-1.496539078652858734e-02,-9.235559403896331787e-02,8.108278736472129822e-03,9.720655158162117004e-03,-2.238136678934097290e-01,-7.056638598442077637e-02
-3.930407762527465820e-02,1.878787726163864136e-01,2.339795678853988647e-01,1.036834046244621277e-01,0.000000000000000000e+00,4.985876083374023438e-01,1.347523182630538940e-01,8.691985905170440674e-02,4.114722609519958496e-01,-8.281564712524414062e-02,-4.768911376595497131e-02,3.435956686735153198e-02,1.243358403444290161e-01,-1.941181160509586334e-02,2.022677958011627197e-01,-2.953057082777377218e-05,-7.368957996368408203e-02,1.127797961235046387e-01,1.114233806729316711e-01,2.789529263973236084e-01,-9.529259055852890015e-02,-1.195322573184967041e-01,2.714368104934692383e-01,3.439637124538421631e-01,4.695614278316497803e-01,1.166783198714256287e-01,5.295583009719848633e-01,4.728863537311553955e-01,3.912322968244552612e-02,-4.996762797236442566e-02,4.500181674957275391e-01,3.496050536632537842e-01,1.616356372833251953e-01,2.695549726486206055e-01,-6.468835473060607910e-02,-1.071295812726020813e-01,-3.205656260251998901e-02,1.408488452434539795e-01,-1.984043121337890625e-01,-4.668243601918220520e-02,2.582237124443054199e-01,3.068598508834838867e-01,-1.287396550178527832e-01,3.525447472929954529e-02,-5.829570442438125610e-02,-9.983336180448532104e-02,-1.117784827947616577e-01,-6.694770604372024536e-02,4.453835636377334595e-02,2.494541695341467857e-03,5.387625843286514282e-02,2.678797394037246704e-02,1.039912849664688110e-01,-1.295754760503768921e-01,1.466737389564514160e-01,1.166969090700149536e-01,1.499145328998565674e-01,1.343850940465927124e-01,-1.111864298582077026e-01,3.560850163921713829e-03,-9.493039548397064209e-02,-2.848710119724273682e-02,-7.202200358733534813e-04,1.133826002478599548e-02,-7.388350367546081543e-02,-2.662970311939716339e-02,-1.546681821346282959e-01,-6.740193068981170654e-02,2.194373607635498047e-01,1.862959861755371094e-01,2.205252945423126221e-01,-5.534579232335090637e-02,5.365956947207450867e-02,2.968596220016479492e-01,-1.236603483557701111e-01,-1.042950525879859924e-01,-1.750487983226776123e-01,-3.588461577892303467e-01,6.734812259674072266e-02,-5.186944827437400818e-02,2.725951932370662689e-02,-1.117526367306709290e-01,6.993975490331649780e-02,2.964057028293609619e-02,7.590808439999818802e-03,-1.563365459442138672e-01,2.903367877006530762e-01,3.436445072293281555e-02,1.566334664821624756e-01,-2.241078615188598633e-01,-4.421481117606163025e-02,-2.714009582996368408e-01,-1.623085290193557739e-01,-2.740531861782073975e-01,-2.104168534278869629e-01,-2.428663522005081177e-01,-2.450648248195648193e-01,-2.158766537904739380e-01,-3.244690895080566406e-01,-2.950077056884765625e-01,-7.146981358528137207e-02,-1.553851217031478882e-01,1.837818622589111328e-01,-4.999642446637153625e-02,-7.984517514705657959e-02,-1.378242671489715576e-01,1.731638014316558838e-01,1.497528254985809326e-01,-1.915583163499832153e-01,-2.401320338249206543e-01,-2.704518139362335205e-01,-3.342140018939971924e-01,-1.146379336714744568e-01,-1.330409646034240723e-01,-2.288497090339660645e-01,-1.009812504053115845e-01
-9.666020423173904419e-02,1.646431088447570801e-01,-6.777270883321762085e-02,1.209646984934806824e-01,4.985876083374023438e-01,0.000000000000000000e+00,-7.269496563822031021e-03,2.392459660768508911e-01,3.252308666706085205e-01,1.135374307632446289e-01,-1.283771395683288574e-01,1.910509541630744934e-02,-1.298075765371322632e-01,-6.411086302250623703e-03,1.609198153018951416e-01,1.693362444639205933e-01,1.843740046024322510e-02,2.278789430856704712e-01,9.235756844282150269e-02,2.414072006940841675e-01,-4.569944739341735840e-02,-9.534523636102676392e-02,2.040611766278743744e-02,1.702300012111663818e-01,3.096427321434020996e-01,1.665185093879699707e-01,4.413228332996368408e-01,4.273220300674438477e-01,3.525910526514053345e-02,-7.999706431291997433e-04,3.637585937976837158e-01,1.958541721105575562e-01,5.070722103118896484e-02,1.885616183280944824e-01,-1.314875036478042603e-01,-5.374529212713241577e-02,-6.277862191200256348e-02,2.202404849231243134e-02,-1.468449234962463379e-01,-7.761890441179275513e-02,1.062163040041923523e-01,1.597725450992584229e-01,-6.869194656610488892e-02,1.273509413003921509e-01,-2.172627858817577362e-02,4.893324896693229675e-02,-2.292850054800510406e-02,1.341107417829334736e-03,9.995893388986587524e-02,9.770273417234420776e-02,3.804688528180122375e-02,2.759415283799171448e-02,9.196970611810684204e-02,-7.567908614873886108e-02,1.007429882884025574e-01,6.471163034439086914e-02,8.668196201324462891e-02,1.400863826274871826e-01,-8.485786616802215576e-02,7.853893935680389404e-02,-1.710098236799240112e-01,4.018295928835868835e-02,3.878961876034736633e-02,1.080644950270652771e-01,-1.886786967515945435e-01,1.499328669160604477e-02,-2.148194611072540283e-01,1.311462093144655228e-02,1.485101878643035889e-01,2.160147130489349365e-01,1.467794328927993774e-01,-1.255674362182617188e-01,3.405758738517761230e-02,1.726305335760116577e-01,-7.003535330295562744e-02,-1.181418895721435547e-01,-1.776893138885498047e-01,-3.173259794712066650e-01,6.271996349096298218e-02,-1.832186058163642883e-02,1.911684125661849976e-02,-9.959006309509277344e-02,3.760255873203277588e-02,-1.126331984996795654e-01,-6.144415587186813354e-02,-3.805830702185630798e-02,2.136094123125076294e-01,6.117406114935874939e-02,1.377835124731063843e-01,-1.112463399767875671e-01,9.502474963665008545e-02,-2.093720883131027222e-01,-4.096042364835739136e-02,-2.306874096393585205e-01,-2.494058609008789062e-01,-2.383187860250473022e-01,-2.396135032176971436e-01,-2.022251337766647339e-01,-1.879323422908782959e-01,-1.876056492328643799e-01,-3.194853896275162697e-03,1.335428468883037567e-02,2.032496929168701172e-01,7.720214873552322388e-02,-9.423445910215377808e-02,-1.707721203565597534e-01,1.684011220932006836e-01,1.241882294416427612e-01,-1.622102707624435425e-01,-1.981904804706573486e-01,-2.860011756420135498e-01,-2.135278284549713135e-01,-2.715916000306606293e-02,-9.468992054462432861e-02,-2.674954831600189209e-01,-1.113005131483078003e-01
2.447188496589660645e-01,5.973133817315101624e-02,4.654061198234558105e-01,2.019726336002349854e-01,1.347523182630538940e-01,-7.269496563822031021e-03,0.000000000000000000e+00,9.242425113916397095e-02,2.567442357540130615e-01,-4.163307696580886841e-02,3.126109838485717773e-01,1.074263527989387512e-01,4.090243279933929443e-01,1.396435648202896118e-01,1.440344601869583130e-01,-1.305616945028305054e-01,-2.856368422508239746e-01,-2.501215338706970215e-01,2.542188167572021484e-01,9.798245131969451904e-02,-7.825274765491485596e-02,-1.312723010778427124e-01,2.876947820186614990e-01,1.276793777942657471e-01,-1.322833937592804432e-03,-1.754108071327209473e-01,-1.315073296427726746e-02,-3.719559311866760254e-02,-5.682020261883735657e-02,-2.819843888282775879e-01,1.245115175843238831e-01,1.057903282344341278e-03,1.273398846387863159e-01,-5.692656338214874268e-02,-9.164021909236907959e-02,-2.247121632099151611e-01,2.089786902070045471e-02,-5.064583197236061096e-02,-1.510975807905197144e-01,-8.516152203083038330e-02,3.831662982702255249e-02,8.249948173761367798e-02,-2.854984700679779053e-01,-1.909626424312591553e-01,-8.566646277904510498e-02,-3.040418922901153564e-01,-9.406998008489608765e-02,-2.003658711910247803e-01,-1.502808630466461182e-01,-1.210663244128227234e-01,5.332458019256591797e-02,2.472631447017192841e-02,-3.085405193269252777e-02,-1.374600529670715332e-01,-1.640678048133850098e-01,-4.638596624135971069e-02,6.680607330054044724e-03,5.437742453068494797e-03,3.860210254788398743e-02,1.721738837659358978e-02,3.262956440448760986e-01,1.869719624519348145e-01,-2.553809061646461487e-02,-5.375371873378753662e-02,2.334025502204895020e-01,2.656965516507625580e-02,-5.588519200682640076e-02,-3.126593232154846191e-01,5.571363866329193115e-02,-4.606242105364799500e-02,2.779627740383148193e-01,1.132443323731422424e-01,3.125964403152465820e-01,1.978849917650222778e-01,3.031496331095695496e-02,1.967140659689903259e-02,-2.285736147314310074e-03,-9.238176792860031128e-02,-1.645237654447555542e-01,-2.486985772848129272e-01,-2.058446556329727173e-01,-1.215676814317703247e-01,-3.776883706450462341e-02,-6.094459444284439087e-02,1.757783740758895874e-01,-1.908871531486511230e-01,1.218080967664718628e-01,1.263290941715240479e-01,4.383229650557041168e-03,-1.310381442308425903e-01,-6.082887202501296997e-02,-6.098844110965728760e-02,3.128892555832862854e-02,9.658221900463104248e-02,-1.695480644702911377e-01,-2.008313983678817749e-01,-2.598471343517303467e-01,-2.384074479341506958e-01,-8.320786058902740479e-02,2.444873936474323273e-02,2.767297253012657166e-02,5.270562693476676941e-02,1.807001829147338867e-01,3.790594637393951416e-02,-1.637207418680191040e-01,2.136411517858505249e-02,1.042026504874229431e-01,1.177151650190353394e-01,-2.248023003339767456e-01,-1.179738342761993408e-01,-5.178863182663917542e-03,-4.200067371129989624e-02,-1.321395300328731537e-02,-2.070222496986389160e-01,-1.522687971591949463e-01,-1.498321294784545898e-01
-2.959943413734436035e-01,1.562820822000503540e-01,-7.057294249534606934e-02,4.976427257061004639e-01,8.691985905170440674e-02,2.392459660768508911e-01,9.242425113916397095e-02,0.000000000000000000e+00,1.008224785327911377e-01,1.218691468238830566e-01,-1.324719041585922241e-01,2.300063520669937134e-01,-2.451609224081039429e-01,3.338554501533508301e-01,-1.450297385454177856e-01,7.662693411111831665e-02,4.705315455794334412e-02,1.953212469816207886e-01,-2.976453304290771484e-02,2.763788402080535889e-01,6.004518643021583557e-02,-4.740623012185096741e-02,1.041140258312225342e-01,1.811008751392364502e-01,6.321649253368377686e-02,2.091659754514694214e-01,6.370526738464832306e-03,-8.638034760951995850e-02,-8.464991301298141479e-02,6.280324887484312057e-03,2.555398046970367432e-01,1.284373700618743896e-01,1.836108565330505371e-01,2.277742475271224976e-01,8.260187506675720215e-02,9.598721563816070557e-02,-6.322033703327178955e-02,-8.057910203933715820e-02,-2.618395686149597168e-01,-1.373854428529739380e-01,-1.016444563865661621e-01,-1.539514511823654175e-01,-4.109551757574081421e-02,-4.227518290281295776e-02,-6.657367572188377380e-03,-6.830467283725738525e-02,-1.393232028931379318e-02,-9.207124263048171997e-02,7.836129516363143921e-02,-3.724664449691772461e-02,-9.374056011438369751e-02,-9.044669568538665771e-02,-4.644975811243057251e-02,-6.302848458290100098e-02,-1.398154646158218384e-01,-2.573088705539703369e-01,3.791158786043524742e-03,2.933667302131652832e-01,-1.027854010462760925e-01,6.402304023504257202e-02,9.893205016851425171e-03,4.856756031513214111e-01,1.526371482759714127e-02,1.801690459251403809e-01,-4.050488118082284927e-03,3.627147078514099121e-01,-9.285950660705566406e-02,9.746505320072174072e-02,-6.339689716696739197e-03,1.768732070922851562e-01,9.867436252534389496e-03,-1.402502954006195068e-01,-1.437324732542037964e-01,-4.270786046981811523e-02,4.584921058267354965e-03,-3.853750973939895630e-02,-1.504070311784744263e-01,-1.982836574316024780e-01,8.135189861059188843e-02,-3.222778812050819397e-02,-2.447454631328582764e-02,-3.722103312611579895e-02,-2.321376055479049683e-01,-2.400260418653488159e-01,-1.501398682594299316e-01,3.732952103018760681e-02,-9.589008986949920654e-02,1.304076462984085083e-01,-1.764688193798065186e-01,-1.491894572973251343e-02,2.595776915550231934e-01,-1.667115241289138794e-01,2.810282111167907715e-01,-1.353810131549835205e-01,-1.866714209318161011e-01,-1.734726577997207642e-01,-1.507791876792907715e-01,-1.283227801322937012e-01,-7.222045212984085083e-02,-2.541904151439666748e-01,7.815919071435928345e-02,-8.755257725715637207e-02,2.602174133062362671e-02,-5.607527121901512146e-02,-1.321070194244384766e-01,-2.254999577999114990e-01,6.519223749637603760e-02,-7.986916601657867432e-02,-6.326086074113845825e-02,-8.638852275907993317e-03,-1.775909513235092163e-01,-5.442269146442413330e-02,6.776964757591485977e-03,-1.483189910650253296e-01,-2.696549296379089355e-01,-1.546842902898788452e-01
-2.074830532073974609e-01,1.322961132973432541e-02,2.517862319946289062e-01,2.532281279563903809e-01,4.114722609519958496e-01,3.252308666706085205e-01,2.567442357540130615e-01,1.008224785327911377e-01,0.000000000000000000e+00,3.029504716396331787e-01,-3.114219196140766144e-02,2.393905073404312134e-02,5.440622940659523010e-02,3.917646408081054688e-02,5.183689594268798828e-01,2.919031977653503418e-01,-1.838188804686069489e-02,-5.476761981844902039e-02,-4.384267609566450119e-03,1.538646370172500610e-01,-1.614582026377320290e-03,-1.557366102933883667e-01,3.261754810810089111e-01,3.623965978622436523e-01,3.030782043933868408e-01,5.930323898792266846e-02,2.981348931789398193e-01,3.161798119544982910e-01,8.427222073078155518e-02,-7.798003032803535461e-03,3.251678943634033203e-01,2.697027921676635742e-01,2.058101352304220200e-03,-7.198285311460494995e-03,-1.206785961985588074e-01,-2.156955450773239136e-01,-8.246494084596633911e-02,-2.524702809751033783e-03,-1.352769285440444946e-01,-2.113223969936370850e-01,1.925431936979293823e-01,1.708362102508544922e-01,-3.895727992057800293e-01,-2.107725143432617188e-01,-2.643339335918426514e-01,-2.044209986925125122e-01,-9.382472187280654907e-02,-3.463232815265655518e-01,-3.876031562685966492e-02,-1.127057820558547974e-01,-6.439646333456039429e-02,-1.134601086378097534e-01,-6.188027560710906982e-02,-2.054844349622726440e-01,3.738101199269294739e-02,-3.098036721348762512e-02,-9.553264826536178589e-03,1.545227225869894028e-02,-2.651712596416473389e-01,-1.223814263939857483e-01,-1.273759901523590088e-01,8.424107730388641357e-02,-1.596949547529220581e-01,-3.095859475433826447e-02,6.462711840867996216e-03,1.192187890410423279e-01,-2.822036147117614746e-01,-2.597880065441131592e-01,4.342118650674819946e-02,1.323115378618240356e-01,2.257178723812103271e-01,4.455529898405075073e-02,1.010551080107688904e-01,1.553915143013000488e-01,-4.343542456626892090e-02,-1.736757606267929077e-01,-2.538984417915344238e-01,-2.474898695945739746e-01,1.814686879515647888e-02,-2.168029695749282837e-01,-7.593403756618499756e-02,-1.692775487899780273e-01,1.135049313306808472e-01,4.569417610764503479e-02,1.174328196793794632e-02,-1.718167364597320557e-01,2.992927134037017822e-01,1.615706533193588257e-01,2.720208764076232910e-01,-6.212266534566879272e-02,2.738367319107055664e-01,-6.049945205450057983e-02,1.020248979330062866e-01,-8.414699137210845947e-02,-3.276645392179489136e-02,-2.565648593008518219e-02,-3.981599956750869751e-02,-1.089663058519363403e-01,-1.568022519350051880e-01,-2.607322931289672852e-01,-5.602012202143669128e-02,-8.936800807714462280e-02,1.738821119070053101e-01,9.195290505886077881e-02,-9.502776712179183960e-02,-1.220894604921340942e-01,2.230027616024017334e-01,1.651013046503067017e-01,-4.096281901001930237e-02,-1.758758127689361572e-01,-1.019013971090316772e-01,-1.973686665296554565e-01,-1.264512306079268456e-03,-1.510730236768722534e-01,-2.171795815229415894e-01,5.464977771043777466e-02
-2.325488179922103882e-01,-1.475709229707717896e-01,-1.277292221784591675e-01,1.864324659109115601e-01,-8.281564712524414062e-02,1.135374307632446289e-01,-4.163307696580886841e-02,1.218691468238830566e-01,3.029504716396331787e-01,0.000000000000000000e+00,-1.878145635128021240e-01,1.159774363040924072e-01,-2.861856520175933838e-01,1.122165396809577942e-01,1.172597855329513550e-01,4.840901196002960205e-01,2.515726089477539062e-01,-8.933366835117340088e-02,-2.914199046790599823e-02,-7.934253662824630737e-02,1.384020000696182251e-01,1.207153052091598511e-01,3.248473629355430603e-02,7.361397892236709595e-02,-2.075858972966670990e-02,3.110841810703277588e-01,-9.124083071947097778e-02,5.251831561326980591e-02,1.840566992759704590e-01,-3.380307555198669434e-02,9.077679365873336792e-02,1.528386622667312622e-01,-5.776485428214073181e-02,-3.446402773261070251e-02,1.916463603265583515e-03,-1.036956813186407089e-02,-3.566077211871743202e-03,-3.450723364949226379e-02,1.231440546689555049e-04,5.079514905810356140e-02,-6.381965707987546921e-03,-1.690372675657272339e-01,-6.299725174903869629e-02,-8.150564134120941162e-02,-1.715560704469680786e-01,-5.082871392369270325e-02,1.017678007483482361e-01,-9.051333367824554443e-02,2.458230964839458466e-02,4.231700673699378967e-02,-1.209502741694450378e-01,-3.845493495464324951e-02,-1.852539479732513428e-01,8.444567769765853882e-02,-4.907586798071861267e-02,-6.004848331212997437e-02,-1.233785822987556458e-01,-8.790600299835205078e-02,-2.210292369127273560e-01,-9.958373755216598511e-02,-2.245211750268936157e-01,1.914810091257095337e-01,-1.578850299119949341e-01,-1.837169192731380463e-02,6.059347093105316162e-02,2.857282459735870361e-01,-1.346886307001113892e-01,-1.552105881273746490e-03,-2.558322846889495850e-01,-1.187638863921165466e-01,-2.388965636491775513e-01,9.852892905473709106e-02,1.712159998714923859e-02,-1.723378449678421021e-01,1.428230851888656616e-01,6.833227723836898804e-02,-1.459774971008300781e-01,1.133200302720069885e-01,-1.029755547642707825e-01,1.968992948532104492e-01,-2.288404107093811035e-01,1.432888507843017578e-01,-1.876576095819473267e-01,-2.697784267365932465e-02,-3.262850344181060791e-01,2.248373776674270630e-01,-8.559428155422210693e-02,2.835365533828735352e-01,-1.015160232782363892e-01,3.822925388813018799e-01,1.842636168003082275e-01,1.697805076837539673e-01,1.501507014036178589e-01,1.478719413280487061e-01,1.448506414890289307e-01,5.079960823059082031e-02,2.711592316627502441e-01,3.643435193225741386e-03,1.302307397127151489e-01,-6.476657837629318237e-02,2.122054621577262878e-02,2.317074239253997803e-01,-6.108267977833747864e-02,2.555603981018066406e-01,-1.496362388134002686e-01,2.063985913991928101e-02,-5.630462616682052612e-02,2.559932507574558258e-02,-1.820510020479559898e-03,6.855266541242599487e-02,1.906922906637191772e-01,6.437995284795761108e-02,-3.149973228573799133e-02,2.154908142983913422e-02,-7.594848982989788055e-03,-3.868213668465614319e-02
3.758797645568847656e-01,9.327284246683120728e-02,-2.385328337550163269e-02,-2.115501761436462402e-01,-4.768911376595497131e-02,-1.283771395683288574e-01,3.126109838485717773e-01,-1.324719041585922241e-01,-3.114219196140766144e-02,-1.878145635128021240e-01,0.000000000000000000e+00,3.464475870132446289e-01,5.148110985755920410e-01,2.903174757957458496e-01,1.073973104357719421e-01,-2.815409600734710693e-01,-2.479370310902595520e-02,1.713524572551250458e-02,6.858310848474502563e-02,-9.290361404418945312e-02,-3.990682587027549744e-02,-1.419606059789657593e-01,7.831691764295101166e-03,-1.471514403820037842e-01,-2.395779192447662354e-01,-2.530353963375091553e-01,-1.018247753381729126e-01,-1.439381539821624756e-01,2.281409651041030884e-01,-1.073178872466087341e-01,8.832816034555435181e-02,-5.841306224465370178e-02,1.887015253305435181e-01,1.380075979977846146e-02,-6.855455040931701660e-02,-9.070252627134323120e-02,5.661712959408760071e-03,-9.101919829845428467e-02,-1.197927296161651611e-01,-8.898925781250000000e-02,1.334297358989715576e-01,7.704047858715057373e-02,-2.366138249635696411e-01,-1.193897873163223267e-01,-1.087208017706871033e-01,-9.446289390325546265e-02,4.794890433549880981e-02,-1.614766269922256470e-01,-2.389643937349319458e-01,-1.890066862106323242e-01,-5.436539649963378906e-02,-1.290809363126754761e-01,-1.127851828932762146e-01,-3.237982094287872314e-01,-1.900523006916046143e-01,-1.220181062817573547e-01,1.629536151885986328e-01,2.325232923030853271e-01,2.900319695472717285e-01,1.705195158720016479e-01,5.374870896339416504e-01,1.081022024154663086e-01,4.456099271774291992e-01,2.321153730154037476e-01,-1.822583526372909546e-01,-1.471426039934158325e-01,2.798647992312908173e-02,-1.265483647584915161e-01,1.156510412693023682e-01,5.976146087050437927e-02,1.667378097772598267e-01,9.390220046043395996e-02,2.219051718711853027e-01,1.419545263051986694e-01,-1.937042176723480225e-02,2.070608362555503845e-02,1.486077159643173218e-01,7.407116889953613281e-02,-6.839521974325180054e-02,-1.130540519952774048e-01,3.121873177587985992e-02,-2.809725329279899597e-02,-6.074187532067298889e-02,6.315547507256269455e-03,9.514165669679641724e-02,-2.709848284721374512e-01,6.067010108381509781e-04,-1.158985868096351624e-01,-7.905890233814716339e-03,-1.128722801804542542e-01,-2.443199604749679565e-01,-2.004987150430679321e-01,-2.013466805219650269e-01,-2.767113037407398224e-02,-5.044125765562057495e-02,-1.374015510082244873e-01,-9.228516370058059692e-02,-7.416522502899169922e-02,-9.409650415182113647e-02,-4.068256914615631104e-02,4.134611785411834717e-02,1.050070300698280334e-01,1.265750229358673096e-01,1.090178489685058594e-01,-8.348341286182403564e-02,9.562736004590988159e-02,1.186797544360160828e-01,7.595425844192504883e-02,-2.873499691486358643e-02,2.575283125042915344e-02,1.047134473919868469e-01,4.461655765771865845e-02,-6.757797300815582275e-02,-7.685843855142593384e-02,-1.418630927801132202e-01,-4.606259986758232117e-02
1.352612227201461792e-01,5.248055979609489441e-02,-1.820607632398605347e-01,-1.031465362757444382e-03,3.435956686735153198e-02,1.910509541630744934e-02,1.074263527989387512e-01,2.300063520669937134e-01,2.393905073404312134e-02,1.159774363040924072e-01,3.464475870132446289e-01,0.000000000000000000e+00,5.894378572702407837e-02,5.140510201454162598e-01,-1.188469156622886658e-01,-9.972774237394332886e-02,8.368243277072906494e-02,8.426041901111602783e-02,5.201707035303115845e-02,1.424415111541748047e-01,-7.557222992181777954e-02,-1.194397881627082825e-01,-1.389495283365249634e-01,-1.418124735355377197e-01,-2.873613536357879639e-01,-2.696999115869402885e-03,-1.569135785102844238e-01,-1.161732599139213562e-01,2.247497141361236572e-01,-6.808650493621826172e-02,1.773190349340438843e-01,5.700423568487167358e-02,2.962274551391601562e-01,2.323415279388427734e-01,-1.106475815176963806e-01,-3.058049827814102173e-03,-1.257703751325607300e-01,-1.197970882058143616e-01,-2.173473238945007324e-01,-4.314555227756500244e-02,7.545501738786697388e-02,-7.395980414003133774e-03,-1.447654068470001221e-01,-3.289220854640007019e-02,-9.279686212539672852e-02,-5.620387569069862366e-02,1.503926664590835571e-01,-6.871834397315979004e-02,1.207131799310445786e-02,-7.381359115242958069e-03,1.120832413434982300e-01,1.402784287929534912e-01,2.888822369277477264e-02,-5.401661247014999390e-02,2.439610287547111511e-02,2.900217659771442413e-02,-5.991571769118309021e-02,3.354739546775817871e-01,3.030323386192321777e-01,4.492343664169311523e-01,3.681887686252593994e-01,4.458382725715637207e-01,3.485649824142456055e-01,4.700832962989807129e-01,-3.314285874366760254e-01,6.102430075407028198e-02,-4.789125546813011169e-02,1.979676485061645508e-01,-3.531271591782569885e-02,1.183171104639768600e-02,-6.677701324224472046e-02,-8.087059482932090759e-03,2.044222503900527954e-01,1.136658042669296265e-01,-1.221446599811315536e-02,7.948745042085647583e-02,-2.690667286515235901e-02,1.049633696675300598e-01,-1.296378523111343384e-01,-7.229910790920257568e-02,-1.851865947246551514e-01,-1.643534936010837555e-02,-2.517880201339721680e-01,-1.352509856224060059e-01,-3.133652806282043457e-01,-2.823263220489025116e-02,-1.362024843692779541e-01,-3.607356175780296326e-02,-1.316167265176773071e-01,1.400043368339538574e-01,-8.211858570575714111e-02,-1.788419336080551147e-01,-9.663669019937515259e-02,-1.172555536031723022e-01,-6.266311556100845337e-02,-2.009728401899337769e-01,-2.439979277551174164e-02,-1.698863804340362549e-01,-7.889094203710556030e-02,-2.029905170202255249e-01,1.378667354583740234e-01,1.500344872474670410e-01,6.293982267379760742e-02,1.558043658733367920e-01,-1.340232044458389282e-01,-6.230747385416179895e-05,8.823633193969726562e-02,7.644873112440109253e-02,-7.867550849914550781e-02,4.617075994610786438e-02,5.539597570896148682e-02,-5.002343654632568359e-02,-8.692223578691482544e-02,-1.110483184456825256e-01,-2.540425956249237061e-01,-1.667501628398895264e-01
2.721684873104095459e-01,6.630162894725799561e-02,3.178836107254028320e-01,-1.672721952199935913e-01,1.243358403444290161e-01,-1.298075765371322632e-01,4.090243279933929443e-01,-2.451609224081039429e-01,5.440622940659523010e-02,-2.861856520175933838e-01,5.148110985755920410e-01,5.894378572702407837e-02,0.000000000000000000e+00,8.424859493970870972e-03,2.490034550428390503e-01,-2.337336242198944092e-01,-1.284071803092956543e-01,-3.182908892631530762e-02,1.987352222204208374e-01,-5.250998958945274353e-02,-9.224916994571685791e-02,-1.356692612171173096e-01,1.872314810752868652e-01,3.102665394544601440e-02,-3.812582930549979210e-03,-2.824999094009399414e-01,4.166784882545471191e-02,-6.714238971471786499e-02,1.997502520680427551e-02,-1.161461845040321350e-01,7.102484256029129028e-02,-6.233389489352703094e-03,1.082583740353584290e-01,-7.157981395721435547e-02,-4.114429652690887451e-02,-2.211679071187973022e-01,8.823810517787933350e-02,2.385767409577965736e-03,-3.212310746312141418e-02,-1.008452847599983215e-01,2.685517370700836182e-01,2.680404186248779297e-01,-2.708754539489746094e-01,-2.084272205829620361e-01,-1.098201796412467957e-01,-1.868880689144134521e-01,-1.451963037252426147e-01,-2.154208570718765259e-01,-2.295899093151092529e-01,-2.051155120134353638e-01,-4.541489854454994202e-02,-1.238074228167533875e-01,-3.116789273917675018e-02,-3.100966215133666992e-01,-1.353241503238677979e-01,-6.186902150511741638e-02,9.347571432590484619e-02,1.199018582701683044e-02,9.468182176351547241e-02,-4.230573400855064392e-02,3.493988215923309326e-01,-8.050685375928878784e-02,1.334026604890823364e-01,-4.394565150141716003e-02,1.387091726064682007e-01,-1.627518683671951294e-01,1.668109372258186340e-02,-2.128800153732299805e-01,1.727706044912338257e-01,-3.654776141047477722e-02,2.940939366817474365e-01,-6.463897298090159893e-04,2.788449525833129883e-01,2.710063457489013672e-01,1.207151636481285095e-02,4.427573084831237793e-02,1.744942069053649902e-01,8.052019402384757996e-03,7.753022760152816772e-02,-6.650882214307785034e-02,9.958121180534362793e-02,-1.044697314500808716e-02,1.585640311241149902e-01,1.573890596628189087e-01,3.403775691986083984e-01,-2.695398926734924316e-01,1.947287321090698242e-01,-5.460256338119506836e-02,1.476055383682250977e-01,-2.227262109518051147e-01,-1.984509974718093872e-01,-1.199686303734779358e-01,-1.709381788969039917e-01,1.090506184846162796e-02,1.170423161238431931e-02,-4.254893213510513306e-02,-8.682372421026229858e-02,-1.312506645917892456e-01,-1.028220281004905701e-01,3.476739674806594849e-02,-2.921899221837520599e-02,-7.268950343132019043e-02,1.013594120740890503e-01,-6.685445457696914673e-02,-3.261849656701087952e-02,9.189182519912719727e-02,5.771903693675994873e-02,1.193542480468750000e-01,-9.928274899721145630e-02,-6.933226436376571655e-02,3.363677486777305603e-02,-7.300895452499389648e-02,-1.202930510044097900e-01,-1.309074908494949341e-01,1.347575103864073753e-03,-2.175497077405452728e-02
