0.000000000000000000e+00,-4.498840868473052979e-02,4.711879491806030273e-01,2.307139523327350616e-02,-1.960798352956771851e-01,-1.011719033122062683e-01,5.010180473327636719e-01,-9.717178344726562500e-02,2.043305896222591400e-03,-2.979739904403686523e-01,4.659573435783386230e-01,-7.053117454051971436e-02,3.448462188243865967e-01,-1.531504839658737183e-01,-2.938903868198394775e-01,-1.335757076740264893e-01,3.497775793075561523e-01,-2.498627901077270508e-01,3.907477259635925293e-01,-1.397791355848312378e-01,-4.402262344956398010e-02,-1.162517741322517395e-01,2.176747173070907593e-01,-2.802871540188789368e-02,-2.822024524211883545e-01,-2.396924346685409546e-01,-1.560211777687072754e-01,-1.277804672718048096e-01,3.428795039653778076e-01,-2.301502674818038940e-01,-1.582512557506561279e-01,-2.066385298967361450e-01,2.993242144584655762e-01,-2.804214358329772949e-01,1.467525362968444824e-01,-6.870070844888687134e-02,1.078822612762451172e-01,-2.173668295145034790e-01,-1.103004291653633118e-01,3.286628797650337219e-02,1.022362262010574341e-01,-1.906683854758739471e-02,-7.404863834381103516e-02,-2.758730947971343994e-01,-1.224789768457412720e-01,-2.341912686824798584e-01,-4.227534867823123932e-03,-3.776059485971927643e-03,-2.121083289384841919e-01,-3.357206284999847412e-01,1.223914772272109985e-01,-3.349068760871887207e-01,1.358494162559509277e-01,3.873948454856872559e-01,1.247680261731147766e-01,3.984562754631042480e-01,4.409543871879577637e-01,-1.045690700411796570e-01,-2.797777205705642700e-02,-2.474755197763442993e-01,1.790007203817367554e-01,-2.148358821868896484e-01,5.784650146961212158e-02,-2.929936647415161133e-01,1.519208848476409912e-01,-4.144538640975952148e-01,4.830011725425720215e-02,-1.499002724885940552e-01,2.588652074337005615e-01,2.429017573595046997e-01,-3.113651275634765625e-01,-2.541079223155975342e-01,2.859339416027069092e-01,3.134132176637649536e-02,-3.820618391036987305e-01,-4.791504889726638794e-02,-1.834421157836914062e-01,-1.544646620750427246e-01,-2.856548726558685303e-01,-7.524079829454421997e-02,-1.241991072893142700e-01,-2.149832546710968018e-01,-1.937715709209442139e-01,5.821605026721954346e-02,-1.845029443502426147e-01,8.098708093166351318e-02,-3.130445182323455811e-01,8.964488655328750610e-02,-3.332516252994537354e-01,4.143263697624206543e-01,-3.387843966484069824e-01,-1.869298517704010010e-01,-2.171791344881057739e-01,1.496892720460891724e-01,5.721176415681838989e-02,1.135080531239509583e-01,-2.895421348512172699e-02,-1.075750812888145447e-01,-2.830679118633270264e-01,-2.833664417266845703e-01,-5.185825228691101074e-01,2.713146209716796875e-01,-4.023684263229370117e-01,-1.271437853574752808e-01,-2.232701778411865234e-01,2.573130726814270020e-01,-2.629427313804626465e-01,-1.969344168901443481e-01,1.075934246182441711e-01,6.240551173686981201e-02,-2.620609290897846222e-02,-2.622644007205963135e-01,-3.429850339889526367e-01,-4.353497177362442017e-02,3.658392652869224548e-02,-2.322429046034812927e-02
-4.498840868473052979e-02,0.000000000000000000e+00,-1.707993149757385254e-01,3.124167919158935547e-01,-1.517583429813385010e-01,-1.028069853782653809e-01,-2.036073803901672363e-01,4.639002382755279541e-01,-4.043652415275573730e-01,-1.967764943838119507e-01,1.686706244945526123e-01,5.541008114814758301e-01,1.231611073017120361e-01,4.505366086959838867e-01,1.710801385343074799e-02,-2.783398330211639404e-01,5.513523239642381668e-03,5.918004512786865234e-01,4.916585981845855713e-01,6.669707894325256348e-01,-1.358711868524551392e-01,-1.491582244634628296e-01,-3.631112352013587952e-02,2.475333362817764282e-01,-1.301044970750808716e-01,-2.676836550235748291e-01,-1.472522616386413574e-01,-2.429215162992477417e-01,-1.127613931894302368e-01,3.082065284252166748e-01,-1.881063431501388550e-01,1.166306659579277039e-01,8.894997835159301758e-02,4.147501587867736816e-01,-2.957302890717983246e-02,-1.996628241613507271e-03,-2.234245985746383667e-01,-7.257867604494094849e-02,-8.163328468799591064e-02,-3.279982507228851318e-01,-1.267147213220596313e-01,7.209288328886032104e-02,-3.505017161369323730e-01,-3.046888411045074463e-01,-1.276861429214477539e-01,4.265037924051284790e-02,-1.368653029203414917e-01,-1.484522074460983276e-01,-2.537415027618408203e-01,7.415436208248138428e-02,-1.038958132266998291e-01,1.126295179128646851e-01,1.315597444772720337e-01,-1.290129572153091431e-01,3.695682808756828308e-02,-2.695046663284301758e-01,3.237224817276000977e-01,7.369146347045898438e-01,2.933963537216186523e-01,2.980287671089172363e-01,4.891652166843414307e-01,4.275056123733520508e-01,2.254675514996051788e-02,2.982965111732482910e-01,6.121788173913955688e-02,3.033750653266906738e-01,-1.001765578985214233e-01,-4.684468358755111694e-02,2.884396910667419434e-01,3.008819520473480225e-01,-1.049073711037635803e-01,9.036622010171413422e-03,-1.716967374086380005e-01,1.261323243379592896e-01,-4.342944920063018799e-02,-2.014520168304443359e-01,3.714915364980697632e-02,-1.273868232965469360e-01,1.446793526411056519e-01,-2.793777287006378174e-01,6.648624688386917114e-02,1.543537229299545288e-01,-3.220503451302647591e-03,-2.452285587787628174e-01,2.914538085460662842e-01,-2.087097167968750000e-01,5.135650560259819031e-02,-3.753825724124908447e-01,3.353646397590637207e-01,-3.339820504188537598e-01,-1.256904900074005127e-01,-2.101546674966812134e-01,3.023484721779823303e-02,-3.537831604480743408e-01,7.478335499763488770e-02,9.099218994379043579e-02,8.043421804904937744e-02,-6.222672387957572937e-02,-3.554409146308898926e-01,-1.906023025512695312e-01,2.398459315299987793e-01,-4.624941051006317139e-01,2.843195013701915741e-02,-3.285267949104309082e-01,1.112591847777366638e-01,-3.553431332111358643e-01,-7.507964968681335449e-02,-1.840127557516098022e-01,8.109062910079956055e-02,1.834737658500671387e-01,2.325616776943206787e-02,-2.884300351142883301e-01,-1.526431590318679810e-01,-1.177828758955001831e-01,-1.242030858993530273e-01,-6.773983687162399292e-02
4.711879491806030273e-01,-1.707993149757385254e-01,0.000000000000000000e+00,5.454775691032409668e-01,-4.283271729946136475e-01,-4.471398591995239258e-01,7.827402353286743164e-01,3.450738191604614258e-01,-1.538183093070983887e-01,-3.757003247737884521e-01,-1.696658553555607796e-03,-1.598384678363800049e-01,-2.829671651124954224e-02,-7.094789296388626099e-02,-5.420112013816833496e-01,-4.137657880783081055e-01,1.307949423789978027e-01,-2.251122146844863892e-01,1.320081800222396851e-01,-4.255793392658233643e-01,-2.419012039899826050e-01,-3.357467353343963623e-01,7.196189761161804199e-01,4.064404368400573730e-01,-4.059661328792572021e-01,-4.602291285991668701e-01,-3.489363491535186768e-01,-3.237180113792419434e-01,2.333011478185653687e-01,-2.460352033376693726e-01,-3.375613391399383545e-01,-2.495932430028915405e-01,3.004586696624755859e-01,-3.843273818492889404e-01,2.813642621040344238e-01,1.949064880609512329e-01,1.198017150163650513e-01,-7.266340404748916626e-02,-2.855183184146881104e-01,-8.111631125211715698e-02,-1.154503971338272095e-02,-8.652296662330627441e-02,2.046833932399749756e-01,-4.872893169522285461e-02,-8.920499682426452637e-02,-1.910621970891952515e-01,2.006832212209701538e-01,1.123425737023353577e-01,-5.067446827888488770e-01,-6.140497922897338867e-01,8.759775012731552124e-02,-5.451074838638305664e-01,2.544974386692047119e-01,5.503603219985961914e-01,1.966725885868072510e-01,4.269548356533050537e-01,-5.348575487732887268e-02,-3.263642489910125732e-01,-4.252815842628479004e-01,-6.861472129821777344e-01,-5.068976059556007385e-02,-4.180935919284820557e-01,-1.433261930942535400e-01,-2.731690704822540283e-01,2.773514688014984131e-01,-5.031024217605590820e-01,7.250934839248657227e-02,-1.748289018869400024e-01,-3.700730158016085625e-03,-2.862417884171009064e-02,-4.358020424842834473e-01,-3.455577194690704346e-01,2.407894283533096313e-01,3.277295455336570740e-02,-3.803561031818389893e-01,-1.625563204288482666e-02,-4.096930101513862610e-02,-6.637151539325714111e-02,-2.347017228603363037e-01,1.010170578956604004e-01,-1.984498351812362671e-01,-4.076275974512100220e-02,-3.986264765262603760e-01,-1.004596501588821411e-01,-1.559951901435852051e-01,2.558917105197906494e-01,-5.907356739044189453e-01,-7.952234894037246704e-02,-2.791705429553985596e-01,5.371868014335632324e-01,-9.157074242830276489e-02,-7.837080955505371094e-02,3.414040803909301758e-01,5.171164870262145996e-01,7.490469515323638916e-02,8.478301018476486206e-02,6.605641543865203857e-02,-5.928605422377586365e-02,-2.135736644268035889e-01,-1.349919885396957397e-01,-4.750390052795410156e-01,3.993685245513916016e-01,-6.050779819488525391e-01,-2.339522689580917358e-01,1.616069227457046509e-01,5.440393686294555664e-01,-1.796173900365829468e-01,-4.736760854721069336e-01,7.387083023786544800e-02,1.274891942739486694e-01,3.782182931900024414e-02,-1.108463257551193237e-01,-2.727267444133758545e-01,2.570705711841583252e-01,2.972925603389739990e-01,9.430554509162902832e-02
2.307139523327350616e-02,3.124167919158935547e-01,5.454775691032409668e-01,0.000000000000000000e+00,-5.748386383056640625e-01,-4.392650425434112549e-01,4.212968051433563232e-01,7.808848619461059570e-01,-5.037733912467956543e-01,-3.865461051464080811e-01,-2.008043676614761353e-01,2.283761054277420044e-01,-2.260247170925140381e-01,2.927585840225219727e-01,-4.874990284442901611e-01,-5.099899172782897949e-01,-1.035812571644783020e-01,1.729075908660888672e-01,1.229703277349472046e-01,-2.405258081853389740e-02,-1.833593100309371948e-01,-2.628577947616577148e-01,6.221362352371215820e-01,6.497510075569152832e-01,-3.704024851322174072e-01,-5.161863565444946289e-01,-4.727459549903869629e-01,-4.383362829685211182e-01,-1.225054934620857239e-01,-3.311682119965553284e-02,-4.040337800979614258e-01,-1.730665415525436401e-01,1.307023018598556519e-01,-4.464379698038101196e-02,1.959734410047531128e-01,2.604510784149169922e-01,3.135897964239120483e-02,7.502207905054092407e-02,-2.638207077980041504e-01,-2.728280127048492432e-01,-1.879519969224929810e-02,-7.571904361248016357e-02,6.923856586217880249e-02,-8.081497251987457275e-02,-8.586294949054718018e-02,-5.715151503682136536e-02,1.822991371154785156e-01,1.200559958815574646e-01,-5.415367484092712402e-01,-4.149851799011230469e-01,7.132981717586517334e-02,-2.632476687431335449e-01,3.853467106819152832e-01,3.267112374305725098e-01,2.817772328853607178e-01,1.578633934259414673e-01,-7.124337553977966309e-02,6.492524594068527222e-02,-2.692764699459075928e-01,-4.430568516254425049e-01,2.523840069770812988e-01,-1.163410320878028870e-01,-5.634390935301780701e-02,-3.164144000038504601e-03,2.869215905666351318e-01,-1.429043710231781006e-01,-9.717944078147411346e-03,-1.052089259028434753e-01,2.601573430001735687e-02,1.767690107226371765e-02,-3.981370329856872559e-01,-3.049793243408203125e-01,5.834717303514480591e-03,4.850725177675485611e-03,-3.035157024860382080e-01,-1.578267961740493774e-01,-2.734779566526412964e-02,-1.441112309694290161e-01,4.959586635231971741e-02,2.643142826855182648e-02,-9.469904936850070953e-03,1.688457280397415161e-01,-2.310011237859725952e-01,-2.471620142459869385e-01,1.985315233469009399e-01,1.639527529478073120e-01,-4.355026781558990479e-01,-3.846681416034698486e-01,1.893267035484313965e-01,1.479213088750839233e-01,2.707854099571704865e-02,-9.642507880926132202e-02,5.619265437126159668e-01,1.432619988918304443e-01,-6.357358302921056747e-03,-1.623913086950778961e-02,-4.243154823780059814e-02,-2.457742691040039062e-01,-3.704171180725097656e-01,-2.517745494842529297e-01,-1.425549834966659546e-01,1.249929051846265793e-02,-4.872181713581085205e-01,-5.234460234642028809e-01,2.728346586227416992e-01,1.466751247644424438e-01,-1.971857696771621704e-01,-5.386654734611511230e-01,-4.672452434897422791e-02,5.917926877737045288e-02,-7.595203071832656860e-02,-3.232671916484832764e-01,-3.313194215297698975e-01,1.490550190210342407e-01,1.288815885782241821e-01,3.100740909576416016e-02
-1.960798352956771851e-01,-1.517583429813385010e-01,-4.283271729946136475e-01,-5.748386383056640625e-01,0.000000000000000000e+00,4.400523900985717773e-01,-3.547039926052093506e-01,-4.741860926151275635e-01,5.806661844253540039e-01,5.269014835357666016e-01,4.920518770813941956e-02,-1.166470255702733994e-02,2.439690679311752319e-01,-1.560346968472003937e-02,6.500659584999084473e-01,5.743709206581115723e-01,-1.499090641736984253e-01,-7.084763795137405396e-02,-3.738821297883987427e-02,1.242721453309059143e-01,1.123167723417282104e-01,1.412744820117950439e-01,-3.490426242351531982e-01,-3.030895590782165527e-01,5.845597386360168457e-01,6.244832873344421387e-01,6.594927906990051270e-01,4.715888202190399170e-01,1.100278645753860474e-01,1.573702991008758545e-01,4.953309893608093262e-01,4.301334619522094727e-01,-1.872048079967498779e-01,8.224944025278091431e-02,-2.886464893817901611e-01,-1.401525884866714478e-01,-1.832171082496643066e-01,-8.050066232681274414e-02,2.426077276468276978e-01,2.943547964096069336e-01,-1.745541095733642578e-01,8.166283369064331055e-02,-2.995106875896453857e-01,-7.901024818420410156e-02,-1.736378110945224762e-02,-5.995524302124977112e-02,-4.124792814254760742e-01,-3.880150616168975830e-01,3.534399271011352539e-01,3.933798670768737793e-01,-3.918846249580383301e-01,2.745371460914611816e-01,-5.198487043380737305e-01,-5.168582201004028320e-01,-3.952399790287017822e-01,-2.415812909603118896e-01,-1.720937341451644897e-01,-1.594290137290954590e-02,7.960575819015502930e-02,4.133930802345275879e-01,-3.227660655975341797e-01,2.500100731849670410e-01,-1.011116728186607361e-01,1.813042908906936646e-01,-3.336350917816162109e-01,3.106198608875274658e-01,-1.315166950225830078e-01,1.346051692962646484e-02,-2.710902392864227295e-01,-2.939353287220001221e-01,3.982807397842407227e-01,3.788776397705078125e-01,-1.254616975784301758e-01,6.063669919967651367e-02,3.741956353187561035e-01,2.040998935699462891e-01,-1.042388752102851868e-02,1.779701113700866699e-01,-3.883628547191619873e-02,-1.203645244240760803e-01,-2.169900238513946533e-01,-1.768780946731567383e-01,1.914891451597213745e-01,1.764339953660964966e-01,-2.164011746644973755e-01,-1.310481280088424683e-01,4.291025996208190918e-01,4.004402458667755127e-01,-1.267915964126586914e-01,-2.016576081514358521e-01,-2.015426754951477051e-02,-3.838235512375831604e-02,-4.527498483657836914e-01,-1.391974091529846191e-01,1.368169113993644714e-02,5.634115543216466904e-03,8.547588437795639038e-02,3.023570775985717773e-01,3.198519647121429443e-01,3.148436844348907471e-01,2.250218987464904785e-01,-1.045777946710586548e-01,4.997860789299011230e-01,4.786523878574371338e-01,-1.299622952938079834e-01,-1.784168183803558350e-01,2.283428013324737549e-01,4.508986175060272217e-01,5.881991982460021973e-02,3.668050840497016907e-02,1.099217459559440613e-01,2.951442003250122070e-01,3.469697237014770508e-01,-7.819969952106475830e-02,-4.343738406896591187e-02,9.270007163286209106e-02
-1.011719033122062683e-01,-1.028069853782653809e-01,-4.471398591995239258e-01,-4.392650425434112549e-01,4.400523900985717773e-01,0.000000000000000000e+00,-4.414537250995635986e-01,-4.120988845825195312e-01,3.594054579734802246e-01,4.367199540138244629e-01,1.261402368545532227e-01,2.266667596995830536e-02,2.678056955337524414e-01,-2.252796851098537445e-02,2.951668500900268555e-01,5.956532359123229980e-01,-1.111688911914825439e-01,-8.361961692571640015e-02,-1.267141699790954590e-01,1.910537183284759521e-01,2.647512555122375488e-01,4.181947112083435059e-01,-3.899541795253753662e-01,-2.198532819747924805e-01,4.578223526477813721e-01,6.373947858810424805e-01,4.370688498020172119e-01,4.690933525562286377e-01,-1.689101308584213257e-01,8.653523772954940796e-02,4.578748643398284912e-01,2.254552543163299561e-01,-1.722692847251892090e-01,2.351926416158676147e-01,-2.242477387189865112e-01,-1.834286004304885864e-01,-3.193703293800354004e-02,5.499753355979919434e-02,2.889971137046813965e-01,3.063903748989105225e-01,3.812700882554054260e-02,-1.236238107085227966e-01,-3.732231855392456055e-01,-1.633279323577880859e-01,1.599351176992058754e-03,-7.961394637823104858e-02,-3.234182298183441162e-01,-2.269140183925628662e-01,4.367258548736572266e-01,3.847058117389678955e-01,-2.260421961545944214e-01,3.073664009571075439e-01,-3.496157228946685791e-01,-4.228475987911224365e-01,-2.028635591268539429e-01,-2.007255107164382935e-01,4.397451877593994141e-02,-4.652244970202445984e-02,2.473137974739074707e-01,4.976308643817901611e-01,-8.244774490594863892e-02,2.949539124965667725e-01,3.429376333951950073e-02,5.498418956995010376e-02,-1.954287290573120117e-01,3.499868214130401611e-01,2.707014558836817741e-03,1.363732367753982544e-01,-4.668527469038963318e-02,-1.076641976833343506e-01,3.859803974628448486e-01,2.902801036834716797e-01,-1.621865481138229370e-01,-9.675008058547973633e-02,2.638892531394958496e-01,-2.407060703262686729e-03,-1.219364479184150696e-01,-1.232785582542419434e-01,-4.428577423095703125e-02,-2.983597107231616974e-02,4.976339265704154968e-02,-6.439980119466781616e-02,2.470766007900238037e-01,1.686678081750869751e-01,-4.116531461477279663e-02,-1.715151816606521606e-01,4.663724601268768311e-01,2.272896915674209595e-01,9.316345304250717163e-02,-3.156798481941223145e-01,-1.293032169342041016e-01,-7.674466073513031006e-02,-4.546873271465301514e-01,-3.887061774730682373e-01,-1.402469426393508911e-01,-6.969182193279266357e-02,-1.748698800802230835e-01,-1.313670575618743896e-01,9.593673050403594971e-02,-9.726884216070175171e-02,1.533898860216140747e-01,-2.347799688577651978e-01,3.942047059535980225e-01,1.913422644138336182e-01,-3.816003203392028809e-01,-3.385421037673950195e-01,1.330820024013519287e-01,5.065326690673828125e-01,-2.008720338344573975e-01,-1.762281358242034912e-01,-1.663698256015777588e-01,-1.235133782029151917e-02,-3.739958337973803282e-04,-2.717576324939727783e-01,-3.706333041191101074e-01,-2.982519194483757019e-02
5.010180473327636719e-01,-2.036073803901672363e-01,7.827402353286743164e-01,4.212968051433563232e-01,-3.547039926052093506e-01,-4.414537250995635986e-01,0.000000000000000000e+00,3.023701310157775879e-01,-4.174332320690155029e-02,-3.494943976402282715e-01,8.629457652568817139e-02,-7.104178518056869507e-02,6.479176133871078491e-02,4.096998646855354309e-02,-5.032634139060974121e-01,-3.142465651035308838e-01,2.214139103889465332e-01,-2.120332568883895874e-01,9.244649857282638550e-02,-4.357805848121643066e-01,-3.130806386470794678e-01,-3.763155639171600342e-01,6.805310249328613281e-01,3.578186035156250000e-01,-4.770573079586029053e-01,-4.685069918632507324e-01,-3.092281222343444824e-01,-3.448177874088287354e-01,3.587499558925628662e-01,-1.236641407012939453e-01,-2.907344996929168701e-01,-2.848658859729766846e-01,2.594715356826782227e-01,-3.786101937294006348e-01,9.541413187980651855e-02,7.437179982662200928e-02,1.593550853431224823e-02,-1.777158677577972412e-01,-4.173179864883422852e-01,-1.641923189163208008e-01,-5.537327751517295837e-02,-5.314978212118148804e-02,2.788339257240295410e-01,6.324084848165512085e-02,5.085136741399765015e-03,-3.732202574610710144e-02,2.590551078319549561e-01,1.435630619525909424e-01,-3.613320589065551758e-01,-4.729481339454650879e-01,1.795192211866378784e-01,-4.133623838424682617e-01,2.690013647079467773e-01,6.153860688209533691e-01,1.549223363399505615e-01,5.059888958930969238e-01,-3.512820228934288025e-02,-2.473670542240142822e-01,-3.869643807411193848e-01,-6.654502749443054199e-01,-4.546175897121429443e-02,-3.378521203994750977e-01,6.987645477056503296e-02,-1.094192117452621460e-01,1.307575702667236328e-01,-6.384563446044921875e-01,-1.431318968534469604e-01,-3.614342212677001953e-01,-1.492727361619472504e-02,-6.869012489914894104e-03,-3.749334216117858887e-01,-2.904658913612365723e-01,2.635444402694702148e-01,6.728795170783996582e-02,-3.895491659641265869e-01,3.990349173545837402e-02,-6.896550208330154419e-02,3.325358405709266663e-02,-2.636834084987640381e-01,1.505031734704971313e-01,-1.892371624708175659e-01,1.003498211503028870e-02,-4.727220535278320312e-01,-1.185101643204689026e-01,-2.856841087341308594e-01,3.489175736904144287e-01,-6.849998235702514648e-01,-8.131150901317596436e-02,-3.929722905158996582e-01,6.314064860343933105e-01,-1.077257841825485229e-01,-9.530248492956161499e-02,2.880689799785614014e-01,5.036685466766357422e-01,7.564289867877960205e-02,1.033444702625274658e-01,5.445577204227447510e-02,-5.215876549482345581e-02,-1.782381981611251831e-01,-8.982565253973007202e-02,-5.482543110847473145e-01,5.012218952178955078e-01,-6.529508233070373535e-01,-1.698901206254959106e-01,3.095453977584838867e-02,5.599824786186218262e-01,-2.072127014398574829e-01,-5.315270423889160156e-01,4.193509370088577271e-02,1.071043834090232849e-01,-8.905277587473392487e-03,-1.034670248627662659e-01,-2.532529830932617188e-01,2.973436713218688965e-01,2.759949862957000732e-01,1.371785998344421387e-01
-9.717178344726562500e-02,4.639002382755279541e-01,3.450738191604614258e-01,7.808848619461059570e-01,-4.741860926151275635e-01,-4.120988845825195312e-01,3.023701310157775879e-01,0.000000000000000000e+00,-4.850079119205474854e-01,-3.904365599155426025e-01,-1.039321050047874451e-01,4.117313325405120850e-01,-1.486073136329650879e-01,4.706999659538269043e-01,-3.740384876728057861e-01,-4.990954101085662842e-01,-4.447548091411590576e-02,3.770069777965545654e-01,1.319465339183807373e-01,1.443728059530258179e-01,-3.082107305526733398e-01,-3.585551977157592773e-01,5.262975096702575684e-01,6.494913101196289062e-01,-3.998254537582397461e-01,-5.217762589454650879e-01,-3.956961631774902344e-01,-5.024482011795043945e-01,-3.856910392642021179e-02,1.739112734794616699e-01,-3.948403298854827881e-01,-5.404833331704139709e-02,3.551009297370910645e-02,1.080735325813293457e-01,-1.150741986930370331e-02,9.238277375698089600e-02,-1.378926932811737061e-01,-2.011830359697341919e-02,-3.260772228240966797e-01,-4.316011369228363037e-01,-2.091179937124252319e-01,-8.725227415561676025e-02,5.732174962759017944e-02,-2.638125047087669373e-02,-3.829906135797500610e-02,7.087495923042297363e-02,1.783017367124557495e-01,7.915081828832626343e-02,-4.805882871150970459e-01,-2.661997377872467041e-01,2.416495606303215027e-02,-1.445793062448501587e-01,3.787877261638641357e-01,2.158408910036087036e-01,2.358908057212829590e-01,1.728370785713195801e-02,-4.875983297824859619e-02,2.387516349554061890e-01,-2.302986085414886475e-01,-3.314399123191833496e-01,3.182329237461090088e-01,6.513674557209014893e-02,9.442983567714691162e-02,2.275115698575973511e-01,2.246085703372955322e-01,-8.770471066236495972e-02,-2.214274108409881592e-01,-2.508670091629028320e-01,-7.345523685216903687e-03,1.533947605639696121e-02,-3.577315807342529297e-01,-2.286100238561630249e-01,-3.870112821459770203e-02,8.095880039036273956e-03,-2.110328674316406250e-01,-1.639201343059539795e-01,-2.119072712957859039e-02,-8.483099937438964844e-02,1.529636681079864502e-01,-3.724482085090130568e-04,4.869502410292625427e-02,2.255088090896606445e-01,-2.977885305881500244e-01,-3.966535627841949463e-01,2.298084050416946411e-01,1.109253838658332825e-01,-4.202744662761688232e-01,-5.139331817626953125e-01,2.713808119297027588e-01,2.697717957198619843e-02,9.667731076478958130e-02,-1.617186516523361206e-01,5.764846801757812500e-01,4.256272688508033752e-02,5.819827690720558167e-02,4.876186326146125793e-02,6.563008576631546021e-02,-1.476281285285949707e-01,-3.284643590450286865e-01,-1.639794260263442993e-01,4.598450288176536560e-02,-9.315343201160430908e-02,-3.629582524299621582e-01,-4.940454065799713135e-01,2.968930900096893311e-01,3.841717541217803955e-02,-1.126644834876060486e-01,-5.722061395645141602e-01,-2.603011392056941986e-02,1.569655537605285645e-01,-2.422661893069744110e-02,-2.605894804000854492e-01,-2.603561282157897949e-01,2.254273146390914917e-01,1.476726084947586060e-01,1.084437146782875061e-01
2.043305896222591400e-03,-4.043652415275573730e-01,-1.538183093070983887e-01,-5.037733912467956543e-01,5.806661844253540039e-01,3.594054579734802246e-01,-4.174332320690155029e-02,-4.850079119205474854e-01,0.000000000000000000e+00,4.491933584213256836e-01,1.079571321606636047e-01,-1.561904251575469971e-01,2.985272705554962158e-01,-2.643277496099472046e-02,3.483913540840148926e-01,5.289786458015441895e-01,3.320386260747909546e-02,-2.111863642930984497e-01,-1.919506788253784180e-01,-1.887127608060836792e-01,4.269921407103538513e-02,1.386680155992507935e-01,-1.758950352668762207e-01,-2.367736846208572388e-01,3.631998300552368164e-01,5.495267510414123535e-01,4.607967734336853027e-01,3.743686974048614502e-01,2.800470590591430664e-01,8.936560153961181641e-02,3.751282691955566406e-01,1.828113645315170288e-01,-1.713029891252517700e-01,-1.353973150253295898e-01,-2.187461853027343750e-01,-1.714299768209457397e-01,-4.859950393438339233e-03,-7.096105068922042847e-02,9.927230328321456909e-02,2.671162784099578857e-01,8.267872035503387451e-03,5.962145328521728516e-02,-1.086568310856819153e-01,4.759618639945983887e-02,8.546438813209533691e-02,-3.941327705979347229e-02,-2.013038992881774902e-01,-1.896461993455886841e-01,3.067163825035095215e-01,1.748542487621307373e-01,-1.872718185186386108e-01,1.205421164631843567e-01,-4.388471841812133789e-01,-1.964027583599090576e-01,-2.452333271503448486e-01,1.193923316895961761e-02,-1.863214373588562012e-01,-2.692722082138061523e-01,7.966171950101852417e-03,1.578409671783447266e-01,-3.991932570934295654e-01,1.149645820260047913e-02,-4.655569419264793396e-02,-6.101218983530998230e-03,-2.233527004718780518e-01,4.042783752083778381e-02,-1.051195487380027771e-01,-1.087416633963584900e-01,-2.031428366899490356e-01,-1.838483065366744995e-01,3.070141375064849854e-01,2.755641937255859375e-01,6.899495422840118408e-02,-1.019540056586265564e-02,2.036971449851989746e-01,2.702375054359436035e-01,1.148023083806037903e-02,1.422554999589920044e-01,-2.338580489158630371e-01,2.626470290124416351e-02,-1.165125966072082520e-01,-1.311059147119522095e-01,-1.352786057395860553e-04,2.378473281860351562e-01,-3.487288951873779297e-01,-2.613582182675600052e-03,1.692081242799758911e-01,3.525713980197906494e-01,-2.552720010280609131e-01,6.581915915012359619e-02,-8.495353162288665771e-02,4.067094624042510986e-02,-3.615567386150360107e-01,4.528727009892463684e-02,3.480840846896171570e-02,3.712320700287818909e-02,6.811891496181488037e-02,1.708532571792602539e-01,2.549403607845306396e-01,1.622918248176574707e-01,-4.807655140757560730e-02,1.559273004531860352e-01,2.268778979778289795e-01,4.009836912155151367e-01,-1.689181178808212280e-01,5.310325324535369873e-02,1.000373214483261108e-01,3.427174389362335205e-01,4.301090259104967117e-03,-2.154118381440639496e-02,-3.147091250866651535e-03,2.069489210844039917e-01,1.099904179573059082e-01,-1.480734907090663910e-02,3.412158414721488953e-02,1.182467266917228699e-01
-2.979739904403686523e-01,-1.967764943838119507e-01,-3.757003247737884521e-01,-3.865461051464080811e-01,5.269014835357666016e-01,4.367199540138244629e-01,-3.494943976402282715e-01,-3.904365599155426025e-01,4.491933584213256836e-01,0.000000000000000000e+00,-2.073495090007781982e-02,5.975281074643135071e-02,1.457104384899139404e-01,7.935255020856857300e-02,5.273004770278930664e-01,5.576773285865783691e-01,-1.865271925926208496e-01,-8.918391168117523193e-02,-1.626390516757965088e-01,-1.975748315453529358e-02,9.008892625570297241e-02,2.103935927152633667e-01,-3.318115174770355225e-01,-2.514246702194213867e-01,4.604754149913787842e-01,5.967915058135986328e-01,5.052958130836486816e-01,4.810502529144287109e-01,-1.866942644119262695e-02,1.546079367399215698e-01,4.715615510940551758e-01,2.363131791353225708e-01,-1.896560937166213989e-01,2.841265313327312469e-02,-3.147962689399719238e-01,-1.606030911207199097e-01,-9.135125577449798584e-02,-1.588919013738632202e-02,1.981267929077148438e-01,2.835466563701629639e-01,-1.220204234123229980e-01,9.470885992050170898e-02,-2.672467827796936035e-01,-1.709957234561443329e-02,5.075886473059654236e-02,-1.430398318916559219e-02,-3.549908399581909180e-01,-3.242031037807464600e-01,4.367725551128387451e-01,3.307259976863861084e-01,-2.324687242507934570e-01,3.044800162315368652e-01,-4.486642181873321533e-01,-4.233474433422088623e-01,-3.390871882438659668e-01,-2.120379209518432617e-01,-2.498063743114471436e-01,-1.327923238277435303e-01,1.352479755878448486e-01,3.539490401744842529e-01,-3.118987381458282471e-01,1.689851433038711548e-01,-1.383765637874603271e-01,9.821415692567825317e-02,-3.413847088813781738e-01,3.265122175216674805e-01,-8.053162693977355957e-02,6.231613457202911377e-02,-3.021814227104187012e-01,-3.290379345417022705e-01,3.305133879184722900e-01,3.082856535911560059e-01,-1.023561134934425354e-01,-7.452088594436645508e-02,3.467761874198913574e-01,3.056071400642395020e-01,-7.370793074369430542e-02,8.545237779617309570e-02,-1.255906000733375549e-02,4.890696331858634949e-02,-6.128418445587158203e-02,6.447949260473251343e-02,1.658122539520263672e-01,2.294161617755889893e-01,-1.531800031661987305e-01,-1.393423788249492645e-02,3.954758346080780029e-01,3.601405322551727295e-01,-1.124458461999893188e-01,-2.195142805576324463e-01,-1.017544493079185486e-01,-2.958668582141399384e-02,-3.167188167572021484e-01,-2.379664033651351929e-01,-1.156893074512481689e-01,-9.726817160844802856e-02,-3.753540664911270142e-02,9.189616888761520386e-02,1.655215770006179810e-01,1.301335692405700684e-01,1.562089473009109497e-01,-8.473443239927291870e-02,3.787378966808319092e-01,3.413552045822143555e-01,-9.841870516538619995e-02,-1.427667289972305298e-01,1.161818578839302063e-01,4.152095019817352295e-01,-6.095960363745689392e-02,-1.262448579072952271e-01,-8.327481895685195923e-02,1.539916992187500000e-01,1.747943162918090820e-01,-6.339517235755920410e-02,-1.030336990952491760e-01,1.076212897896766663e-01
4.659573435783386230e-01,1.686706244945526123e-01,-1.696658553555607796e-03,-2.008043676614761353e-01,4.920518770813941956e-02,1.261402368545532227e-01,8.629457652568817139e-02,-1.039321050047874451e-01,1.079571321606636047e-01,-2.073495090007781982e-02,0.000000000000000000e+00,2.781166434288024902e-01,6.664726734161376953e-01,2.140141129493713379e-01,5.160343647003173828e-02,-8.748605847358703613e-03,5.162962079048156738e-01,1.594228893518447876e-01,2.850650846958160400e-01,2.099647372961044312e-01,-2.579307854175567627e-01,-2.064142227172851562e-01,-7.177781313657760620e-02,-7.061207294464111328e-02,-1.062020063400268555e-01,-4.453366249799728394e-02,4.628993198275566101e-02,-8.230204135179519653e-02,5.377392768859863281e-01,2.539651393890380859e-01,7.743021100759506226e-02,5.478882789611816406e-02,-4.251583945006132126e-03,5.966519936919212341e-02,-2.882487475872039795e-01,-3.920576572418212891e-01,-2.277215719223022461e-01,-3.708132803440093994e-01,-1.470753848552703857e-01,-2.023332267999649048e-01,-9.274569898843765259e-02,3.785030858125537634e-04,-2.484309673309326172e-01,-2.890239953994750977e-01,-1.253047399222850800e-02,-5.161393061280250549e-02,-2.171306461095809937e-01,-3.066099882125854492e-01,3.298359736800193787e-02,4.496821016073226929e-02,-3.285042569041252136e-02,-4.351270943880081177e-02,-5.189746990799903870e-02,-9.152515977621078491e-02,-1.695630103349685669e-01,-7.397872954607009888e-02,4.965601265430450439e-01,1.525479704141616821e-01,2.431309521198272705e-01,1.784587651491165161e-01,2.825700640678405762e-01,1.654355823993682861e-01,3.182960152626037598e-01,6.592683494091033936e-02,1.649199239909648895e-02,-8.153223246335983276e-02,-2.262502610683441162e-01,-3.056910932064056396e-01,1.508307605981826782e-01,9.906543791294097900e-02,-6.921667605638504028e-02,5.587863177061080933e-02,1.980445086956024170e-01,4.995669797062873840e-02,3.918166738003492355e-03,1.713382452726364136e-02,-1.907650083303451538e-01,-1.702399104833602905e-01,-7.800730317831039429e-02,-1.801230907440185547e-01,6.259444355964660645e-02,5.974437110126018524e-03,-2.396406531333923340e-01,-2.111498713493347168e-01,-1.926809363067150116e-02,-1.713490635156631470e-01,-8.124442398548126221e-02,-1.572629809379577637e-01,-1.489552110433578491e-01,-6.733299046754837036e-02,-2.385726422071456909e-01,-2.561055123805999756e-01,-2.672962844371795654e-01,-2.283743619918823242e-01,1.162839531898498535e-01,1.795653700828552246e-01,1.428065150976181030e-01,2.724519371986389160e-02,-2.121354341506958008e-01,-2.356451004743576050e-01,-5.572449043393135071e-02,-1.051298454403877258e-01,2.476161159574985504e-02,2.322975546121597290e-02,-1.794002056121826172e-01,-8.068286627531051636e-02,-1.037167236208915710e-01,6.223262287676334381e-03,1.140385344624519348e-01,1.703206300735473633e-01,-1.456449553370475769e-02,-1.992053985595703125e-01,-2.060899883508682251e-01,-1.715938746929168701e-02,-8.519247174263000488e-02,1.195511743426322937e-01
-7.053117454051971436e-02,5.541008114814758301e-01,-1.598384678363800049e-01,2.283761054277420044e-01,-1.166470255702733994e-02,2.266667596995830536e-02,-7.104178518056869507e-02,4.117313325405120850e-01,-1.561904251575469971e-01,5.975281074643135071e-02,2.781166434288024902e-01,0.000000000000000000e+00,3.455556035041809082e-01,7.610659599304199219e-01,1.146874725818634033e-01,4.456755891442298889e-02,3.085547871887683868e-02,4.640954136848449707e-01,3.388490974903106689e-01,4.897723495960235596e-01,-2.975873053073883057e-01,-2.392182648181915283e-01,1.085558831691741943e-01,4.222771823406219482e-01,-1.196534186601638794e-01,-1.646947115659713745e-01,1.968460390344262123e-03,-2.909974455833435059e-01,9.500817954540252686e-02,5.013536214828491211e-01,-2.903804741799831390e-02,2.287280261516571045e-01,-6.385172717273235321e-03,3.513619899749755859e-01,-3.085104525089263916e-01,-1.873836815357208252e-01,-4.420678019523620605e-01,-3.076442778110504150e-01,-2.556096315383911133e-01,-3.749821484088897705e-01,-2.276014238595962524e-01,4.010696429759263992e-03,-2.944906055927276611e-01,-2.190075367689132690e-01,8.234737068414688110e-02,1.546604782342910767e-01,-2.014651149511337280e-01,-2.833755612373352051e-01,-4.371441155672073364e-02,2.085184305906295776e-01,-2.082558721303939819e-01,1.915378868579864502e-01,-1.214605420827865601e-01,-2.111566364765167236e-01,-2.369236946105957031e-01,-2.010200768709182739e-01,7.513006031513214111e-02,4.748452305793762207e-01,1.327026188373565674e-01,2.418231070041656494e-01,2.643237709999084473e-01,5.180015563964843750e-01,2.123500704765319824e-01,5.219985246658325195e-01,-8.899413049221038818e-02,2.861182987689971924e-01,-3.824386894702911377e-01,-2.893112599849700928e-01,-9.758943319320678711e-02,-7.130226492881774902e-02,-8.578645437955856323e-02,7.805154472589492798e-02,-1.529020220041275024e-01,8.787494897842407227e-02,8.279158174991607666e-02,-3.583299741148948669e-02,-6.151827424764633179e-02,-1.473979931324720383e-02,-5.235563032329082489e-03,-1.966127753257751465e-01,-9.972873330116271973e-02,2.704727053642272949e-01,-1.936323642730712891e-01,-2.707796990871429443e-01,3.646754473447799683e-02,9.299600869417190552e-02,-5.947662517428398132e-02,-2.255917042493820190e-01,6.232374161481857300e-02,-2.192207425832748413e-01,-1.652287244796752930e-01,-2.044113725423812866e-01,-4.768215492367744446e-02,-3.274317383766174316e-01,5.999071151018142700e-02,9.414374083280563354e-02,1.308773607015609741e-01,-3.027797304093837738e-02,-3.175199925899505615e-01,-1.394670009613037109e-01,6.470639258623123169e-02,-3.065798282623291016e-01,-4.555859416723251343e-02,-2.556113600730895996e-01,-1.885570213198661804e-02,-2.976870834827423096e-01,-1.222820356488227844e-01,-1.583878546953201294e-01,3.868858516216278076e-02,2.285458147525787354e-01,4.526199307292699814e-03,-2.765594720840454102e-01,-1.769443303346633911e-01,-6.887989584356546402e-03,-5.477556586265563965e-02,9.469922631978988647e-02
3.448462188243865967e-01,1.231611073017120361e-01,-2.829671651124954224e-02,-2.260247170925140381e-01,2.439690679311752319e-01,2.678056955337524414e-01,6.479176133871078491e-02,-1.486073136329650879e-01,2.985272705554962158e-01,1.457104384899139404e-01,6.664726734161376953e-01,3.455556035041809082e-01,0.000000000000000000e+00,3.500472307205200195e-01,1.941282004117965698e-01,2.230819016695022583e-01,3.135535418987274170e-01,7.197596877813339233e-02,3.043152391910552979e-01,2.407547235488891602e-01,-1.671969890594482422e-01,-8.453235030174255371e-02,3.427186980843544006e-03,2.222382836043834686e-02,8.901063352823257446e-02,1.119015216827392578e-01,1.608612388372421265e-01,-9.798392653465270996e-03,4.547039568424224854e-01,3.038760125637054443e-01,2.158988714218139648e-01,2.132004648447036743e-01,3.371503576636314392e-02,1.250054389238357544e-01,-2.618188261985778809e-01,-3.504026830196380615e-01,-2.071282118558883667e-01,-3.005706369876861572e-01,-1.372613608837127686e-01,-1.098794490098953247e-01,-8.719970285892486572e-02,3.133043646812438965e-02,-3.684392571449279785e-01,-3.503946661949157715e-01,5.593191087245941162e-02,-8.518046885728836060e-02,-3.193390667438507080e-01,-4.183154702186584473e-01,9.656476229429244995e-02,1.021569371223449707e-01,-2.118594348430633545e-01,-3.825409710407257080e-02,-2.471841573715209961e-01,-2.228875309228897095e-01,-2.865318357944488525e-01,-1.817877143621444702e-01,3.453638255596160889e-01,7.995790988206863403e-02,2.447202950716018677e-01,2.734542191028594971e-01,1.746757328510284424e-01,2.616297602653503418e-01,1.193371042609214783e-01,6.643377244472503662e-02,1.775631122291088104e-02,9.108442813158035278e-02,-2.087847888469696045e-01,-2.953228652477264404e-01,5.776599422097206116e-02,-1.823758520185947418e-02,1.018433198332786560e-01,1.387126445770263672e-01,1.341442167758941650e-01,3.126522153615951538e-02,1.119498237967491150e-01,6.051273643970489502e-02,-1.810654401779174805e-01,-1.223686635494232178e-01,-1.340591162443161011e-01,-1.763496547937393188e-01,-1.502960512880235910e-04,-3.623542562127113342e-02,-1.912660449743270874e-01,-1.606269925832748413e-01,-2.720099873840808868e-02,-1.388538330793380737e-01,2.976995892822742462e-02,-8.260002732276916504e-02,-1.598320305347442627e-01,-1.522646546363830566e-01,-2.826690375804901123e-01,-2.687993943691253662e-01,-3.554970920085906982e-01,-2.470525950193405151e-01,4.728132858872413635e-02,1.251945197582244873e-01,7.494866847991943359e-02,-2.484461851418018341e-02,-2.046891301870346069e-01,-2.296087443828582764e-01,-5.859955027699470520e-02,-1.506535708904266357e-01,9.036316722631454468e-02,5.803774669766426086e-02,-2.047332823276519775e-01,-1.244534328579902649e-01,-3.963939845561981201e-02,1.407878100872039795e-01,6.810982525348663330e-02,9.041089564561843872e-02,-1.021051108837127686e-01,-1.960231512784957886e-01,-2.460833936929702759e-01,-3.256622701883316040e-02,-1.347697526216506958e-01,1.735542863607406616e-01
