0.000000000000000000e+00,7.295298576354980469e-01,6.339408755302429199e-01,4.898516237735748291e-01,-1.240570321679115295e-01,-3.136447072029113770e-02,3.604902029037475586e-01,2.551314532756805420e-01,-4.874819424003362656e-03,-2.396201193332672119e-01,2.109027504920959473e-01,2.627088725566864014e-01,1.471350044012069702e-01,2.686032652854919434e-01,-1.753754168748855591e-01,-2.000939697027206421e-01,-9.743588045239448547e-03,-1.470479927957057953e-02,6.032015085220336914e-01,5.667471289634704590e-01,-1.267160475254058838e-01,-1.039742212742567062e-02,2.200933247804641724e-01,2.521941363811492920e-01,-9.924343973398208618e-02,1.151573471724987030e-02,3.034018278121948242e-01,1.873838305473327637e-01,-1.638886630535125732e-01,-9.972866624593734741e-02,-1.027416065335273743e-01,1.360635086894035339e-02,3.156567513942718506e-01,2.118898779153823853e-01,-2.456700801849365234e-01,-1.750744730234146118e-01,-4.760985374450683594e-01,-4.147585034370422363e-01,-2.789030671119689941e-01,-2.333763092756271362e-01,-2.075016200542449951e-01,-1.868486702442169189e-01,-1.741441637277603149e-01,-1.449569612741470337e-01,7.383097894489765167e-03,-4.818038269877433777e-02,-3.860312402248382568e-01,-3.372639417648315430e-01,4.432022944092750549e-02,-9.260429441928863525e-02,-2.133676111698150635e-01,-2.835080027580261230e-01,-3.583875000476837158e-01,-2.428860068321228027e-01,-3.050684332847595215e-01,-3.547020852565765381e-01,7.456995844841003418e-01,7.639117240905761719e-01,5.792927742004394531e-01,4.534593522548675537e-01,3.730604052543640137e-01,2.712952196598052979e-01,1.710762083530426025e-01,1.063972339034080505e-02,-2.165769040584564209e-01,-2.929834723472595215e-01,3.319790661334991455e-01,-4.728924855589866638e-02,7.099199295043945312e-01,5.933228135108947754e-01,9.251674264669418335e-02,1.057877093553543091e-01,-6.314173340797424316e-02,-1.273051798343658447e-01,-1.721381992101669312e-01,-1.979530453681945801e-01,-2.546721100807189941e-01,-1.994645688682794571e-03,1.870099306106567383e-01,9.536913782358169556e-02,4.521294683218002319e-02,-6.606450676918029785e-02,-1.306087076663970947e-01,-2.428678795695304871e-02,-2.575389742851257324e-01,-3.752886950969696045e-01,-1.417342107743024826e-02,-1.667642295360565186e-01,-1.089520156383514404e-01,-4.787253439426422119e-01,-4.338287711143493652e-01,-2.529403865337371826e-01,-2.256854772567749023e-01,-3.232325315475463867e-01,-2.756428718566894531e-01,-2.252252548933029175e-01,-3.171659708023071289e-01,-2.643455266952514648e-01,-4.027549326419830322e-01,-3.913329839706420898e-01,-2.592918574810028076e-01,-1.285136193037033081e-01,-2.220014035701751709e-01,-1.268064826726913452e-01,-3.862368464469909668e-01,-2.653180062770843506e-01,-1.312685608863830566e-01,-7.574864476919174194e-02,-1.166550293564796448e-01,-3.016238510608673096e-01,-4.036172032356262207e-01,-4.117709398269653320e-01,-3.388725221157073975e-01,-3.925601840019226074e-01,-2.484488636255264282e-01,-2.838967442512512207e-01
7.295298576354980469e-01,0.000000000000000000e+00,5.222886800765991211e-01,3.427982628345489502e-01,-2.844920158386230469e-01,-1.899632960557937622e-01,2.013020068407058716e-01,2.772903740406036377e-01,-1.667648851871490479e-01,-9.514348953962326050e-02,3.057149648666381836e-01,3.845655322074890137e-01,1.353975385427474976e-01,2.783377766609191895e-01,-1.766195595264434814e-01,-1.878039240837097168e-01,7.421971112489700317e-02,1.774085313081741333e-01,6.373265385627746582e-01,6.891983151435852051e-01,-1.247835382819175720e-01,-1.867671459913253784e-01,2.888788878917694092e-01,1.468720138072967529e-01,-1.665727645158767700e-01,-8.602641522884368896e-02,1.095338910818099976e-01,5.238031223416328430e-02,-3.885925561189651489e-02,-1.325363665819168091e-02,7.153924554586410522e-02,1.015533953905105591e-01,4.380639791488647461e-01,3.612021207809448242e-01,-1.698442697525024414e-01,-5.169716477394104004e-02,-5.290609002113342285e-01,-4.878695011138916016e-01,-3.465121090412139893e-01,-3.753514587879180908e-01,-2.959949374198913574e-01,-2.402713000774383545e-01,-3.389324247837066650e-02,-6.439120322465896606e-02,1.216443032026290894e-01,8.007027208805084229e-02,-2.636000812053680420e-01,-2.457148134708404541e-01,-5.768281221389770508e-02,-1.543552149087190628e-02,-2.128593027591705322e-01,-2.453120648860931396e-01,-3.102225065231323242e-01,-1.776466369628906250e-01,-3.348463177680969238e-01,-2.726718485355377197e-01,7.864669561386108398e-01,7.818707227706909180e-01,4.873604178428649902e-01,4.512477815151214600e-01,3.985027968883514404e-01,3.362964689731597900e-01,3.387722074985504150e-01,2.439464926719665527e-01,-1.960942149162292480e-01,-2.191547155380249023e-01,2.911183238029479980e-01,8.464181795716285706e-03,5.703308582305908203e-01,5.511932969093322754e-01,2.365583926439285278e-02,3.423138707876205444e-02,5.440267268568277359e-03,-5.073479190468788147e-02,-8.714814484119415283e-02,1.342351431958377361e-03,-2.949737906455993652e-01,-1.496486663818359375e-01,2.139717191457748413e-01,1.040439903736114502e-01,1.609641164541244507e-01,3.481201361864805222e-03,-6.127726659178733826e-02,5.237873271107673645e-02,-3.042529225349426270e-01,-3.258019387722015381e-01,-1.507032215595245361e-01,-2.451360076665878296e-01,-2.278518825769424438e-01,-4.241193830966949463e-01,-3.449318110942840576e-01,-8.342651277780532837e-02,-1.180109605193138123e-01,-2.770895659923553467e-01,-2.977969944477081299e-01,-2.221997976303100586e-01,-3.525943160057067871e-01,-2.677786052227020264e-01,-3.441267311573028564e-01,-3.407840728759765625e-01,-2.162973582744598389e-01,-1.030352860689163208e-01,-1.236808896064758301e-01,-1.374503821134567261e-01,-3.507469296455383301e-01,-2.123179286718368530e-01,-2.046024352312088013e-01,-1.063928976655006409e-01,-1.040184795856475830e-01,-2.880788743495941162e-01,-4.343726038932800293e-01,-3.001362979412078857e-01,-2.463111877441406250e-01,-3.067983686923980713e-01,-2.105643451213836670e-01,-2.005329281091690063e-01
6.339408755302429199e-01,5.222886800765991211e-01,0.000000000000000000e+00,7.634214162826538086e-01,-1.257982552051544189e-01,1.075299642980098724e-02,6.571241021156311035e-01,4.623477458953857422e-01,5.003695935010910034e-02,-1.680613458156585693e-01,1.983980685472488403e-01,1.348313242197036743e-01,3.320235311985015869e-01,3.453580439090728760e-01,-9.069652110338211060e-02,-1.183351725339889526e-01,-9.148436784744262695e-02,-1.455533653497695923e-01,6.580253839492797852e-01,5.660094022750854492e-01,-5.106080323457717896e-02,3.431097418069839478e-02,4.902646541595458984e-01,5.720052123069763184e-01,-5.542298778891563416e-02,2.476384304463863373e-02,2.191324234008789062e-01,1.332739889621734619e-01,-1.558462977409362793e-01,-2.071253210306167603e-01,1.156396642327308655e-01,3.122340738773345947e-01,3.056401312351226807e-01,2.366665750741958618e-01,-2.189886569976806641e-01,-1.203203871846199036e-01,-4.573199450969696045e-01,-3.878133594989776611e-01,-2.645506262779235840e-01,-1.816170215606689453e-01,-2.065254598855972290e-01,-2.030044496059417725e-01,-2.101907879114151001e-01,-2.607545554637908936e-01,-7.339312136173248291e-02,-1.644619405269622803e-01,-3.401524126529693604e-01,-3.209160566329956055e-01,-1.107496544718742371e-01,-2.482618987560272217e-01,-3.136959373950958252e-01,-4.208633303642272949e-01,-3.670885264873504639e-01,-2.523892521858215332e-01,-2.558537721633911133e-01,-2.946128547191619873e-01,5.515622496604919434e-01,5.582135319709777832e-01,4.923562705516815186e-01,4.060857892036437988e-01,3.361224830150604248e-01,1.552922129631042480e-01,1.956398412585258484e-02,-1.230219081044197083e-01,-1.591190397739410400e-01,-1.899069398641586304e-01,3.816135525703430176e-01,1.352219432592391968e-01,5.458782911300659180e-01,5.073189139366149902e-01,2.917741835117340088e-01,2.525204420089721680e-01,1.046343147754669189e-02,8.701927959918975830e-03,-1.007411256432533264e-01,-1.419154554605484009e-01,-1.384778320789337158e-02,1.304755806922912598e-01,6.322338432073593140e-02,-5.241651087999343872e-04,-1.503816395998001099e-01,-3.089181780815124512e-01,-1.531935185194015503e-01,-1.041647493839263916e-01,-3.770579695701599121e-01,-4.744939208030700684e-01,1.919773779809474945e-02,-1.087076440453529358e-01,-4.662647470831871033e-02,-4.268148243427276611e-01,-2.813502848148345947e-01,-5.712609738111495972e-02,-6.456515192985534668e-02,-1.702524870634078979e-01,-2.287048250436782837e-01,-1.121096834540367126e-01,-3.547908365726470947e-01,-2.692189216613769531e-01,-3.744538128376007080e-01,-3.601284623146057129e-01,-2.229926288127899170e-01,-8.621336519718170166e-02,-8.566801249980926514e-02,-9.260230511426925659e-02,-2.302572876214981079e-01,-2.151143848896026611e-01,-8.830244094133377075e-02,5.783458054065704346e-02,-5.592851713299751282e-02,-3.340907394886016846e-01,-3.761779963970184326e-01,-3.596253395080566406e-01,-3.355736136436462402e-01,-2.952450513839721680e-01,-2.386248558759689331e-01,-2.069582939147949219e-01
4.898516237735748291e-01,3.427982628345489502e-01,7.634214162826538086e-01,0.000000000000000000e+00,-3.967315331101417542e-02,1.212707832455635071e-01,7.065588235855102539e-01,6.059444546699523926e-01,1.010405048727989197e-01,-1.537343114614486694e-01,1.083843931555747986e-01,7.903224229812622070e-02,2.630033195018768311e-01,3.188758194446563721e-01,-7.082054764032363892e-02,-1.068281829357147217e-01,-2.190749794244766235e-01,-2.619329690933227539e-01,5.664253830909729004e-01,4.831269085407257080e-01,-6.793981790542602539e-02,9.879165142774581909e-02,5.346294045448303223e-01,6.734431385993957520e-01,5.717508122324943542e-02,8.951350301504135132e-02,2.548788189888000488e-01,9.923235327005386353e-02,-2.414873689413070679e-01,-2.915097773075103760e-01,1.584701389074325562e-01,3.595448732376098633e-01,3.130348920822143555e-01,2.657894492149353027e-01,-1.893194317817687988e-01,-1.230264008045196533e-01,-4.272848963737487793e-01,-3.490899205207824707e-01,-2.515621781349182129e-01,-1.024051979184150696e-01,-2.464673221111297607e-01,-1.995908319950103760e-01,-3.264601230621337891e-01,-3.789453506469726562e-01,-2.373287975788116455e-01,-3.014866709709167480e-01,-4.075129032135009766e-01,-3.564508557319641113e-01,-2.121656239032745361e-01,-3.523950576782226562e-01,-3.446593880653381348e-01,-4.345127344131469727e-01,-3.321773111820220947e-01,-2.415409088134765625e-01,-2.831876873970031738e-01,-3.182339072227478027e-01,4.124914705753326416e-01,4.047124683856964111e-01,4.505414962768554688e-01,4.157352149486541748e-01,3.775162994861602783e-01,2.507521510124206543e-01,-5.969269201159477234e-02,-1.487774550914764404e-01,-1.395773589611053467e-01,-6.159264221787452698e-02,3.249257206916809082e-01,1.560013741254806519e-01,4.197028875350952148e-01,3.740339279174804688e-01,3.369709849357604980e-01,2.552013993263244629e-01,-2.874505333602428436e-02,-3.227204829454421997e-02,-1.627461165189743042e-01,-2.070390582084655762e-01,9.522855281829833984e-02,2.056182026863098145e-01,-3.205823479220271111e-03,-3.932159394025802612e-02,-3.229263126850128174e-01,-4.212266802787780762e-01,-2.801901698112487793e-01,-2.340341061353683472e-01,-3.671553134918212891e-01,-4.937689006328582764e-01,6.349231302738189697e-02,-1.190248951315879822e-01,2.654410339891910553e-02,-3.223769366741180420e-01,-2.579795718193054199e-01,2.201845683157444000e-02,-7.493820972740650177e-03,-9.841733425855636597e-02,-2.527149319648742676e-01,-1.425092965364456177e-01,-3.557141423225402832e-01,-2.445455193519592285e-01,-3.831664025783538818e-01,-3.902377784252166748e-01,-2.934340834617614746e-01,-9.024488739669322968e-03,-8.780883997678756714e-02,-1.280645728111267090e-01,-2.569116950035095215e-01,-2.692032456398010254e-01,-7.622404396533966064e-02,8.127878606319427490e-02,-1.018962413072586060e-01,-2.842285931110382080e-01,-3.300805389881134033e-01,-3.773604631423950195e-01,-3.771394193172454834e-01,-3.024614155292510986e-01,-2.665272355079650879e-01,-2.821283340454101562e-01
-1.240570321679115295e-01,-2.844920158386230469e-01,-1.257982552051544189e-01,-3.967315331101417542e-02,0.000000000000000000e+00,5.720849633216857910e-01,7.108990848064422607e-02,-1.524691432714462280e-01,5.036425590515136719e-01,1.609942018985748291e-01,-1.653217673301696777e-01,-1.842502802610397339e-01,5.697175511159002781e-04,-6.969264149665832520e-02,4.567143619060516357e-01,3.549500405788421631e-01,-7.284951210021972656e-02,-2.377628833055496216e-01,-2.850187718868255615e-01,-2.267058640718460083e-01,1.508444845676422119e-01,4.654579758644104004e-01,-1.805637776851654053e-01,-3.530590608716011047e-02,5.292758941650390625e-01,5.278086066246032715e-01,3.663496077060699463e-01,3.966823518276214600e-01,-2.991073951125144958e-02,-2.704655937850475311e-02,-1.764637231826782227e-01,-1.157608479261398315e-01,-3.538852035999298096e-01,-2.879822850227355957e-01,-1.758481413125991821e-01,-2.926289141178131104e-01,1.359497010707855225e-01,2.341827303171157837e-01,3.205005526542663574e-01,3.173633813858032227e-01,3.096498847007751465e-01,2.042418122291564941e-01,-3.944371342658996582e-01,-1.825779527425765991e-01,-3.342164754867553711e-01,-4.030325412750244141e-01,-2.672502994537353516e-01,-1.848239749670028687e-01,-6.770275533199310303e-02,-3.894500136375427246e-01,-3.550861179828643799e-01,-2.528270184993743896e-01,-2.785146832466125488e-01,-3.693037033081054688e-01,1.128943637013435364e-01,-8.743300288915634155e-02,-3.094027638435363770e-01,-1.297646313905715942e-01,-3.255523368716239929e-02,2.290935814380645752e-02,-3.528793752193450928e-01,-2.830978631973266602e-01,-2.687885463237762451e-01,-2.357491999864578247e-01,-1.005842536687850952e-01,-9.775077551603317261e-02,-1.451654243282973766e-03,-1.303909420967102051e-01,9.586863219738006592e-02,4.682796075940132141e-02,2.484984397888183594e-01,2.671900093555450439e-01,3.559507802128791809e-02,1.258032489567995071e-02,-6.201989576220512390e-02,-2.326198816299438477e-01,5.365690961480140686e-02,2.422540485858917236e-01,-6.282349675893783569e-02,3.383444622159004211e-02,-6.025845184922218323e-02,1.766698993742465973e-02,-1.641396782360970974e-03,-3.265910223126411438e-02,3.060995042324066162e-01,3.794762119650840759e-02,5.295279622077941895e-01,3.845746517181396484e-01,4.298336207866668701e-01,2.201800197362899780e-01,-1.946843266487121582e-01,-1.586701273918151855e-01,-1.489235311746597290e-01,1.495956927537918091e-01,1.294586211442947388e-01,8.499243855476379395e-02,1.109281182289123535e-01,4.085039347410202026e-02,1.863363981246948242e-01,7.167097926139831543e-02,1.227106750011444092e-01,2.915127873420715332e-01,3.196621239185333252e-01,4.054753482341766357e-01,2.458169013261795044e-01,-1.740694791078567505e-02,2.365844547748565674e-01,2.176121771335601807e-01,4.589134082198143005e-02,3.925843536853790283e-02,1.257256865501403809e-01,-3.903499618172645569e-02,-1.517899334430694580e-01,-1.719054877758026123e-01,-1.563844978809356689e-01,1.449495404958724976e-01
-3.136447072029113770e-02,-1.899632960557937622e-01,1.075299642980098724e-02,1.212707832455635071e-01,5.720849633216857910e-01,0.000000000000000000e+00,1.503381431102752686e-01,-6.974280625581741333e-02,5.069148540496826172e-01,-4.797704890370368958e-02,-2.493277490139007568e-01,-1.951434016227722168e-01,-3.701667487621307373e-02,-1.124434471130371094e-01,2.153002619743347168e-01,3.370572030544281006e-01,-8.335931599140167236e-02,-1.290162503719329834e-01,-1.970160454511642456e-01,-2.070034593343734741e-01,1.799627840518951416e-01,5.373856425285339355e-01,-2.059926688671112061e-01,1.055123209953308105e-01,4.396110773086547852e-01,6.525589823722839355e-01,4.057291746139526367e-01,4.240995347499847412e-01,-8.523271977901458740e-02,-6.695443391799926758e-02,-1.534522920846939087e-01,-6.493412703275680542e-02,-3.050493299961090088e-01,-3.112503588199615479e-01,-2.892596125602722168e-01,-4.123724997043609619e-01,-1.692835427820682526e-02,2.341562658548355103e-01,1.728946119546890259e-01,2.381448894739151001e-01,2.612309753894805908e-01,2.279465347528457642e-01,-2.589778006076812744e-01,-1.191913187503814697e-01,-2.853835225105285645e-01,-4.138945043087005615e-01,-3.069190680980682373e-01,-1.377422660589218140e-01,8.031303435564041138e-02,-3.902667760848999023e-01,-2.631528675556182861e-01,-2.271704524755477905e-01,-1.909390240907669067e-01,-2.489857226610183716e-01,1.074959486722946167e-01,-7.644794136285781860e-02,-2.016380727291107178e-01,-7.139070332050323486e-02,-1.863691210746765137e-02,-1.418540067970752716e-02,-2.810003757476806641e-01,-2.864717245101928711e-01,-2.004493772983551025e-01,-2.894473671913146973e-01,-2.202318459749221802e-01,-1.811212003231048584e-01,3.161419555544853210e-02,-1.093629896640777588e-01,1.355275213718414307e-01,9.110774099826812744e-02,4.563843831419944763e-02,9.435860812664031982e-02,-1.406005769968032837e-01,-1.102004423737525940e-01,-1.635698229074478149e-01,-3.743587434291839600e-01,-1.173858270049095154e-01,1.779869347810745239e-01,1.704237461090087891e-01,2.437557429075241089e-01,6.876821164041757584e-03,4.022924974560737610e-02,-9.605703502893447876e-02,3.082217648625373840e-02,3.143744468688964844e-01,1.424195710569620132e-02,5.831069946289062500e-01,3.163124918937683105e-01,5.476100444793701172e-01,1.608785390853881836e-01,-2.470098435878753662e-01,-9.632427245378494263e-02,-8.205921202898025513e-02,1.220360100269317627e-01,8.119102567434310913e-02,-1.517875958234071732e-02,9.012951701879501343e-02,1.534987054765224457e-02,2.849034219980239868e-02,-1.146919950842857361e-01,-8.842732757329940796e-02,2.583490312099456787e-01,1.831744015216827393e-01,2.361032515764236450e-01,8.793479949235916138e-02,-1.068424805998802185e-01,2.508862912654876709e-01,3.035702109336853027e-01,-1.822171807289123535e-01,7.459528744220733643e-02,1.255741268396377563e-01,-1.137179657816886902e-01,-3.349009752273559570e-01,-2.850256562232971191e-01,-9.529589861631393433e-02,1.317425221204757690e-01
3.604902029037475586e-01,2.013020068407058716e-01,6.571241021156311035e-01,7.065588235855102539e-01,7.108990848064422607e-02,1.503381431102752686e-01,0.000000000000000000e+00,5.452590584754943848e-01,2.119726985692977905e-01,-8.650980144739151001e-02,2.525795102119445801e-01,1.459505856037139893e-01,4.314801990985870361e-01,3.466662168502807617e-01,2.425075881183147430e-02,-5.460324510931968689e-02,-1.600586771965026855e-01,-1.937778890132904053e-01,4.706208705902099609e-01,3.531367778778076172e-01,-1.310119181871414185e-01,8.197095245122909546e-02,4.810064435005187988e-01,5.876919031143188477e-01,-1.277731847949326038e-03,9.120801091194152832e-02,2.488886266946792603e-01,1.057907491922378540e-01,-1.380186527967453003e-01,-2.493312060832977295e-01,1.702443510293960571e-01,3.904859423637390137e-01,2.159140110015869141e-01,2.123827338218688965e-01,-2.197060883045196533e-01,-1.342422515153884888e-01,-3.753834962844848633e-01,-3.994344174861907959e-01,-1.663982719182968140e-01,-9.943093359470367432e-02,-2.492335885763168335e-01,-1.880197674036026001e-01,-4.152073264122009277e-01,-4.474743008613586426e-01,-2.981856167316436768e-01,-4.001381993293762207e-01,-3.837295770645141602e-01,-3.817214965820312500e-01,-1.879526227712631226e-01,-3.104256987571716309e-01,-3.373011052608489990e-01,-4.208484590053558350e-01,-3.095741569995880127e-01,-2.491620779037475586e-01,-2.348270118236541748e-01,-3.627667427062988281e-01,2.854465544223785400e-01,2.929108440876007080e-01,3.525497615337371826e-01,3.593406677246093750e-01,3.139446675777435303e-01,2.184258103370666504e-01,1.072277314960956573e-02,-9.533533453941345215e-02,-1.367199867963790894e-01,-3.269732743501663208e-02,2.800230681896209717e-01,1.087622866034507751e-01,3.096523284912109375e-01,2.604101598262786865e-01,3.084170818328857422e-01,3.311996459960937500e-01,5.124554038047790527e-02,1.676648296415805817e-02,-1.120736896991729736e-01,-1.093444302678108215e-01,1.220811083912849426e-01,1.911374032497406006e-01,-2.787601575255393982e-02,-1.415932625532150269e-01,-3.449929654598236084e-01,-4.503999352455139160e-01,-2.654513716697692871e-01,-2.509000599384307861e-01,-3.889192938804626465e-01,-5.552490353584289551e-01,7.234233617782592773e-02,-7.819441705942153931e-02,-7.762688910588622093e-04,-3.466599583625793457e-01,-1.949786394834518433e-01,-4.653999209403991699e-02,-6.214784085750579834e-02,-5.311198905110359192e-02,-2.033977359533309937e-01,-1.134220659732818604e-01,-3.603252768516540527e-01,-2.749367058277130127e-01,-3.081613183021545410e-01,-2.782869040966033936e-01,-1.706922501325607300e-01,8.400823175907135010e-02,-1.918362826108932495e-02,6.579736620187759399e-02,-1.512246131896972656e-01,-1.180399507284164429e-01,-5.218777805566787720e-02,5.916770920157432556e-02,-4.813116043806076050e-02,-3.370048403739929199e-01,-3.412197828292846680e-01,-3.414565324783325195e-01,-3.153047263622283936e-01,-2.013787180185317993e-01,-2.399906367063522339e-01,-2.182146310806274414e-01
2.551314532756805420e-01,2.772903740406036377e-01,4.623477458953857422e-01,6.059444546699523926e-01,-1.524691432714462280e-01,-6.974280625581741333e-02,5.452590584754943848e-01,0.000000000000000000e+00,-6.056010350584983826e-02,1.748014390468597412e-01,3.233256340026855469e-01,4.058268964290618896e-01,3.111305832862854004e-01,4.771866500377655029e-01,-7.815139740705490112e-02,-1.431292742490768433e-01,-5.408262088894844055e-02,-3.095290251076221466e-02,5.203793048858642578e-01,4.986928701400756836e-01,-2.104460448026657104e-01,-2.137034088373184204e-01,7.268514037132263184e-01,5.590515136718750000e-01,-1.924322731792926788e-02,-6.299637258052825928e-02,-9.520071744918823242e-02,-2.288486510515213013e-01,-4.343929141759872437e-02,-1.547881960868835449e-01,4.260739386081695557e-01,5.146964788436889648e-01,5.193969607353210449e-01,5.657233595848083496e-01,2.734201215207576752e-02,5.074397101998329163e-02,-3.828905820846557617e-01,-5.044865012168884277e-01,-3.655766248703002930e-01,-3.621039688587188721e-01,-3.474868535995483398e-01,-3.129132390022277832e-01,-2.660760879516601562e-01,-3.406625092029571533e-01,-2.818028032779693604e-01,-1.974842399358749390e-01,-2.571988105773925781e-01,-2.663157582283020020e-01,-3.766969442367553711e-01,-2.192037552595138550e-01,-2.107771039009094238e-01,-2.435922622680664062e-01,-1.014391407370567322e-01,-5.940354242920875549e-02,-3.192970156669616699e-01,-2.586509585380554199e-01,3.368594646453857422e-01,1.856271773576736450e-01,2.928958535194396973e-01,3.032831847667694092e-01,4.870893657207489014e-01,4.760698378086090088e-01,1.702253371477127075e-01,2.463649213314056396e-01,-1.026168167591094971e-01,1.451828032732009888e-01,1.231715530157089233e-01,1.510375142097473145e-01,3.476263582706451416e-02,1.067192405462265015e-01,2.930537760257720947e-01,1.748029738664627075e-01,1.084984242916107178e-01,-2.214709063991904259e-03,-3.033980168402194977e-02,3.742010891437530518e-02,2.084254175424575806e-01,1.256425976753234863e-01,-1.149473711848258972e-01,-1.970152705907821655e-01,-3.254551887512207031e-01,-4.261008501052856445e-01,-2.871746718883514404e-01,-3.422040343284606934e-01,-4.221331179141998291e-01,-4.565399885177612305e-01,-2.271041721105575562e-01,-3.023141622543334961e-01,-1.666976064443588257e-01,-2.851582467555999756e-01,-1.084261089563369751e-01,2.322745621204376221e-01,1.042736396193504333e-01,-4.800157621502876282e-02,-3.627466559410095215e-01,-2.329261153936386108e-01,-4.226674437522888184e-01,-2.741011083126068115e-01,-2.921876907348632812e-01,-2.631574571132659912e-01,-2.540144622325897217e-01,6.519845873117446899e-02,-2.480670437216758728e-02,-1.452432423830032349e-01,-2.042798250913619995e-01,-1.179640144109725952e-01,-1.721321046352386475e-01,-1.022797450423240662e-02,-8.577071875333786011e-02,-3.027402460575103760e-01,-3.328917324542999268e-01,-2.280026525259017944e-01,-1.696573644876480103e-01,-6.299745291471481323e-02,-1.703761667013168335e-01,-2.858207225799560547e-01
-4.874819424003362656e-03,-1.667648851871490479e-01,5.003695935010910034e-02,1.010405048727989197e-01,5.036425590515136719e-01,5.069148540496826172e-01,2.119726985692977905e-01,-6.056010350584983826e-02,0.000000000000000000e+00,-9.449081867933273315e-02,-7.699757069349288940e-02,-1.187419518828392029e-01,-1.389869768172502518e-02,4.065839573740959167e-02,1.519445180892944336e-01,1.928818374872207642e-01,4.766236245632171631e-02,-8.211072534322738647e-02,-1.683754622936248779e-01,-2.180534601211547852e-01,8.458805084228515625e-02,4.848830103874206543e-01,-1.594117879867553711e-01,1.268317364156246185e-02,3.238137066364288330e-01,6.109285354614257812e-01,3.010366559028625488e-01,3.341870605945587158e-01,-3.688510879874229431e-02,-2.216752246022224426e-02,-1.022711619734764099e-01,-7.899592071771621704e-02,-3.010694086551666260e-01,-3.391679823398590088e-01,-3.112669587135314941e-01,-4.851146936416625977e-01,1.017712354660034180e-01,2.322333306074142456e-01,1.312320977449417114e-01,1.477596610784530640e-01,3.689209222793579102e-01,2.661900520324707031e-01,-2.940833866596221924e-01,-1.670270860195159912e-01,-3.448742330074310303e-01,-4.618668854236602783e-01,-2.397971749305725098e-01,-3.977738320827484131e-02,6.798804551362991333e-02,-3.647987842559814453e-01,-1.491386592388153076e-01,-1.634520590305328369e-01,-6.618840992450714111e-02,-4.423261806368827820e-02,1.011440381407737732e-01,-1.040827259421348572e-01,-1.467655897140502930e-01,-4.864691570401191711e-02,-4.170485213398933411e-02,-1.250049322843551636e-01,-1.874847710132598877e-01,-2.590632736682891846e-01,-2.053403258323669434e-01,-3.493128716945648193e-01,-2.411285489797592163e-01,-3.210825026035308838e-01,-1.366707235574722290e-01,-2.983622252941131592e-01,4.842175543308258057e-02,-1.319271177635528147e-05,8.311140537261962891e-02,7.086978107690811157e-02,-1.280789729207754135e-02,-1.586227118968963623e-01,-1.583786457777023315e-01,-2.848806977272033691e-01,-2.515150234103202820e-02,2.735289037227630615e-01,1.638991385698318481e-01,2.155729234218597412e-01,-2.452248008921742439e-03,-8.746376633644104004e-02,-1.596401184797286987e-01,-9.332641959190368652e-02,2.589554190635681152e-01,-3.369352221488952637e-02,4.742136001586914062e-01,1.718743890523910522e-01,4.911735355854034424e-01,6.156453117728233337e-02,-1.912315636873245239e-01,5.286927148699760437e-02,9.549447894096374512e-02,1.982518583536148071e-01,8.225429058074951172e-02,1.256885286420583725e-02,5.365307629108428955e-02,5.407354980707168579e-02,1.408869028091430664e-01,-5.433128401637077332e-02,-1.240180581808090210e-01,3.372088670730590820e-01,2.540428936481475830e-01,2.689050734043121338e-01,6.880142539739608765e-02,-1.198062971234321594e-01,2.703124284744262695e-01,3.615868389606475830e-01,-1.213795766234397888e-01,5.623630806803703308e-02,1.981050223112106323e-01,-3.228337317705154419e-02,-2.737344205379486084e-01,-1.828388571739196777e-01,3.413504362106323242e-02,1.169849708676338196e-01
-2.396201193332672119e-01,-9.514348953962326050e-02,-1.680613458156585693e-01,-1.537343114614486694e-01,1.609942018985748291e-01,-4.797704890370368958e-02,-8.650980144739151001e-02,1.748014390468597412e-01,-9.449081867933273315e-02,0.000000000000000000e+00,1.915973573923110962e-01,2.666253447532653809e-01,2.319922745227813721e-01,1.771431714296340942e-01,5.434142947196960449e-01,3.790256679058074951e-01,-3.731693327426910400e-02,6.489592045545578003e-02,1.998969912528991699e-02,1.101815178990364075e-01,3.518228977918624878e-02,-2.593098580837249756e-01,2.704265415668487549e-01,5.202601104974746704e-02,1.290014982223510742e-01,-4.376445710659027100e-02,-2.959276735782623291e-01,-2.196467071771621704e-01,1.550911813974380493e-01,4.267437383532524109e-02,5.067138075828552246e-01,4.122098088264465332e-01,2.229523211717605591e-01,3.133738338947296143e-01,2.366230636835098267e-01,3.730712234973907471e-01,3.767845034599304199e-02,-1.730651706457138062e-01,2.152287065982818604e-01,-1.556648407131433487e-02,-1.685374788939952850e-02,-2.846091240644454956e-02,-1.916763633489608765e-01,-2.759856581687927246e-01,-1.744321286678314209e-01,-7.288133352994918823e-02,-1.447398308664560318e-02,-2.050305753946304321e-01,-4.472068250179290771e-01,-1.060751006007194519e-01,-2.248533219099044800e-01,-1.846098452806472778e-01,-8.846107125282287598e-02,-1.657726913690567017e-01,1.174207329750061035e-01,6.587931513786315918e-02,-1.623002141714096069e-01,-1.622742265462875366e-01,-3.011313825845718384e-02,9.222428500652313232e-02,6.188690289855003357e-02,1.626362651586532593e-01,3.160420432686805725e-02,3.444969058036804199e-01,1.276309788227081299e-01,3.021931350231170654e-01,-5.200764909386634827e-02,1.552796065807342529e-01,-1.936367601156234741e-01,-6.894846260547637939e-02,3.399756848812103271e-01,3.175364434719085693e-01,2.145474851131439209e-01,1.991065889596939087e-01,2.855619788169860840e-01,3.575388491153717041e-01,2.358391433954238892e-01,-4.798414185643196106e-02,-1.867026388645172119e-01,-1.906235218048095703e-01,-1.637387275695800781e-02,3.763413801789283752e-02,1.571766734123229980e-01,5.120459571480751038e-02,-8.852583914995193481e-02,8.837570995092391968e-02,-1.288115978240966797e-01,2.524642348289489746e-01,-1.630386710166931152e-01,2.037519067525863647e-01,2.791924774646759033e-01,-2.617586962878704071e-02,-2.771558240056037903e-02,5.507798865437507629e-02,5.683832243084907532e-02,9.734900295734405518e-02,-1.003951132297515869e-01,-1.817024946212768555e-01,1.780512370169162750e-02,1.962781548500061035e-01,3.225213885307312012e-01,6.715310737490653992e-03,1.702563166618347168e-01,2.196640819311141968e-01,2.960293292999267578e-01,2.608556449413299561e-01,7.350365072488784790e-02,-1.300869733095169067e-01,2.486282885074615479e-01,-8.397649973630905151e-02,-1.919241249561309814e-01,5.491366237401962280e-02,2.369607090950012207e-01,1.644772440195083618e-01,-1.217340528964996338e-01,1.417593657970428467e-01
2.109027504920959473e-01,3.057149648666381836e-01,1.983980685472488403e-01,1.083843931555747986e-01,-1.653217673301696777e-01,-2.493277490139007568e-01,2.525795102119445801e-01,3.233256340026855469e-01,-7.699757069349288940e-02,1.915973573923110962e-01,0.000000000000000000e+00,5.128717422485351562e-01,4.903941154479980469e-01,4.533857107162475586e-01,4.482980072498321533e-02,-2.812674827873706818e-02,1.739543676376342773e-01,2.658399045467376709e-01,3.695801496505737305e-01,3.951348364353179932e-01,-2.337546646595001221e-01,-3.144294321537017822e-01,3.758997321128845215e-01,1.427336782217025757e-01,-2.472739964723587036e-01,-2.103607058525085449e-01,-1.206919774413108826e-01,-1.229708716273307800e-01,2.383931875228881836e-01,1.010721251368522644e-01,3.112096488475799561e-01,2.731978595256805420e-01,2.355694621801376343e-01,3.114555478096008301e-01,1.170155256986618042e-01,1.650946438312530518e-01,-2.421617656946182251e-01,-4.228203296661376953e-01,-1.347318142652511597e-01,-3.911835551261901855e-01,-2.012654393911361694e-01,-2.780379951000213623e-01,-2.004276514053344727e-01,-2.003325521945953369e-01,-1.261397004127502441e-01,-1.919489353895187378e-02,-1.304773241281509399e-01,-1.829029768705368042e-01,-1.884242296218872070e-01,4.108252748847007751e-02,-8.344355225563049316e-02,-4.103906825184822083e-02,-5.710040032863616943e-02,-5.347611382603645325e-02,-1.773058027029037476e-01,-2.641079127788543701e-01,2.916277647018432617e-01,1.835033595561981201e-01,1.778733581304550171e-01,1.725333631038665771e-01,2.868201136589050293e-01,3.104109466075897217e-01,3.841612935066223145e-01,3.330027759075164795e-01,3.145293565467000008e-03,1.006403714418411255e-01,5.629162490367889404e-02,-1.685552671551704407e-02,2.858352288603782654e-02,1.059815660119056702e-01,1.705376058816909790e-01,2.053696364164352417e-01,2.900810539722442627e-01,2.143004089593887329e-01,1.049049273133277893e-01,3.019611239433288574e-01,-4.160102456808090210e-02,-1.698804497718811035e-01,1.061762198805809021e-01,-8.415564149618148804e-02,7.103167474269866943e-02,-1.012469306588172913e-01,-8.601044863462448120e-02,-2.052837908267974854e-01,-2.563936710357666016e-01,-1.920652687549591064e-01,-2.637069821357727051e-01,-1.608169376850128174e-01,-2.911141216754913330e-01,-2.696238458156585693e-01,-7.981557399034500122e-02,-2.680180408060550690e-02,-1.292160451412200928e-01,-1.657944619655609131e-01,-2.266299575567245483e-01,-2.195941209793090820e-01,-2.066695988178253174e-01,-3.052307069301605225e-01,-1.240867227315902710e-01,-1.856506243348121643e-02,4.031850490719079971e-03,-9.696840494871139526e-02,-2.740656770765781403e-02,5.812959279865026474e-04,-5.297081544995307922e-02,1.143622472882270813e-01,-1.281879991292953491e-01,-1.073927208781242371e-01,-4.811054468154907227e-02,-1.941894888877868652e-01,-2.594385743141174316e-01,-1.226476132869720459e-01,-1.173623837530612946e-02,9.119696915149688721e-02,3.271326795220375061e-02,-5.171434208750724792e-02
2.627088725566864014e-01,3.845655322074890137e-01,1.348313242197036743e-01,7.903224229812622070e-02,-1.842502802610397339e-01,-1.951434016227722168e-01,1.459505856037139893e-01,4.058268964290618896e-01,-1.187419518828392029e-01,2.666253447532653809e-01,5.128717422485351562e-01,0.000000000000000000e+00,2.292926460504531860e-01,4.700538814067840576e-01,-3.529206290841102600e-02,-3.271443769335746765e-02,2.347732931375503540e-01,4.283585846424102783e-01,3.489508628845214844e-01,4.014381170272827148e-01,-2.134389132261276245e-01,-3.613313436508178711e-01,3.942198157310485840e-01,1.324830800294876099e-01,-1.037451624870300293e-01,-1.410791724920272827e-01,-1.146214306354522705e-01,-2.448289841413497925e-01,2.572714686393737793e-01,2.660702764987945557e-01,3.843684196472167969e-01,2.899703681468963623e-01,3.780632019042968750e-01,4.373435974121093750e-01,1.431021690368652344e-01,1.754560023546218872e-01,-2.761287987232208252e-01,-5.062966942787170410e-01,-2.733721435070037842e-01,-4.123773276805877686e-01,-2.461691051721572876e-01,-1.784119904041290283e-01,-1.016222015023231506e-01,-1.502255946397781372e-01,-1.226253584027290344e-01,-5.085215903818607330e-03,-8.822780847549438477e-02,-1.227499023079872131e-01,-2.805280983448028564e-01,6.192218512296676636e-02,-3.957364708185195923e-02,-5.108968541026115417e-02,-3.146068379282951355e-02,-1.314694527536630630e-02,-2.348889410495758057e-01,-2.715710401535034180e-01,3.801488876342773438e-01,2.389768511056900024e-01,1.836985051631927490e-01,1.796419471502304077e-01,3.524796664714813232e-01,4.228498935699462891e-01,3.822682499885559082e-01,4.898577630519866943e-01,-5.657984316349029541e-02,3.571036085486412048e-02,-3.573741018772125244e-02,-9.611029177904129028e-02,3.353352099657058716e-02,6.380596756935119629e-02,-2.606111392378807068e-02,4.460747819393873215e-03,9.848355501890182495e-02,6.716114934533834457e-03,6.011583283543586731e-02,2.557108402252197266e-01,-1.211188584566116333e-01,-2.364826649427413940e-01,8.570212870836257935e-02,-1.050189323723316193e-02,7.986332476139068604e-02,-1.950111798942089081e-02,-6.177796423435211182e-02,-1.484419256448745728e-01,-2.501365244388580322e-01,-2.366880476474761963e-01,-2.986025810241699219e-01,-2.311379164457321167e-01,-2.902205288410186768e-01,-2.293947637081146240e-01,-1.371141374111175537e-01,4.343860596418380737e-02,-9.696480631828308105e-02,-1.670621484518051147e-01,-3.079996109008789062e-01,-2.393554300069808960e-01,-2.948600649833679199e-01,-2.780300974845886230e-01,-2.620288431644439697e-01,-1.637028604745864868e-01,-1.440453678369522095e-01,2.476954460144042969e-02,-9.512091428041458130e-02,-1.067392528057098389e-01,-2.021179050207138062e-01,-5.821042880415916443e-02,-2.636677920818328857e-01,-2.157253473997116089e-01,-1.054398939013481140e-01,-2.342663705348968506e-01,-3.589995205402374268e-01,-1.629563570022583008e-01,-2.697701379656791687e-02,7.101738825440406799e-03,-8.690277487039566040e-02,-7.082325965166091919e-02
1.471350044012069702e-01,1.353975385427474976e-01,3.320235311985015869e-01,2.630033195018768311e-01,5.697175511159002781e-04,-3.701667487621307373e-02,4.314801990985870361e-01,3.111305832862854004e-01,-1.389869768172502518e-02,2.319922745227813721e-01,4.903941154479980469e-01,2.292926460504531860e-01,0.000000000000000000e+00,4.598509669303894043e-01,2.730337977409362793e-01,2.025401592254638672e-01,-2.444472908973693848e-02,-5.140561982989311218e-02,3.334582448005676270e-01,2.343383133411407471e-01,-7.814390957355499268e-02,-1.260458230972290039e-01,3.872188329696655273e-01,3.410556912422180176e-01,-1.105434745550155640e-01,-1.582555472850799561e-01,-5.179636180400848389e-02,-3.856949741020798683e-03,9.094508737325668335e-02,-7.890891283750534058e-02,2.021260261535644531e-01,3.244658112525939941e-01,1.526394337415695190e-01,1.641302406787872314e-01,3.798306360840797424e-02,8.196025341749191284e-02,-1.983050107955932617e-01,-2.798942029476165771e-01,3.063255734741687775e-02,-1.057486683130264282e-01,-8.114476501941680908e-02,-1.040116995573043823e-01,-2.719517946243286133e-01,-3.443255424499511719e-01,-1.921503394842147827e-01,-1.999474018812179565e-01,-1.919970363378524780e-01,-3.309243917465209961e-01,-2.230964601039886475e-01,-1.465234607458114624e-01,-2.049389779567718506e-01,-1.972185522317886353e-01,-1.222734749317169189e-01,-1.733926683664321899e-01,3.475281596183776855e-02,-1.159944981336593628e-01,1.263615936040878296e-01,1.073771268129348755e-01,1.083724200725555420e-01,1.359851807355880737e-01,1.585530191659927368e-01,1.009356975555419922e-01,9.389428794384002686e-02,1.126775518059730530e-01,7.776774466037750244e-02,1.506007462739944458e-01,9.302558004856109619e-02,4.090186953544616699e-02,1.316995024681091309e-01,1.247595921158790588e-01,3.488131761550903320e-01,3.596678078174591064e-01,2.837472259998321533e-01,1.847417354583740234e-01,1.825582385063171387e-01,1.368389427661895752e-01,9.232355654239654541e-02,-4.569551907479763031e-03,-5.471554398536682129e-02,-1.277936846017837524e-01,-7.413234561681747437e-03,-1.993772685527801514e-01,8.826729655265808105e-02,-5.907859653234481812e-02,-1.619637459516525269e-01,-1.601724624633789062e-01,-1.836395077407360077e-02,9.517203271389007568e-02,-1.193387061357498169e-01,-1.933069974184036255e-01,1.257626991719007492e-02,-7.335785776376724243e-02,-9.271614998579025269e-02,-7.211972028017044067e-02,-7.587362080812454224e-02,-2.985006012022495270e-02,-2.658157050609588623e-01,-3.124556243419647217e-01,-1.481687277555465698e-01,-2.407841011881828308e-02,8.368596434593200684e-02,-9.882886707782745361e-02,-2.354311570525169373e-02,6.386800855398178101e-02,8.398152887821197510e-02,1.170799061655998230e-01,3.058849647641181946e-02,-1.977000385522842407e-02,5.164717137813568115e-02,-2.384859621524810791e-01,-3.014893531799316406e-01,-1.747342944145202637e-01,-9.178314357995986938e-02,2.189464122056961060e-02,-9.015301614999771118e-02,5.028669256716966629e-03
