0.000000000000000000e+00,6.931525468826293945e-01,2.685329914093017578e-01,1.833173260092735291e-02,4.203486070036888123e-02,-1.335862372070550919e-02,5.281456559896469116e-02,-3.638079464435577393e-01,-3.212140202522277832e-01,-2.361042350530624390e-01,-1.971944570541381836e-01,-3.381253778934478760e-01,-1.003805622458457947e-01,-2.621065378189086914e-01,-1.225421205163002014e-01,1.563814431428909302e-01,1.039194986224174500e-01,1.172837838530540466e-01,3.512607216835021973e-01,3.568543493747711182e-01,-2.392755262553691864e-02,7.338228635489940643e-03,-3.806627392768859863e-01,-1.598947308957576752e-02,9.544986486434936523e-02,2.712830007076263428e-01,2.770683467388153076e-01,1.918072700500488281e-01,-1.619789898395538330e-01,-1.329695582389831543e-01,9.201644361019134521e-02,1.133272722363471985e-01,1.711023151874542236e-01,7.627023756504058838e-02,1.067333668470382690e-01,2.851017192006111145e-02,-1.598889529705047607e-01,-8.859943598508834839e-02,-2.602261006832122803e-01,-4.468250274658203125e-02,-2.138539105653762817e-01,-1.935235410928726196e-01,-1.928001195192337036e-01,-7.062365859746932983e-02,-3.083776533603668213e-01,-1.264397799968719482e-01,-2.575067616999149323e-02,-1.654182970523834229e-01,-1.848767697811126709e-01,-2.072402238845825195e-01,-1.684450060129165649e-01,-1.690131574869155884e-01,-1.214592829346656799e-01,-2.321356236934661865e-01,1.648378223180770874e-01,2.922765314579010010e-01,7.403582930564880371e-01,6.508376598358154297e-01,5.298896431922912598e-01,4.020873606204986572e-01,2.064092755317687988e-01,-5.080631747841835022e-02,4.996784776449203491e-02,-1.162080317735671997e-01,-1.513343155384063721e-01,-2.943714857101440430e-01,4.126366078853607178e-01,3.810974359512329102e-01,6.615009307861328125e-01,6.432049274444580078e-01,1.072526276111602783e-01,1.700609177350997925e-01,1.908084750175476074e-02,-1.300359666347503662e-01,-8.618473261594772339e-02,1.664634980261325836e-02,3.716972097754478455e-02,1.439743638038635254e-01,-9.896629303693771362e-02,6.261828541755676270e-02,5.762356147170066833e-02,1.194382086396217346e-01,-1.193730905652046204e-01,1.453583389520645142e-01,-3.014412336051464081e-02,-1.514375507831573486e-01,2.754204571247100830e-01,2.130874246358871460e-01,-1.692959666252136230e-01,1.341324597597122192e-01,-4.874480962753295898e-01,-3.964539468288421631e-01,-2.565736472606658936e-01,-1.904234588146209717e-01,1.004583537578582764e-01,-8.459104597568511963e-02,1.811517961323261261e-02,2.056190520524978638e-01,-9.020432084798812866e-02,-2.717677652835845947e-01,2.174206078052520752e-01,1.748798638582229614e-01,2.942266464233398438e-01,2.518054544925689697e-01,3.923421353101730347e-02,2.673346921801567078e-02,1.253123730421066284e-01,2.549652457237243652e-01,1.293248683214187622e-02,5.885683000087738037e-02,1.952097415924072266e-01,-1.954806223511695862e-02,-1.335712373256683350e-01,-2.140699028968811035e-01,-1.709814816713333130e-01,-2.669228017330169678e-01
6.931525468826293945e-01,0.000000000000000000e+00,4.157787263393402100e-01,-2.510835044085979462e-02,1.467221379280090332e-01,1.412066351622343063e-02,2.203111052513122559e-01,-2.628730535507202148e-01,-3.601007163524627686e-01,-2.979818582534790039e-01,-1.259220540523529053e-01,-1.444772630929946899e-01,-5.972917005419731140e-02,-1.339486986398696899e-01,5.539143085479736328e-02,2.147301882505416870e-01,7.889803498983383179e-02,3.388215005397796631e-01,4.058885872364044189e-01,4.968576133251190186e-01,-6.826044619083404541e-02,-4.301045462489128113e-02,-4.643387496471405029e-01,3.246366605162620544e-02,-1.527712959796190262e-02,3.275440037250518799e-01,3.533032536506652832e-01,2.775647640228271484e-01,9.575813310220837593e-04,2.198751643300056458e-02,3.206886947154998779e-01,2.906922101974487305e-01,3.223930597305297852e-01,2.573310136795043945e-01,1.990869641304016113e-01,1.651505231857299805e-01,-1.144468635320663452e-01,-5.184350535273551941e-02,-1.610475927591323853e-01,7.312366273254156113e-03,-2.236919552087783813e-01,-1.278533935546875000e-01,-4.339736998081207275e-01,-2.969456315040588379e-01,-5.142688751220703125e-01,-4.120755195617675781e-01,-2.063780426979064941e-01,-4.282418489456176758e-01,-4.671014845371246338e-01,-4.993628859519958496e-01,-4.020600318908691406e-01,-5.000870823860168457e-01,-2.449230551719665527e-01,-5.435439944267272949e-01,1.562701463699340820e-01,1.120079755783081055e-01,6.964063644409179688e-01,6.861358284950256348e-01,3.942812383174896240e-01,3.745653629302978516e-01,2.254475355148315430e-01,-5.306148156523704529e-02,2.202609926462173462e-01,9.659848362207412720e-02,-8.752118051052093506e-02,-4.268479347229003906e-01,4.042852520942687988e-01,3.792530000209808350e-01,5.884795188903808594e-01,6.136943101882934570e-01,3.660432100296020508e-01,3.219398856163024902e-01,2.317582070827484131e-01,1.389205753803253174e-01,7.245647907257080078e-02,1.502610892057418823e-01,1.976963281631469727e-01,2.331379652023315430e-01,5.657837167382240295e-02,-5.458543542772531509e-03,2.010401040315628052e-01,-1.166583672165870667e-01,-6.578567624092102051e-02,8.973962068557739258e-02,3.550766035914421082e-02,-4.922079145908355713e-01,4.630231857299804688e-01,2.112548649311065674e-01,-1.772431842982769012e-02,-1.115676835179328918e-01,-3.267864882946014404e-01,-5.032673478126525879e-01,-2.267656661570072174e-02,-3.609209656715393066e-01,1.611270159482955933e-01,-1.138022094964981079e-01,1.358108222484588623e-01,2.974238097667694092e-01,-1.919597759842872620e-02,-2.707266509532928467e-01,4.768663942813873291e-01,1.024111732840538025e-01,5.163074135780334473e-01,3.739388287067413330e-01,7.916460931301116943e-02,-1.436662971973419189e-01,3.241216540336608887e-01,3.440155386924743652e-01,-2.397585101425647736e-02,7.412674278020858765e-02,1.239121183753013611e-01,-7.860580086708068848e-02,-2.676574289798736572e-01,-2.767958045005798340e-01,-1.969453990459442139e-01,-2.604600191116333008e-01
2.685329914093017578e-01,4.157787263393402100e-01,0.000000000000000000e+00,3.848921954631805420e-01,2.777747809886932373e-01,2.348156720399856567e-01,5.945137143135070801e-01,1.462619006633758545e-01,-1.005523204803466797e-01,-7.592616975307464600e-02,2.634838409721851349e-02,1.903512030839920044e-01,2.702634930610656738e-01,9.708987176418304443e-02,9.913323819637298584e-02,2.729928195476531982e-01,-2.762336730957031250e-01,3.997143823653459549e-03,5.543136596679687500e-01,4.484042823314666748e-01,-1.124402321875095367e-02,6.514634937047958374e-02,-6.245108321309089661e-02,3.420929014682769775e-01,-1.985864788293838501e-01,2.399024814367294312e-01,1.843606233596801758e-01,9.618710726499557495e-02,-1.807875931262969971e-01,-1.068318337202072144e-01,3.554447591304779053e-01,4.840721487998962402e-01,3.372380137443542480e-01,2.908838093280792236e-01,1.761712282896041870e-01,4.558601230382919312e-02,-1.535788178443908691e-01,-1.701894700527191162e-01,-1.218641735613346100e-02,5.276759155094623566e-03,-7.209095358848571777e-02,-3.800661116838455200e-02,-4.108058810234069824e-01,-3.358475267887115479e-01,-4.918182492256164551e-01,-4.818078279495239258e-01,-3.656470179557800293e-01,-5.243418216705322266e-01,-5.222796201705932617e-01,-5.164148211479187012e-01,-4.465367496013641357e-01,-4.881255328655242920e-01,-3.613332808017730713e-01,-5.336391925811767578e-01,-2.020176686346530914e-02,-2.044300884008407593e-01,1.146185100078582764e-01,1.064015403389930725e-01,1.063984632492065430e-01,3.998024016618728638e-02,2.376511693000793457e-01,4.261274263262748718e-02,1.523150503635406494e-01,-5.573121830821037292e-02,2.098173797130584717e-01,-2.122298628091812134e-01,2.319052815437316895e-01,2.023114264011383057e-01,1.632050275802612305e-01,2.348730713129043579e-01,4.370099902153015137e-01,4.432300031185150146e-01,3.116498887538909912e-01,2.491015046834945679e-01,1.291189193725585938e-01,2.675798721611499786e-02,1.995599865913391113e-01,1.329718530178070068e-01,-2.248597592115402222e-01,-1.237161234021186829e-01,-1.554137170314788818e-01,-2.025852650403976440e-01,-3.951661884784698486e-01,2.240750789642333984e-01,-1.728263869881629944e-02,-3.891955614089965820e-01,4.180892705917358398e-01,1.880258768796920776e-01,-1.206636428833007812e-01,-1.992443799972534180e-01,-2.489264006726443768e-04,-2.743549346923828125e-01,2.941030561923980713e-01,-2.071070522069931030e-01,9.156286716461181641e-02,-2.973626852035522461e-01,-1.526829302310943604e-01,1.124607864767313004e-02,-1.072738841176033020e-01,-1.013161987066268921e-01,4.251015186309814453e-01,8.712091296911239624e-02,4.225467145442962646e-01,3.926324248313903809e-01,1.860746890306472778e-01,5.097229033708572388e-02,4.371956884860992432e-01,3.450134396553039551e-01,-1.511929035186767578e-01,-7.797672599554061890e-02,-1.041825935244560242e-01,-2.730090022087097168e-01,-3.277382254600524902e-01,-2.487411499023437500e-01,-2.464398443698883057e-01,-1.340751498937606812e-01
1.833173260092735291e-02,-2.510835044085979462e-02,3.848921954631805420e-01,0.000000000000000000e+00,-2.805332094430923462e-02,1.635723263025283813e-01,2.462872266769409180e-01,5.234324932098388672e-01,1.611615419387817383e-01,1.724421679973602295e-01,-4.632799420505762100e-03,2.943110167980194092e-01,2.334625571966171265e-01,2.893111705780029297e-01,-1.791602671146392822e-01,-1.081436723470687866e-01,-3.137686848640441895e-01,-5.291844159364700317e-02,2.465170919895172119e-01,1.095925644040107727e-01,-3.367705643177032471e-01,-8.217592537403106689e-02,3.783825337886810303e-01,4.612803459167480469e-01,-1.270009018480777740e-02,-1.106640398502349854e-01,-1.872609108686447144e-01,-3.015336096286773682e-01,-3.319609165191650391e-01,-1.495457161217927933e-02,-4.423349350690841675e-02,1.204936727881431580e-01,1.133311092853546143e-01,2.520979940891265869e-01,9.586256742477416992e-02,-2.151130512356758118e-02,-2.964673340320587158e-01,-3.337793946266174316e-01,-1.507476717233657837e-01,-2.427671402692794800e-01,-1.332834064960479736e-01,-1.367852091789245605e-01,3.740769997239112854e-02,-2.708098664879798889e-02,2.531092986464500427e-02,2.722871862351894379e-02,-1.559307128190994263e-01,-1.981609314680099487e-01,3.148222342133522034e-02,2.054832316935062408e-02,5.216857790946960449e-02,5.184290558099746704e-02,3.260225430130958557e-02,5.444119684398174286e-03,-2.076890170574188232e-01,-3.380065262317657471e-01,-8.296529948711395264e-02,-1.636085063219070435e-01,-2.257226780056953430e-02,-1.715868860483169556e-01,3.822610378265380859e-01,1.095824763178825378e-01,-1.048452630639076233e-01,7.657482754439115524e-03,9.659355878829956055e-02,2.591885030269622803e-01,2.348765544593334198e-02,-7.876988500356674194e-02,-1.634336113929748535e-01,-1.620186567306518555e-01,8.283171802759170532e-02,-4.184184595942497253e-02,5.624964833259582520e-02,9.292142093181610107e-02,5.391736328601837158e-02,-1.366673856973648071e-01,-1.348009556531906128e-01,-2.199519872665405273e-01,-7.547353208065032959e-02,1.503212552051991224e-04,1.633608154952526093e-02,-6.329705566167831421e-02,-2.696107923984527588e-01,-2.116729915142059326e-01,1.381924599409103394e-01,-8.477854542434215546e-03,4.673844575881958008e-02,-2.448442727327346802e-01,4.973527044057846069e-02,-2.077616751194000244e-01,2.008584886789321899e-01,-2.279859222471714020e-02,1.568702310323715210e-01,1.936806738376617432e-01,-8.685081452131271362e-02,-5.303643643856048584e-02,-2.658078372478485107e-01,-3.609225749969482422e-01,-8.682855963706970215e-02,-1.962349563837051392e-01,-1.596572995185852051e-02,-7.952677458524703979e-02,-1.895240694284439087e-01,-1.657976657152175903e-01,1.853116750717163086e-01,7.883628457784652710e-02,4.522270709276199341e-02,-1.396247744560241699e-01,-4.170928895473480225e-02,-3.782766684889793396e-02,-1.179016903042793274e-01,5.791516974568367004e-02,5.437777563929557800e-02,1.370504200458526611e-01,1.262101158499717712e-02,-9.216780215501785278e-02
4.203486070036888123e-02,1.467221379280090332e-01,2.777747809886932373e-01,-2.805332094430923462e-02,0.000000000000000000e+00,4.480812549591064453e-01,2.991792559623718262e-01,-2.300077676773071289e-01,1.742629110813140869e-01,-1.496254205703735352e-01,-2.953495644032955170e-02,-1.602975465357303619e-02,3.431281074881553650e-02,-1.017969399690628052e-01,2.146038860082626343e-01,4.415179789066314697e-01,-1.184037476778030396e-01,-1.908406019210815430e-01,1.518305838108062744e-01,9.975507110357284546e-02,2.731324434280395508e-01,2.663971781730651855e-01,-1.139364242553710938e-01,-1.066230759024620056e-01,3.901927266269922256e-03,4.562146663665771484e-01,4.725781977176666260e-01,4.649606347084045410e-01,-5.286559835076332092e-02,-7.789579033851623535e-02,3.817930817604064941e-01,3.275235295295715332e-01,1.566289961338043213e-01,-3.638728708028793335e-02,1.975445896387100220e-01,3.492645546793937683e-02,9.261284023523330688e-02,1.460762023925781250e-01,2.543731220066547394e-02,8.721843361854553223e-02,4.600630328059196472e-02,-5.161508917808532715e-03,-3.071385622024536133e-01,-3.109017610549926758e-01,-3.749999701976776123e-01,-3.682712912559509277e-01,-2.835844755172729492e-01,-2.692982554435729980e-01,-3.247317373752593994e-01,-3.160699307918548584e-01,-3.513789772987365723e-01,-2.607259750366210938e-01,-3.903542757034301758e-01,-3.312698304653167725e-01,2.313484810292720795e-02,-2.254423499107360840e-02,-5.967034772038459778e-02,-1.054266374558210373e-02,3.933019191026687622e-02,1.297815740108489990e-01,-2.133249342441558838e-01,1.122475638985633850e-01,-1.723398268222808838e-02,-1.323751211166381836e-01,5.517710745334625244e-02,-1.420806646347045898e-01,1.551539897918701172e-01,2.138701230287551880e-01,1.343036890029907227e-01,2.056818008422851562e-01,3.516435921192169189e-01,4.685958623886108398e-01,2.720668017864227295e-01,2.395258098840713501e-01,2.700398266315460205e-01,2.358762323856353760e-01,1.689850389957427979e-01,2.407556772232055664e-01,-2.718113958835601807e-01,6.356228142976760864e-02,-1.615986675024032593e-01,-4.706890508532524109e-02,-1.981975287199020386e-01,2.731198072433471680e-01,-2.196477502584457397e-01,-9.698333591222763062e-02,2.280118465423583984e-01,3.323512971401214600e-01,-2.881492376327514648e-01,1.352731287479400635e-01,-9.442992508411407471e-02,-8.372780680656433105e-02,6.715453416109085083e-02,-1.988361924886703491e-01,1.424572914838790894e-01,-2.471343725919723511e-01,-1.007913649082183838e-01,1.016213968396186829e-01,-2.922006510198116302e-02,9.491287916898727417e-02,9.978152066469192505e-02,1.053311973810195923e-01,3.201911151409149170e-01,4.063444733619689941e-01,7.775180041790008545e-02,1.635735332965850830e-01,3.325689136981964111e-01,3.521189093589782715e-01,3.757021576166152954e-02,-5.454329028725624084e-02,-3.635193407535552979e-02,-3.734448254108428955e-01,-3.671070039272308350e-01,-2.254504710435867310e-01,-2.382949590682983398e-01,1.186067089438438416e-01
-1.335862372070550919e-02,1.412066351622343063e-02,2.348156720399856567e-01,1.635723263025283813e-01,4.480812549591064453e-01,0.000000000000000000e+00,2.804510891437530518e-01,7.754971086978912354e-02,7.159299403429031372e-02,2.282714098691940308e-01,4.468702524900436401e-02,1.225844994187355042e-01,1.881309896707534790e-01,1.205335706472396851e-01,6.644400954246520996e-02,2.883306741714477539e-01,-3.751506656408309937e-02,-2.579591274261474609e-01,1.774378120899200439e-01,4.316446185111999512e-02,1.157279759645462036e-01,1.425208449363708496e-01,-4.974856041371822357e-03,6.522323936223983765e-02,-6.647179275751113892e-02,2.960267961025238037e-01,1.706042885780334473e-01,1.614488661289215088e-01,-8.379874378442764282e-02,6.385946180671453476e-03,2.550708949565887451e-01,1.835051178932189941e-01,5.560194328427314758e-02,1.280181705951690674e-01,-1.039279028773307800e-01,-1.552806198596954346e-01,-8.964685350656509399e-02,-5.097732320427894592e-02,-7.237499952316284180e-02,-6.829597055912017822e-02,-8.521365374326705933e-02,-1.897147744894027710e-01,-2.656714618206024170e-01,-2.028952091932296753e-01,-2.853080332279205322e-01,-2.598871886730194092e-01,-1.540486812591552734e-01,-2.355273663997650146e-01,-2.037018686532974243e-01,-1.536172777414321899e-01,-2.371787279844284058e-01,-1.754799634218215942e-01,-2.605720758438110352e-01,-1.554314494132995605e-01,-1.220834925770759583e-01,-7.634925842285156250e-02,-1.481416076421737671e-01,-1.731089651584625244e-01,-7.879824936389923096e-02,-3.992096707224845886e-02,-1.211876720190048218e-01,2.120605111122131348e-01,3.694793581962585449e-02,-9.669045358896255493e-02,-3.492232039570808411e-02,-3.258080035448074341e-02,-1.026947200298309326e-01,-6.594103574752807617e-02,-4.703008010983467102e-02,9.335952252149581909e-02,2.018135786056518555e-01,3.815366327762603760e-01,1.797570884227752686e-01,1.953625828027725220e-01,1.598159819841384888e-01,6.915805488824844360e-02,-6.010040640830993652e-02,2.904751338064670563e-02,-2.516877055168151855e-01,1.081593632698059082e-01,-2.124845981597900391e-01,-7.372789829969406128e-02,-3.067777752876281738e-01,1.379361152648925781e-01,-2.753495275974273682e-01,5.143607035279273987e-02,8.836042881011962891e-02,2.102417945861816406e-01,-2.677553892135620117e-01,1.203826069831848145e-01,-9.235768578946590424e-03,4.324132576584815979e-02,1.248356252908706665e-01,5.118951573967933655e-02,9.258124232292175293e-02,-9.131823480129241943e-02,-1.995790898799896240e-01,5.611795186996459961e-02,-2.317896857857704163e-02,3.515608608722686768e-02,1.454221904277801514e-01,2.695679068565368652e-01,1.881528198719024658e-01,2.065083384513854980e-01,3.660747781395912170e-02,1.644967496395111084e-01,1.812373995780944824e-01,2.045243680477142334e-01,1.005045101046562195e-01,-1.215614494867622852e-03,-6.528238952159881592e-02,-1.882449239492416382e-01,-1.550502777099609375e-01,-1.144072711467742920e-01,-1.069703102111816406e-01,1.131794899702072144e-01
5.281456559896469116e-02,2.203111052513122559e-01,5.945137143135070801e-01,2.462872266769409180e-01,2.991792559623718262e-01,2.804510891437530518e-01,0.000000000000000000e+00,1.927591115236282349e-01,-1.431109756231307983e-01,2.847776561975479126e-02,1.546636521816253662e-01,4.522886276245117188e-01,4.641652405261993408e-01,3.507714271545410156e-01,1.786276996135711670e-01,3.812655806541442871e-01,-9.458483755588531494e-02,-3.164808452129364014e-02,5.381205677986145020e-01,4.317801892757415771e-01,5.389586836099624634e-02,5.368851870298385620e-02,-1.804704219102859497e-01,-2.514314092695713043e-02,-4.373874664306640625e-01,1.979984343051910400e-01,1.601794064044952393e-01,1.298767030239105225e-01,4.810470715165138245e-02,-4.529984295368194580e-02,5.309328436851501465e-01,4.852321445941925049e-01,2.479473352432250977e-01,2.937543988227844238e-01,5.925764329731464386e-03,5.490522831678390503e-03,-2.645778283476829529e-02,-1.189242899417877197e-01,-6.184163969010114670e-03,1.349279045825824142e-04,-1.209670603275299072e-01,-4.158198088407516479e-02,-5.993611216545104980e-01,-4.608774483203887939e-01,-5.752798318862915039e-01,-6.422326564788818359e-01,-3.514948785305023193e-01,-4.887828826904296875e-01,-6.229897737503051758e-01,-5.991301536560058594e-01,-5.841252803802490234e-01,-5.576375722885131836e-01,-5.093567371368408203e-01,-6.091200113296508789e-01,-2.110569328069686890e-01,-2.202710807323455811e-01,-1.791374236345291138e-01,-1.951887458562850952e-01,-8.945570141077041626e-02,-1.739308796823024750e-02,1.491471976041793823e-01,2.838487625122070312e-01,3.207303583621978760e-01,-1.328941341489553452e-02,2.018826268613338470e-02,-2.872775197029113770e-01,7.577946409583091736e-03,1.427902374416589737e-02,-1.407940685749053955e-01,-1.926306076347827911e-02,4.672060906887054443e-01,5.635783672332763672e-01,3.653365075588226318e-01,3.602799475193023682e-01,1.103840246796607971e-01,1.436250060796737671e-01,2.408121228218078613e-01,1.857237219810485840e-01,-2.263600081205368042e-01,-1.021059378981590271e-01,-3.236614167690277100e-01,-2.830248177051544189e-01,-4.354755282402038574e-01,2.245253622531890869e-01,-2.404111176729202271e-01,-3.160741329193115234e-01,1.349799484014511108e-01,2.441896498203277588e-01,-2.572407424449920654e-01,-1.281261295080184937e-01,9.637075662612915039e-02,-8.831989020109176636e-02,4.676736891269683838e-01,-1.685066968202590942e-01,5.530493333935737610e-02,-3.712593615055084229e-01,-2.758190929889678955e-01,1.501242667436599731e-01,4.308532550930976868e-02,1.738595813512802124e-01,4.757315516471862793e-01,1.763237863779067993e-01,4.542864561080932617e-01,5.320027470588684082e-01,-2.048858068883419037e-02,-3.962923586368560791e-02,3.719358146190643311e-01,4.844610095024108887e-01,-9.763911366462707520e-02,-3.229167312383651733e-02,-2.073927521705627441e-01,-4.288267493247985840e-01,-4.194348156452178955e-01,-4.631373584270477295e-01,-2.777137756347656250e-01,-1.505668610334396362e-01
-3.638079464435577393e-01,-2.628730535507202148e-01,1.462619006633758545e-01,5.234324932098388672e-01,-2.300077676773071289e-01,7.754971086978912354e-02,1.927591115236282349e-01,0.000000000000000000e+00,2.871559858322143555e-01,4.518697261810302734e-01,2.442730814218521118e-01,5.557528734207153320e-01,3.707869350910186768e-01,5.583559274673461914e-01,-1.306570768356323242e-01,-3.823100030422210693e-01,-2.552235424518585205e-01,6.657634675502777100e-02,8.917494118213653564e-02,5.411245673894882202e-02,-3.324448168277740479e-01,-1.931968480348587036e-01,5.049138665199279785e-01,3.196367919445037842e-01,-6.667062640190124512e-02,-4.272332787513732910e-01,-4.920771420001983643e-01,-5.248559117317199707e-01,-1.846667081117630005e-01,1.288387626409530640e-01,-1.514045447111129761e-01,4.386676009744405746e-03,3.008103929460048676e-02,2.840858995914459229e-01,-1.628772914409637451e-01,-1.484810113906860352e-01,-2.980487942695617676e-01,-4.368328750133514404e-01,-1.260140091180801392e-01,-3.506879508495330811e-01,-1.312142610549926758e-01,-1.390972435474395752e-01,7.334936410188674927e-02,-3.111074492335319519e-02,1.842653155326843262e-01,9.919573366641998291e-02,-6.145998463034629822e-02,-1.101797297596931458e-01,1.156500056385993958e-01,1.388774067163467407e-01,2.237407118082046509e-01,8.124349266290664673e-02,3.294362425804138184e-01,1.265503168106079102e-01,-2.460287809371948242e-01,-5.288475155830383301e-01,-3.682753443717956543e-01,-4.183266460895538330e-01,-3.204075396060943604e-01,-3.005213737487792969e-01,3.559724986553192139e-01,1.810531467199325562e-01,6.758654117584228516e-02,1.885316520929336548e-01,1.097867861390113831e-01,1.830623000860214233e-01,-2.537319064140319824e-01,-3.634607195854187012e-01,-4.592218101024627686e-01,-4.344447851181030273e-01,1.313395053148269653e-01,-1.938557624816894531e-01,1.083218753337860107e-01,2.296573370695114136e-01,9.632387757301330566e-02,-7.688421756029129028e-02,-1.176170930266380310e-01,-3.264558017253875732e-01,1.112004444003105164e-01,-5.818177014589309692e-02,1.332474797964096069e-01,-2.699856758117675781e-01,-1.274817734956741333e-01,-4.152426421642303467e-01,3.196468949317932129e-01,-1.306975185871124268e-01,-8.599153906106948853e-02,-5.182887315750122070e-01,2.461943179368972778e-01,-4.928139746189117432e-01,4.859392046928405762e-01,-7.949875725898891687e-05,2.955438494682312012e-01,8.755534142255783081e-02,-1.839204430580139160e-01,-1.121673583984375000e-01,-2.881384789943695068e-01,-4.923215508460998535e-01,-8.039811253547668457e-02,-1.555019468069076538e-01,-1.129328273236751556e-02,-3.175467550754547119e-01,-3.403372466564178467e-01,-4.199928343296051025e-01,8.420611172914505005e-02,-1.226491108536720276e-01,-4.044755175709724426e-02,-3.629372119903564453e-01,-1.031772345304489136e-01,-6.193578988313674927e-02,-3.619520664215087891e-01,9.368935972452163696e-02,2.344345599412918091e-01,2.931776344776153564e-01,2.074111700057983398e-01,1.177414041012525558e-02
-3.212140202522277832e-01,-3.601007163524627686e-01,-1.005523204803466797e-01,1.611615419387817383e-01,1.742629110813140869e-01,7.159299403429031372e-02,-1.431109756231307983e-01,2.871559858322143555e-01,0.000000000000000000e+00,2.661311924457550049e-01,3.303082883358001709e-01,1.817911714315414429e-01,2.927143275737762451e-01,8.590414375066757202e-02,1.731454394757747650e-02,-1.928984820842742920e-01,-1.853893548250198364e-01,-2.126270383596420288e-01,-1.830122470855712891e-01,-2.121795713901519775e-01,-1.894025318324565887e-02,5.114006251096725464e-02,5.850091576576232910e-01,9.603276848793029785e-02,2.276335805654525757e-01,-2.138371020555496216e-01,-2.845760285854339600e-01,-1.286746859550476074e-01,-1.858170330524444580e-01,2.134967595338821411e-02,-1.805812269449234009e-01,-1.351440548896789551e-01,7.449860870838165283e-02,-1.004762127995491028e-01,-6.960761547088623047e-02,-1.111735627055168152e-01,1.569600775837898254e-02,3.953556716442108154e-02,-1.127355545759201050e-02,-1.094112172722816467e-01,1.620412617921829224e-01,6.782959215342998505e-03,2.302153110504150391e-01,-3.361989185214042664e-02,3.049798607826232910e-01,2.513186037540435791e-01,-2.270791381597518921e-01,-5.011119414120912552e-03,2.818069756031036377e-01,3.264992237091064453e-01,2.869874835014343262e-01,3.375212550163269043e-01,2.221712321043014526e-01,3.945439159870147705e-01,-2.400813698768615723e-01,-3.184194564819335938e-01,-3.139217495918273926e-01,-2.176035642623901367e-01,-3.300964534282684326e-01,-3.297735750675201416e-01,2.674490399658679962e-02,2.851120941340923309e-02,-1.125063076615333557e-01,3.622789680957794189e-02,1.397067159414291382e-01,3.112045824527740479e-01,-3.741036653518676758e-01,-4.279898703098297119e-01,-2.339506596326828003e-01,-3.217490017414093018e-01,6.397565454244613647e-02,-9.396397322416305542e-02,5.569674819707870483e-02,3.293071314692497253e-02,1.407082974910736084e-01,5.948232486844062805e-02,-1.559415459632873535e-01,-2.002725154161453247e-01,-8.031499572098255157e-03,1.329996585845947266e-01,1.084762886166572571e-01,1.104348897933959961e-01,6.171640125103294849e-04,-2.748104929924011230e-01,8.005706965923309326e-02,2.225052714347839355e-01,-1.079704761505126953e-01,-2.784875333309173584e-01,4.631018638610839844e-02,-3.035175241529941559e-02,2.633330821990966797e-01,1.964577287435531616e-01,-3.116175346076488495e-02,2.667060494422912598e-01,-1.580767035484313965e-01,-2.862651087343692780e-02,-1.692470312118530273e-01,-4.283546507358551025e-01,-2.290252298116683960e-01,-1.565415263175964355e-01,-4.046628177165985107e-01,-2.256994396448135376e-01,-4.537478089332580566e-01,-4.229565858840942383e-01,4.260665550827980042e-02,7.522840797901153564e-02,-2.100970894098281860e-01,-4.068087041378021240e-01,-1.549731381237506866e-02,-1.169939059764146805e-02,-1.023887768387794495e-01,4.065130278468132019e-02,1.788553744554519653e-01,4.398290216922760010e-01,1.742090880870819092e-01,1.162563711404800415e-01
-2.361042350530624390e-01,-2.979818582534790039e-01,-7.592616975307464600e-02,1.724421679973602295e-01,-1.496254205703735352e-01,2.282714098691940308e-01,2.847776561975479126e-02,4.518697261810302734e-01,2.661311924457550049e-01,0.000000000000000000e+00,1.555071771144866943e-01,1.748448014259338379e-01,2.406576275825500488e-01,1.895310878753662109e-01,-1.318307220935821533e-01,-1.309896260499954224e-01,-7.132068276405334473e-02,-1.608160883188247681e-01,-2.776821330189704895e-02,-7.499305903911590576e-02,-2.655479609966278076e-01,-1.606942415237426758e-01,3.943477869033813477e-01,8.695438504219055176e-02,-5.099487677216529846e-02,-4.002194702625274658e-01,-3.599697649478912354e-01,-3.052662611007690430e-01,-1.420640945434570312e-01,5.644540861248970032e-02,-2.746750414371490479e-01,-2.267219722270965576e-01,-1.546166539192199707e-01,8.323945105075836182e-02,-2.605580389499664307e-01,-2.211744785308837891e-01,-2.778099179267883301e-01,-2.557510137557983398e-01,-2.070588618516921997e-01,-2.734751403331756592e-01,-2.065717726945877075e-01,-2.578592896461486816e-01,4.917781427502632141e-02,-2.138201706111431122e-02,1.093841418623924255e-01,1.467502564191818237e-01,1.793791772797703743e-03,-3.752746433019638062e-02,2.321817725896835327e-01,2.591275870800018311e-01,2.632211148738861084e-01,2.487957328557968140e-01,2.811016440391540527e-01,2.834077775478363037e-01,-1.955873221158981323e-01,-1.969621330499649048e-01,-2.762554883956909180e-01,-2.630015909671783447e-01,-2.248545885086059570e-01,-2.156048864126205444e-01,2.033403366804122925e-01,1.195472106337547302e-01,3.679938986897468567e-02,-7.468290627002716064e-02,1.358606666326522827e-01,2.631084620952606201e-01,-2.941487729549407959e-01,-4.126605987548828125e-01,-2.829138338565826416e-01,-3.053121566772460938e-01,-1.080518141388893127e-01,-2.045155912637710571e-01,-8.795957267284393311e-02,-1.264316141605377197e-01,-3.653859952464699745e-03,-4.404447227716445923e-02,-2.395949661731719971e-01,-2.969293594360351562e-01,1.723020523786544800e-01,1.735604740679264069e-02,6.048515439033508301e-02,1.744966581463813782e-02,-4.024067893624305725e-02,-2.229573279619216919e-01,1.466249078512191772e-01,1.735407859086990356e-01,-1.806517541408538818e-01,-1.979281455278396606e-01,1.332437619566917419e-02,-3.669905290007591248e-02,1.836670339107513428e-01,1.196175217628479004e-01,1.059214398264884949e-01,1.639053076505661011e-01,-1.162513196468353271e-01,4.655409231781959534e-02,-2.313241362571716309e-01,-2.961965203285217285e-01,-2.351913005113601685e-01,-2.495132535696029663e-01,-2.135697156190872192e-01,-7.814084738492965698e-02,-3.268665671348571777e-01,-4.169028401374816895e-01,-1.873991638422012329e-01,-1.678828001022338867e-01,-1.833359897136688232e-01,-3.546456992626190186e-01,5.534127727150917053e-02,2.304770238697528839e-02,-2.542722523212432861e-01,4.838003963232040405e-02,1.537496298551559448e-01,2.699516117572784424e-01,2.642710208892822266e-01,-1.768594980239868164e-02
-1.971944570541381836e-01,-1.259220540523529053e-01,2.634838409721851349e-02,-4.632799420505762100e-03,-2.953495644032955170e-02,4.468702524900436401e-02,1.546636521816253662e-01,2.442730814218521118e-01,3.303082883358001709e-01,1.555071771144866943e-01,0.000000000000000000e+00,4.553296267986297607e-01,6.145657896995544434e-01,3.233927786350250244e-01,2.823784947395324707e-01,-4.670850187540054321e-02,-3.567803278565406799e-02,-7.066182792186737061e-02,9.170003235340118408e-02,4.463855549693107605e-02,-5.130077153444290161e-02,-1.956860125064849854e-01,2.671881616115570068e-01,-1.189822796732187271e-02,-5.187588557600975037e-02,-7.983259111642837524e-02,-2.241047173738479614e-01,-2.550796568393707275e-01,2.205045223236083984e-01,1.045779809355735779e-01,9.114319086074829102e-02,-1.240859087556600571e-02,1.903896480798721313e-01,9.018807113170623779e-02,-1.159271374344825745e-01,-4.256706684827804565e-02,-1.476425095461308956e-03,2.692072838544845581e-02,7.566026411950588226e-03,-1.532064564526081085e-02,-2.660851459950208664e-03,-5.391026288270950317e-02,-4.103565216064453125e-02,-8.957199752330780029e-02,-4.842856153845787048e-02,-1.207476183772087097e-01,-2.582787871360778809e-01,-1.916086226701736450e-01,-9.506986290216445923e-02,-9.193538129329681396e-02,-9.931925684213638306e-02,-5.201380327343940735e-02,-1.274875849485397339e-01,6.287753116339445114e-03,-4.163416624069213867e-01,-3.933627307415008545e-01,-3.113240301609039307e-01,-2.270751595497131348e-01,-3.247799277305603027e-01,-2.437615990638732910e-01,1.077637299895286560e-01,2.631286084651947021e-01,2.907711863517761230e-01,8.892139047384262085e-02,1.161776483058929443e-01,7.212327793240547180e-03,-4.017575979232788086e-01,-3.726327121257781982e-01,-3.388204574584960938e-01,-3.170345127582550049e-01,1.825982034206390381e-01,1.240523830056190491e-01,2.883640527725219727e-01,1.833668053150177002e-01,1.696805953979492188e-01,2.003079503774642944e-01,1.035351455211639404e-01,8.860626071691513062e-02,1.140771731734275818e-01,6.840149313211441040e-02,-5.035422742366790771e-03,-2.029832303524017334e-01,-2.103181928396224976e-02,-1.967408210039138794e-01,-5.322289839386940002e-02,2.809783630073070526e-02,-7.973588258028030396e-02,-1.287482529878616333e-01,-8.726441115140914917e-02,-6.465702503919601440e-02,1.276770085096359253e-01,1.496763527393341064e-01,1.437784731388092041e-01,7.474007457494735718e-02,-2.895915135741233826e-02,-5.535239726305007935e-02,-1.513592246919870377e-02,1.127642113715410233e-02,-6.356639415025711060e-02,6.020154338330030441e-03,-1.167292892932891846e-01,-1.470698565244674683e-01,-9.440933167934417725e-02,-1.292107105255126953e-01,-2.459263503551483154e-01,-1.929457783699035645e-01,-7.148866355419158936e-02,-6.666854768991470337e-02,-1.229347139596939087e-01,1.061352640390396118e-01,-1.678029745817184448e-01,8.668705075979232788e-02,1.702153868973255157e-02,6.991545855998992920e-02,2.164405770599842072e-02,-6.790370494127273560e-02
-3.381253778934478760e-01,-1.444772630929946899e-01,1.903512030839920044e-01,2.943110167980194092e-01,-1.602975465357303619e-02,1.225844994187355042e-01,4.522886276245117188e-01,5.557528734207153320e-01,1.817911714315414429e-01,1.748448014259338379e-01,4.553296267986297607e-01,0.000000000000000000e+00,5.373127460479736328e-01,6.587245464324951172e-01,6.741569191217422485e-02,-1.640080660581588745e-02,-1.774964779615402222e-01,6.579730659723281860e-02,3.460576236248016357e-01,2.120805531740188599e-01,-1.139568910002708435e-01,-3.698384761810302734e-02,1.956881433725357056e-01,-1.730864681303501129e-02,-3.532715439796447754e-01,-2.030829489231109619e-01,-2.312095761299133301e-01,-2.433432936668395996e-01,5.077204853296279907e-02,2.142659276723861694e-01,1.948468685150146484e-01,1.452329009771347046e-01,1.937119364738464355e-01,1.802239567041397095e-01,-1.184912919998168945e-01,-7.481600344181060791e-02,-1.563061922788619995e-01,-2.560386657714843750e-01,3.194702789187431335e-02,-1.677899509668350220e-01,-7.972118258476257324e-02,-8.109724521636962891e-02,-2.372859865427017212e-01,-2.671222686767578125e-01,-1.847547441720962524e-01,-3.022297024726867676e-01,-2.078874111175537109e-01,-2.872131764888763428e-01,-2.282887846231460571e-01,-2.025991529226303101e-01,-1.896881312131881714e-01,-2.094941884279251099e-01,-1.227828785777091980e-01,-1.790497899055480957e-01,-3.069216907024383545e-01,-4.344242513179779053e-01,-4.665273725986480713e-01,-4.364521205425262451e-01,-2.639483511447906494e-01,-1.171820461750030518e-01,2.476787567138671875e-01,4.496724307537078857e-01,2.388247996568679810e-01,3.025447428226470947e-01,-6.258797645568847656e-02,-7.860971242189407349e-02,-2.762965261936187744e-01,-2.814664542675018311e-01,-5.078867673873901367e-01,-4.239501655101776123e-01,2.422973066568374634e-01,1.723233461380004883e-01,2.650679647922515869e-01,4.020272195339202881e-01,1.532658785581588745e-01,1.017520129680633545e-01,1.626785658299922943e-02,-7.431270927190780640e-02,-7.028193771839141846e-02,6.163806468248367310e-02,-8.935477584600448608e-02,-3.321733772754669189e-01,-2.857562601566314697e-01,-1.840167194604873657e-01,-2.186547964811325073e-03,-1.822017282247543335e-01,-1.544052734971046448e-03,-1.529181003570556641e-01,2.913008444011211395e-02,-2.925612926483154297e-01,3.682693541049957275e-01,8.227010071277618408e-02,4.431740343570709229e-01,2.578481100499629974e-02,1.914856582880020142e-02,-2.104522585868835449e-01,-2.223307937383651733e-01,-1.913256347179412842e-01,1.502721309661865234e-01,1.893450617790222168e-01,1.633881628513336182e-01,-8.325044810771942139e-02,8.535624481737613678e-03,4.269488155841827393e-02,4.668607562780380249e-02,-2.876094169914722443e-02,2.406250834465026855e-01,1.113562658429145813e-01,-8.228632807731628418e-02,-3.163941204547882080e-02,-2.130087316036224365e-01,-1.277375817298889160e-01,-6.721077114343643188e-02,-5.920738354325294495e-02,-1.466031093150377274e-02,3.013320453464984894e-02
-1.003805622458457947e-01,-5.972917005419731140e-02,2.702634930610656738e-01,2.334625571966171265e-01,3.431281074881553650e-02,1.881309896707534790e-01,4.641652405261993408e-01,3.707869350910186768e-01,2.927143275737762451e-01,2.406576275825500488e-01,6.145657896995544434e-01,5.373127460479736328e-01,0.000000000000000000e+00,4.961867332458496094e-01,2.672216594219207764e-01,3.449550271034240723e-02,-1.937552839517593384e-01,-1.565866023302078247e-01,3.706454634666442871e-01,2.362999767065048218e-01,-6.783426553010940552e-02,-1.212623640894889832e-01,2.517959475517272949e-01,1.383680999279022217e-01,-1.273315697908401489e-01,-1.931892894208431244e-02,-2.273725420236587524e-01,-2.529583871364593506e-01,2.799002639949321747e-02,-5.097699165344238281e-02,1.987730562686920166e-01,1.752312183380126953e-01,2.280212193727493286e-01,2.327071875333786011e-01,-1.467625796794891357e-01,-5.277834087610244751e-02,7.387209334410727024e-04,-6.742851436138153076e-02,-5.393955111503601074e-02,-2.074367133900523186e-03,-1.413846295326948166e-02,-2.681484259665012360e-02,-2.624983489513397217e-01,-3.071199357509613037e-01,-1.705020070075988770e-01,-2.571292519569396973e-01,-3.637627661228179932e-01,-3.175754249095916748e-01,-2.302634268999099731e-01,-1.994354575872421265e-01,-2.218354940414428711e-01,-1.833315044641494751e-01,-2.086735516786575317e-01,-1.511017233133316040e-01,-4.543505311012268066e-01,-3.653397858142852783e-01,-2.628862857818603516e-01,-2.650040388107299805e-01,-3.267460167407989502e-01,-2.594057023525238037e-01,2.118521779775619507e-01,2.321957200765609741e-01,3.130231797695159912e-01,3.642062470316886902e-02,1.247705146670341492e-01,9.067584760487079620e-03,-3.340707421302795410e-01,-3.625800609588623047e-01,-3.548436164855957031e-01,-3.083610236644744873e-01,3.169606328010559082e-01,2.836772203445434570e-01,2.877668440341949463e-01,1.813595294952392578e-01,1.351985335350036621e-01,1.245095506310462952e-01,1.743203103542327881e-01,9.112474322319030762e-02,-3.378326445817947388e-02,-7.233862578868865967e-02,-1.447540968656539917e-01,-2.059563696384429932e-01,-2.045799940824508667e-01,-1.589538156986236572e-01,-2.088518440723419189e-02,-5.158751457929611206e-02,-2.797931060194969177e-02,-8.138020336627960205e-02,-1.138840392231941223e-01,-1.384695768356323242e-01,2.335002124309539795e-01,1.600377708673477173e-01,2.665195167064666748e-01,1.340414881706237793e-01,-1.613060832023620605e-01,-2.318059802055358887e-01,-2.219479084014892578e-01,-5.766566842794418335e-02,-8.312083780765533447e-02,-2.418397367000579834e-02,1.063547506928443909e-01,-1.391902193427085876e-02,-1.104750577360391617e-02,1.101387664675712585e-02,-1.888386905193328857e-01,-1.740158200263977051e-01,2.478991635143756866e-02,2.809108234941959381e-02,-1.901479810476303101e-01,4.569666087627410889e-02,-2.344884574413299561e-01,-1.082185730338096619e-01,-1.522756218910217285e-01,-1.131219863891601562e-01,-8.933122456073760986e-02,-1.365564018487930298e-01
