0.000000000000000000e+00,8.634672164916992188e-01,7.738023996353149414e-01,7.245400547981262207e-01,3.444560468196868896e-01,3.407641649246215820e-01,7.595760822296142578e-01,7.168174982070922852e-01,3.006693422794342041e-01,3.014568984508514404e-01,5.583224892616271973e-01,6.281346082687377930e-01,4.074003994464874268e-01,4.113026559352874756e-01,2.766803139820694923e-03,7.613439112901687622e-02,-2.525812685489654541e-01,-2.844730913639068604e-01,7.755473852157592773e-01,8.380533456802368164e-01,-1.284980177879333496e-01,3.963894024491310120e-02,6.217092275619506836e-01,5.769253373146057129e-01,2.033704668283462524e-01,2.523964643478393555e-01,1.032754853367805481e-01,2.884728014469146729e-01,-3.107374906539916992e-01,-4.440877735614776611e-01,4.478306174278259277e-01,3.940769135951995850e-01,7.111940979957580566e-01,7.313335537910461426e-01,-1.392921358346939087e-01,-3.295612633228302002e-01,-7.518167495727539062e-01,-7.653301358222961426e-01,-3.597799539566040039e-01,-1.455609500408172607e-01,-2.996926307678222656e-01,-1.988587379455566406e-01,-6.612405180931091309e-01,-6.009006500244140625e-01,-5.084960460662841797e-01,-4.131710529327392578e-01,-7.221505045890808105e-01,-6.210051178932189941e-01,-4.622811079025268555e-01,-4.420289397239685059e-01,-6.333864927291870117e-01,-6.466925144195556641e-01,-6.277283430099487305e-01,-4.087026119232177734e-01,-2.539900839328765869e-01,-4.042203426361083984e-01,8.416572809219360352e-01,7.823269367218017578e-01,6.788474321365356445e-01,3.956833779811859131e-01,6.481033563613891602e-01,3.899374306201934814e-01,6.328812241554260254e-02,2.182765305042266846e-01,-1.153725236654281616e-01,-2.605099081993103027e-01,3.775703608989715576e-01,-2.684635110199451447e-02,8.210361599922180176e-01,5.012453198432922363e-01,4.104688167572021484e-01,3.814222216606140137e-01,5.144790932536125183e-02,-7.955540716648101807e-02,5.457229539752006531e-02,4.276355612091720104e-04,-1.830068826675415039e-01,-1.725769042968750000e-01,-2.496890723705291748e-01,7.134497165679931641e-02,-2.527383267879486084e-01,-5.064295530319213867e-01,-3.529479503631591797e-01,-3.030659258365631104e-01,-5.413133502006530762e-01,-6.866636872291564941e-01,-1.676952689886093140e-01,-7.951563596725463867e-02,-4.241704642772674561e-01,-3.804397583007812500e-01,-5.794498324394226074e-01,-4.668672680854797363e-01,-5.111574530601501465e-01,-4.149277806282043457e-01,-5.164601802825927734e-01,-3.631869256496429443e-01,-7.021399140357971191e-01,-6.388979554176330566e-01,-6.768363118171691895e-01,-6.480903029441833496e-01,-5.141250491142272949e-01,-2.440585941076278687e-01,-4.821234345436096191e-01,-3.471521735191345215e-01,-4.842991828918457031e-01,-4.650727510452270508e-01,-2.291229367256164551e-01,-2.925891280174255371e-01,-7.105801999568939209e-02,-6.091233491897583008e-01,-7.136803269386291504e-01,-7.102873325347900391e-01,-6.514796018600463867e-01,-5.862635970115661621e-01,-5.433574914932250977e-01,-4.221180379390716553e-01
8.634672164916992188e-01,0.000000000000000000e+00,7.314803600311279297e-01,7.396829724311828613e-01,3.063753545284271240e-01,3.054174482822418213e-01,7.017090916633605957e-01,7.162426710128784180e-01,2.722215652465820312e-01,2.795434296131134033e-01,4.945035576820373535e-01,6.334928870201110840e-01,3.212693035602569580e-01,3.952250182628631592e-01,-4.655594378709793091e-02,6.724888086318969727e-02,-2.838277518749237061e-01,-2.722317874431610107e-01,7.725483179092407227e-01,8.329593539237976074e-01,-1.339111328125000000e-01,5.325323343276977539e-02,6.071023344993591309e-01,5.684362053871154785e-01,2.238852828741073608e-01,2.576234042644500732e-01,1.121011674404144287e-01,2.878923416137695312e-01,-4.098407924175262451e-01,-4.684765338897705078e-01,4.173734486103057861e-01,3.569101989269256592e-01,7.044007778167724609e-01,7.270303964614868164e-01,-1.162400618195533752e-01,-2.688564062118530273e-01,-7.471343874931335449e-01,-7.392756938934326172e-01,-3.672485053539276123e-01,-1.089877039194107056e-01,-3.320861160755157471e-01,-1.719599068164825439e-01,-6.986853480339050293e-01,-6.135647892951965332e-01,-5.110158324241638184e-01,-4.121927618980407715e-01,-7.379317879676818848e-01,-5.679414272308349609e-01,-4.784542322158813477e-01,-4.282940328121185303e-01,-6.711155772209167480e-01,-6.476885080337524414e-01,-6.087401509284973145e-01,-3.375853896141052246e-01,-2.573898732662200928e-01,-3.597041070461273193e-01,8.323156237602233887e-01,8.585233092308044434e-01,6.754651069641113281e-01,4.520650804042816162e-01,6.447485089302062988e-01,4.915321767330169678e-01,1.572984084486961365e-02,2.898686826229095459e-01,-9.825711697340011597e-02,-2.056410759687423706e-01,4.120858311653137207e-01,3.770525753498077393e-02,8.418943881988525391e-01,5.822814702987670898e-01,3.918623328208923340e-01,3.766837716102600098e-01,-2.019453980028629303e-02,-9.552592784166336060e-02,6.322510540485382080e-02,3.691135346889495850e-02,-2.151572853326797485e-01,-1.736300587654113770e-01,-3.054582774639129639e-01,1.028668507933616638e-01,-2.835755944252014160e-01,-4.680345952510833740e-01,-4.024942815303802490e-01,-2.746559977531433105e-01,-5.664175152778625488e-01,-6.394147276878356934e-01,-1.716130822896957397e-01,-6.434132158756256104e-02,-4.168218076229095459e-01,-3.547579050064086914e-01,-5.543476939201354980e-01,-3.994982242584228516e-01,-5.370683073997497559e-01,-4.350131452083587646e-01,-5.618939995765686035e-01,-4.169385433197021484e-01,-7.165752649307250977e-01,-6.659782528877258301e-01,-6.666342616081237793e-01,-6.360020637512207031e-01,-5.405392050743103027e-01,-2.453632056713104248e-01,-4.907161891460418701e-01,-3.566221594810485840e-01,-4.811615943908691406e-01,-4.684109389781951904e-01,-2.279766947031021118e-01,-2.556031644344329834e-01,-5.344141274690628052e-02,-6.048986911773681641e-01,-7.170907855033874512e-01,-7.248175740242004395e-01,-6.486744880676269531e-01,-6.006615161895751953e-01,-5.507272481918334961e-01,-3.899283111095428467e-01
7.738023996353149414e-01,7.314803600311279297e-01,0.000000000000000000e+00,8.469071388244628906e-01,3.786011636257171631e-01,3.469236493110656738e-01,8.608982563018798828e-01,8.450261354446411133e-01,3.887203335762023926e-01,3.914114832878112793e-01,5.566386580467224121e-01,6.588991284370422363e-01,4.583668708801269531e-01,5.292717814445495605e-01,7.147426158189773560e-02,1.827927380800247192e-01,-3.457995951175689697e-01,-3.711317777633666992e-01,7.153965830802917480e-01,7.729634642601013184e-01,-2.781302109360694885e-02,1.537621766328811646e-01,8.244833350181579590e-01,7.846264839172363281e-01,3.275956809520721436e-01,3.768261969089508057e-01,1.667861789464950562e-01,3.337040543556213379e-01,-2.626003324985504150e-01,-3.530142903327941895e-01,5.775561928749084473e-01,5.367424488067626953e-01,5.845246911048889160e-01,5.882364511489868164e-01,-3.016083836555480957e-01,-4.526400566101074219e-01,-6.184499859809875488e-01,-6.449882984161376953e-01,-1.790962815284729004e-01,-2.229722402989864349e-02,-2.547911703586578369e-01,-1.452226191759109497e-01,-6.358481049537658691e-01,-5.956343412399291992e-01,-6.208928823471069336e-01,-5.642945170402526855e-01,-6.812077760696411133e-01,-6.124956011772155762e-01,-5.724564194679260254e-01,-5.755398273468017578e-01,-6.792301535606384277e-01,-7.130814790725708008e-01,-5.654456019401550293e-01,-3.708879351615905762e-01,-1.868083328008651733e-01,-3.355853855609893799e-01,6.174044013023376465e-01,5.882241725921630859e-01,3.327370584011077881e-01,1.530868411064147949e-01,3.821518421173095703e-01,1.744134724140167236e-01,-1.500760614871978760e-01,-3.367070853710174561e-02,-3.231627047061920166e-01,-3.834733068943023682e-01,8.929044008255004883e-02,-3.135961890220642090e-01,6.584210395812988281e-01,2.408013641834259033e-01,4.763461053371429443e-01,4.029091000556945801e-01,-4.506759345531463623e-02,-1.151332780718803406e-01,1.006423030048608780e-02,-1.575818052515387535e-03,-2.377970814704895020e-01,-1.816025078296661377e-01,-2.200203984975814819e-01,1.286924928426742554e-01,-2.746438384056091309e-01,-4.913660883903503418e-01,-2.789473533630371094e-01,-2.393542081117630005e-01,-5.991523861885070801e-01,-6.219084262847900391e-01,-1.104837805032730103e-01,2.893952839076519012e-02,-3.070634901523590088e-01,-2.903007864952087402e-01,-3.922454714775085449e-01,-3.339535593986511230e-01,-3.256919085979461670e-01,-2.529384195804595947e-01,-4.305291175842285156e-01,-3.341095745563507080e-01,-6.170361042022705078e-01,-5.585933327674865723e-01,-5.732564330101013184e-01,-5.456399917602539062e-01,-4.307174086570739746e-01,-1.608749032020568848e-01,-3.896551728248596191e-01,-3.661783337593078613e-01,-3.640395402908325195e-01,-3.173477649688720703e-01,-1.436240673065185547e-01,-2.296991348266601562e-01,-2.159404009580612183e-02,-4.783522486686706543e-01,-6.654100418090820312e-01,-5.741065740585327148e-01,-4.845311045646667480e-01,-4.975709915161132812e-01,-4.161247313022613525e-01,-3.530342876911163330e-01
7.245400547981262207e-01,7.396829724311828613e-01,8.469071388244628906e-01,0.000000000000000000e+00,3.444940745830535889e-01,2.149357199668884277e-01,8.339088559150695801e-01,8.462448120117187500e-01,2.920987904071807861e-01,3.622861206531524658e-01,4.892079830169677734e-01,5.572791695594787598e-01,3.272364139556884766e-01,4.877676963806152344e-01,-1.205080188810825348e-02,1.629374325275421143e-01,-2.990277707576751709e-01,-4.685330986976623535e-01,7.847176194190979004e-01,7.636971473693847656e-01,-5.009218305349349976e-02,6.698106229305267334e-02,8.157747387886047363e-01,8.155356049537658691e-01,2.700690925121307373e-01,2.877942919731140137e-01,4.755878075957298279e-02,2.722600698471069336e-01,-3.590928316116333008e-01,-4.153201878070831299e-01,5.460911989212036133e-01,4.443503022193908691e-01,5.772449970245361328e-01,5.833252668380737305e-01,-2.614217400550842285e-01,-3.586674332618713379e-01,-5.971760749816894531e-01,-6.388754248619079590e-01,-2.384504526853561401e-01,-1.035878732800483704e-01,-4.002315402030944824e-01,-2.112415432929992676e-01,-6.428200006484985352e-01,-6.001490354537963867e-01,-6.249131560325622559e-01,-5.705497860908508301e-01,-6.483600139617919922e-01,-4.792975783348083496e-01,-5.784379839897155762e-01,-5.615687966346740723e-01,-6.721582412719726562e-01,-6.966933012008666992e-01,-4.704189002513885498e-01,-1.902764588594436646e-01,-1.229634135961532593e-01,-2.391985952854156494e-01,5.451502799987792969e-01,5.379713773727416992e-01,3.438332974910736084e-01,2.749848663806915283e-01,4.533715248107910156e-01,2.857517898082733154e-01,-2.906088232994079590e-01,1.554233301430940628e-02,-3.310471177101135254e-01,-3.812757432460784912e-01,9.028455615043640137e-02,-3.287791013717651367e-01,6.941879391670227051e-01,3.764453232288360596e-01,5.084376335144042969e-01,4.522007107734680176e-01,-8.506629616022109985e-02,-1.663509458303451538e-01,1.439948379993438721e-01,1.003108769655227661e-01,-2.327713519334793091e-01,-1.491126865148544312e-01,-1.776138544082641602e-01,2.272197008132934570e-01,-2.477823942899703979e-01,-4.831924140453338623e-01,-3.289695978164672852e-01,-2.319742590188980103e-01,-5.934984683990478516e-01,-5.410719513893127441e-01,-2.541528642177581787e-01,-4.193891584873199463e-02,-3.143381774425506592e-01,-2.448484748601913452e-01,-3.140543103218078613e-01,-1.555949300527572632e-01,-3.261275887489318848e-01,-2.161251008510589600e-01,-4.429213404655456543e-01,-3.204431831836700439e-01,-5.925048589706420898e-01,-5.536718964576721191e-01,-5.019795894622802734e-01,-4.387289583683013916e-01,-4.392347037792205811e-01,-1.774577051401138306e-01,-3.971031606197357178e-01,-3.749047517776489258e-01,-3.037436902523040771e-01,-2.714661657810211182e-01,-1.651013940572738647e-01,-1.975596994161605835e-01,-1.131735835224390030e-02,-4.649463891983032227e-01,-6.481125950813293457e-01,-5.493530035018920898e-01,-4.536755383014678955e-01,-4.547539651393890381e-01,-3.529958426952362061e-01,-2.906484603881835938e-01
3.444560468196868896e-01,3.063753545284271240e-01,3.786011636257171631e-01,3.444940745830535889e-01,0.000000000000000000e+00,6.801564097404479980e-01,3.947853446006774902e-01,3.592884838581085205e-01,3.867790699005126953e-01,6.054257154464721680e-01,3.003312945365905762e-01,3.015643656253814697e-01,3.113494217395782471e-01,2.610303759574890137e-01,3.404846191406250000e-01,4.301402270793914795e-01,-1.569330096244812012e-01,-2.504250705242156982e-01,3.163989782333374023e-01,3.382130861282348633e-01,1.556831747293472290e-01,3.315000534057617188e-01,3.261777758598327637e-01,3.296330869197845459e-01,4.472199380397796631e-01,6.087419390678405762e-01,3.150754272937774658e-01,5.983493924140930176e-01,-1.273598405532538891e-03,-1.216193437576293945e-01,4.081545174121856689e-01,3.265056908130645752e-01,2.425670921802520752e-01,2.746593058109283447e-01,-1.884301155805587769e-01,-2.095227688550949097e-01,-2.664289772510528564e-01,-3.137959837913513184e-01,1.264867931604385376e-01,1.157345473766326904e-01,-1.384129971265792847e-01,-3.404096513986587524e-02,-2.814952731132507324e-01,-3.469654917716979980e-01,-2.801248133182525635e-01,-3.107225298881530762e-01,-3.571089208126068115e-01,-3.989771604537963867e-01,-3.791633248329162598e-01,-3.610641956329345703e-01,-4.080269336700439453e-01,-3.910837769508361816e-01,-3.737432360649108887e-01,-2.401669025421142578e-01,-1.184893250465393066e-01,-1.885637044906616211e-01,2.859466373920440674e-01,2.336439788341522217e-01,5.360553786158561707e-02,-2.645987085998058319e-02,9.224111586809158325e-02,-1.230702036991715431e-03,-1.863847114145755768e-02,-1.466736793518066406e-01,-1.741940826177597046e-01,-2.998316884040832520e-01,-3.316980972886085510e-02,-2.423564046621322632e-01,2.226868420839309692e-01,1.169147118926048279e-01,4.988993704319000244e-01,4.762140214443206787e-01,1.660597920417785645e-01,3.192217648029327393e-02,1.285726726055145264e-01,1.090148463845252991e-02,-5.190619453787803650e-02,-2.041282365098595619e-03,6.572776287794113159e-02,1.821462512016296387e-01,8.693018928170204163e-03,-2.849909961223602295e-01,9.913259185850620270e-03,-6.264557689428329468e-02,-1.977738142013549805e-01,-3.363882303237915039e-01,-2.399225719273090363e-02,8.934190869331359863e-02,-1.283339112997055054e-01,-5.636521801352500916e-02,-2.523169219493865967e-01,-2.276476174592971802e-01,-2.081169486045837402e-01,-1.794284284114837646e-01,-1.729886978864669800e-01,-1.899259090423583984e-01,-3.236835002899169922e-01,-3.039043545722961426e-01,-3.672344684600830078e-01,-3.302581310272216797e-01,-3.124494552612304688e-01,-1.368836313486099243e-01,-2.931931912899017334e-01,-1.889438480138778687e-01,-3.698614537715911865e-01,-3.243140876293182373e-01,8.782973513007164001e-03,-2.854160368442535400e-01,8.272469043731689453e-03,-1.554857790470123291e-01,-2.742521166801452637e-01,-2.906414568424224854e-01,-2.832762300968170166e-01,-3.344049155712127686e-01,-3.797999918460845947e-01,-2.621690034866333008e-01
3.407641649246215820e-01,3.054174482822418213e-01,3.469236493110656738e-01,2.149357199668884277e-01,6.801564097404479980e-01,0.000000000000000000e+00,3.075650930404663086e-01,2.970918416976928711e-01,5.328537821769714355e-01,5.980240702629089355e-01,3.055726289749145508e-01,3.869660496711730957e-01,2.780583202838897705e-01,2.386563271284103394e-01,4.082098007202148438e-01,4.006986916065216064e-01,-2.526659965515136719e-01,-1.863750815391540527e-01,1.992978453636169434e-01,3.051157295703887939e-01,2.555087208747863770e-01,4.458589255809783936e-01,2.492386251688003540e-01,1.946015357971191406e-01,4.506681263446807861e-01,6.294489502906799316e-01,5.245859026908874512e-01,6.200073957443237305e-01,9.914339333772659302e-02,4.882432054728269577e-03,3.248844742774963379e-01,3.425045907497406006e-01,2.779262065887451172e-01,2.689901590347290039e-01,-1.665649861097335815e-01,-2.013810127973556519e-01,-2.605654001235961914e-01,-2.991295754909515381e-01,2.509769499301910400e-01,1.779020279645919800e-01,5.856020748615264893e-02,6.500904262065887451e-02,-2.728938162326812744e-01,-2.525233626365661621e-01,-2.659582793712615967e-01,-2.296428978443145752e-01,-3.812921643257141113e-01,-4.692742526531219482e-01,-2.680409550666809082e-01,-2.803753018379211426e-01,-3.649650812149047852e-01,-3.785141706466674805e-01,-4.250378310680389404e-01,-4.027374088764190674e-01,-1.449957787990570068e-01,-2.886477410793304443e-01,3.211424350738525391e-01,3.316236138343811035e-01,1.082599833607673645e-01,-9.558572620153427124e-02,5.059042200446128845e-02,-3.887755423784255981e-02,6.134714931249618530e-02,-6.187124177813529968e-02,-1.414927393198013306e-01,-2.096965909004211426e-01,6.279610842466354370e-02,-1.063705086708068848e-01,1.747006475925445557e-01,-1.081355474889278412e-02,4.429448246955871582e-01,3.858998119831085205e-01,1.777144670486450195e-01,5.796496942639350891e-02,-2.389132045209407806e-02,-6.806718558073043823e-02,-4.934716969728469849e-02,2.281640470027923584e-02,-8.757431991398334503e-03,1.826143413782119751e-01,-2.224510768428444862e-03,-1.198360025882720947e-01,1.618114300072193146e-02,-2.866525761783123016e-02,-2.495273798704147339e-01,-3.122042715549468994e-01,1.874740719795227051e-01,1.684374213218688965e-01,-6.903573870658874512e-02,-1.199855580925941467e-01,-2.753363251686096191e-01,-3.611470162868499756e-01,-2.137012034654617310e-01,-2.940274178981781006e-01,-1.469389498233795166e-01,-1.768932491540908813e-01,-3.374787569046020508e-01,-2.965612709522247314e-01,-4.001796543598175049e-01,-4.093626737594604492e-01,-3.304911851882934570e-01,-2.302751988172531128e-01,-3.013164401054382324e-01,-2.870830893516540527e-01,-3.856458067893981934e-01,-3.439956903457641602e-01,-2.638767939060926437e-03,-2.832291424274444580e-01,4.813090339303016663e-02,-1.183651387691497803e-01,-2.871090471744537354e-01,-2.992756068706512451e-01,-2.909935414791107178e-01,-3.756722509860992432e-01,-4.209713339805603027e-01,-2.406658530235290527e-01
7.595760822296142578e-01,7.017090916633605957e-01,8.608982563018798828e-01,8.339088559150695801e-01,3.947853446006774902e-01,3.075650930404663086e-01,0.000000000000000000e+00,8.858693838119506836e-01,5.065456628799438477e-01,4.750848710536956787e-01,6.528553962707519531e-01,6.846514344215393066e-01,5.641946196556091309e-01,6.593775153160095215e-01,1.321429014205932617e-01,2.766208052635192871e-01,-1.736396998167037964e-01,-3.599992692470550537e-01,7.613667249679565430e-01,7.835175395011901855e-01,-8.907499164342880249e-02,1.255474388599395752e-01,8.565145134925842285e-01,8.400799036026000977e-01,4.218831658363342285e-01,4.276694357395172119e-01,1.328955888748168945e-01,3.034781515598297119e-01,-1.698216050863265991e-01,-3.185348808765411377e-01,6.564421653747558594e-01,6.392243504524230957e-01,6.206386685371398926e-01,6.262760758399963379e-01,-2.080572545528411865e-01,-3.353766798973083496e-01,-6.272898912429809570e-01,-6.725970506668090820e-01,-2.025355845689773560e-01,-7.035337388515472412e-02,-3.110037446022033691e-01,-1.598622202873229980e-01,-6.253430247306823730e-01,-5.636160373687744141e-01,-5.916582345962524414e-01,-5.510476827621459961e-01,-6.695613265037536621e-01,-5.922501087188720703e-01,-5.566812157630920410e-01,-5.747314095497131348e-01,-6.634185314178466797e-01,-7.175130844116210938e-01,-5.716342329978942871e-01,-3.886245787143707275e-01,-1.394544094800949097e-01,-3.383819162845611572e-01,6.073606610298156738e-01,5.183079242706298828e-01,3.540086448192596436e-01,2.005065232515335083e-01,4.635261595249176025e-01,2.154272943735122681e-01,-1.055687889456748962e-01,2.729321829974651337e-02,-2.271325588226318359e-01,-4.039515852928161621e-01,1.382286399602890015e-01,-3.290257751941680908e-01,6.544175744056701660e-01,3.124378025531768799e-01,5.854527950286865234e-01,4.935003817081451416e-01,1.249565109610557556e-01,3.756818920373916626e-02,1.344960182905197144e-01,1.361405700445175171e-01,-1.108547896146774292e-01,-7.515464723110198975e-02,-1.679717004299163818e-01,2.318357378244400024e-01,-1.245048716664314270e-01,-4.380407929420471191e-01,-2.483165562152862549e-01,-1.795030385255813599e-01,-5.254012942314147949e-01,-6.060975193977355957e-01,-1.775624454021453857e-01,3.651488199830055237e-02,-3.133640289306640625e-01,-3.507581651210784912e-01,-4.401841163635253906e-01,-3.407758772373199463e-01,-4.284771680831909180e-01,-3.278207480907440186e-01,-4.744375050067901611e-01,-3.430813550949096680e-01,-6.645072698593139648e-01,-6.160411834716796875e-01,-6.036643981933593750e-01,-5.675218701362609863e-01,-5.177540779113769531e-01,-2.884994745254516602e-01,-4.890146255493164062e-01,-4.762965142726898193e-01,-4.088820815086364746e-01,-3.835803568363189697e-01,-2.084564119577407837e-01,-2.373377233743667603e-01,-1.624808013439178467e-01,-5.201839208602905273e-01,-6.919941902160644531e-01,-6.392073035240173340e-01,-5.697977542877197266e-01,-5.627467632293701172e-01,-4.359361231327056885e-01,-4.218018651008605957e-01
7.168174982070922852e-01,7.162426710128784180e-01,8.450261354446411133e-01,8.462448120117187500e-01,3.592884838581085205e-01,2.970918416976928711e-01,8.858693838119506836e-01,0.000000000000000000e+00,4.894926846027374268e-01,5.005148649215698242e-01,6.067724823951721191e-01,7.542418837547302246e-01,5.329896211624145508e-01,6.788980960845947266e-01,1.111490800976753235e-01,3.157037198543548584e-01,-2.373341023921966553e-01,-3.308607041835784912e-01,7.191618084907531738e-01,7.605612277984619141e-01,-7.253167033195495605e-02,1.381092667579650879e-01,8.480036258697509766e-01,8.238882422447204590e-01,4.390178620815277100e-01,4.228366613388061523e-01,1.301174312829971313e-01,2.716437280178070068e-01,-2.264957875013351440e-01,-3.212835192680358887e-01,6.268111467361450195e-01,6.332064270973205566e-01,5.661960840225219727e-01,6.053539514541625977e-01,-2.592782676219940186e-01,-3.577629029750823975e-01,-6.390650272369384766e-01,-6.538003683090209961e-01,-1.856062710285186768e-01,7.717507425695657730e-03,-2.658357024192810059e-01,-1.532363742589950562e-01,-6.590459942817687988e-01,-6.047998070716857910e-01,-5.975849032402038574e-01,-5.928770899772644043e-01,-7.020986080169677734e-01,-5.788273215293884277e-01,-5.683039426803588867e-01,-5.940127372741699219e-01,-6.899198293685913086e-01,-7.313867211341857910e-01,-5.346344709396362305e-01,-3.301381766796112061e-01,-1.746149212121963501e-01,-2.916688323020935059e-01,5.692134499549865723e-01,5.509603619575500488e-01,3.259570598602294922e-01,1.799688488245010376e-01,3.810746669769287109e-01,2.184510678052902222e-01,-1.246184483170509338e-01,4.913426190614700317e-02,-2.738498449325561523e-01,-3.519815802574157715e-01,9.736677259206771851e-02,-2.915553152561187744e-01,6.146203279495239258e-01,3.261928260326385498e-01,5.868076086044311523e-01,5.203225612640380859e-01,5.598472803831100464e-02,-2.746535465121269226e-03,1.065523475408554077e-01,1.130892187356948853e-01,-1.506520509719848633e-01,-1.020644009113311768e-01,-2.444482445716857910e-01,1.834265440702438354e-01,-2.004142552614212036e-01,-4.410563111305236816e-01,-2.628403604030609131e-01,-1.674143373966217041e-01,-5.264207720756530762e-01,-5.982431769371032715e-01,-1.163784116506576538e-01,6.463144719600677490e-02,-2.705693244934082031e-01,-2.638829052448272705e-01,-4.519990086555480957e-01,-3.222889602184295654e-01,-4.592269062995910645e-01,-3.699786663055419922e-01,-5.094152688980102539e-01,-3.897009193897247314e-01,-6.818304657936096191e-01,-6.379160881042480469e-01,-6.306142210960388184e-01,-5.890036821365356445e-01,-5.492414832115173340e-01,-2.925851643085479736e-01,-5.251060724258422852e-01,-4.578265845775604248e-01,-4.404855370521545410e-01,-4.165488481521606445e-01,-1.921698749065399170e-01,-2.433983534574508667e-01,-9.280017763376235962e-02,-5.371381640434265137e-01,-6.873381137847900391e-01,-6.426044702529907227e-01,-5.608670115470886230e-01,-5.947596430778503418e-01,-4.854908287525177002e-01,-4.087950885295867920e-01
3.006693422794342041e-01,2.722215652465820312e-01,3.887203335762023926e-01,2.920987904071807861e-01,3.867790699005126953e-01,5.328537821769714355e-01,5.065456628799438477e-01,4.894926846027374268e-01,0.000000000000000000e+00,6.719926595687866211e-01,5.908163785934448242e-01,5.940790176391601562e-01,5.784406661987304688e-01,6.803181767463684082e-01,4.487915933132171631e-01,4.647029638290405273e-01,6.626740097999572754e-02,-6.565465778112411499e-02,2.792417407035827637e-01,3.289110958576202393e-01,3.159292414784431458e-02,2.434596419334411621e-01,4.967982769012451172e-01,4.568808078765869141e-01,6.356335282325744629e-01,6.516827940940856934e-01,3.525675535202026367e-01,3.211467266082763672e-01,3.278525471687316895e-01,1.498205810785293579e-01,6.060940027236938477e-01,7.235957384109497070e-01,3.339991569519042969e-01,3.060245215892791748e-01,-5.467166751623153687e-02,-1.076231747865676880e-01,-2.878230214118957520e-01,-3.625928461551666260e-01,1.155338361859321594e-01,5.527233332395553589e-02,4.768048971891403198e-02,-1.614063419401645660e-02,-3.231630027294158936e-01,-2.342958003282546997e-01,-2.953418791294097900e-01,-2.981476187705993652e-01,-3.943100273609161377e-01,-4.861957430839538574e-01,-2.995799481868743896e-01,-3.702549040317535400e-01,-3.552236855030059814e-01,-4.562502801418304443e-01,-4.101946651935577393e-01,-4.262421131134033203e-01,-6.944853812456130981e-02,-2.918059229850769043e-01,2.938488125801086426e-01,2.297775596380233765e-01,6.674415618181228638e-02,-1.388311833143234253e-01,1.266706287860870361e-01,-6.521015614271163940e-02,1.226657852530479431e-01,1.498481445014476776e-02,-4.932796210050582886e-02,-2.415551692247390747e-01,7.807136327028274536e-02,-2.188247740268707275e-01,1.741859316825866699e-01,-1.562000531703233719e-02,5.629579424858093262e-01,5.093695521354675293e-01,4.315327703952789307e-01,3.797394037246704102e-01,1.274387389421463013e-01,2.257899940013885498e-01,9.003731608390808105e-02,1.103516072034835815e-01,-5.891394987702369690e-02,2.488951534032821655e-01,1.747655868530273438e-01,-3.889285773038864136e-02,5.890491604804992676e-02,8.225290477275848389e-02,-1.576789319515228271e-01,-3.513503968715667725e-01,1.078550219535827637e-01,1.696833372116088867e-01,-3.991850465536117554e-02,-2.617220282554626465e-01,-3.668673038482666016e-01,-4.172896444797515869e-01,-3.726408183574676514e-01,-4.231018424034118652e-01,-2.536044120788574219e-01,-2.242986112833023071e-01,-4.258828759193420410e-01,-3.912585973739624023e-01,-4.304461777210235596e-01,-4.717403948307037354e-01,-4.066781997680664062e-01,-3.873338699340820312e-01,-3.954578936100006104e-01,-4.514124691486358643e-01,-3.953166007995605469e-01,-3.683875799179077148e-01,-1.400596648454666138e-01,-2.119692862033843994e-01,-2.227756828069686890e-01,-2.742828130722045898e-01,-3.936661183834075928e-01,-4.162777960300445557e-01,-4.141454994678497314e-01,-4.246243536472320557e-01,-3.594693839550018311e-01,-3.679527640342712402e-01
3.014568984508514404e-01,2.795434296131134033e-01,3.914114832878112793e-01,3.622861206531524658e-01,6.054257154464721680e-01,5.980240702629089355e-01,4.750848710536956787e-01,5.005148649215698242e-01,6.719926595687866211e-01,0.000000000000000000e+00,4.334154427051544189e-01,4.615644812583923340e-01,4.186605215072631836e-01,5.552327632904052734e-01,4.618303179740905762e-01,7.544864416122436523e-01,-1.157269030809402466e-01,-1.956160515546798706e-01,3.257544636726379395e-01,3.322747945785522461e-01,4.472118616104125977e-02,2.925480008125305176e-01,4.592690169811248779e-01,4.097610712051391602e-01,5.978935956954956055e-01,6.416203379631042480e-01,2.204171568155288696e-01,4.162761270999908447e-01,1.112721189856529236e-01,4.906471073627471924e-02,5.197873115539550781e-01,5.610595941543579102e-01,1.979149729013442993e-01,2.183156013488769531e-01,-1.772769391536712646e-01,-1.840397715568542480e-01,-3.557482361793518066e-01,-3.741472065448760986e-01,1.408407241106033325e-01,2.207721769809722900e-01,-6.340200453996658325e-02,-4.930077493190765381e-02,-4.005638062953948975e-01,-4.027125835418701172e-01,-3.974176645278930664e-01,-4.773933887481689453e-01,-4.401894807815551758e-01,-4.383788108825683594e-01,-4.961849451065063477e-01,-5.425767302513122559e-01,-4.926360845565795898e-01,-5.595915317535400391e-01,-3.696329295635223389e-01,-2.835698425769805908e-01,-2.918523177504539490e-02,-1.540610194206237793e-01,2.111637443304061890e-01,1.825171858072280884e-01,-5.591469351202249527e-03,-7.802413403987884521e-02,5.486114323139190674e-02,-6.278774142265319824e-02,-5.632346123456954956e-02,-1.222227290272712708e-01,-2.170779705047607422e-01,-3.302426338195800781e-01,-9.837681800127029419e-02,-3.583838939666748047e-01,1.567184478044509888e-01,4.554413259029388428e-02,5.738528966903686523e-01,5.671011209487915039e-01,2.762044370174407959e-01,2.202495783567428589e-01,2.631672024726867676e-01,1.300446987152099609e-01,-7.335716485977172852e-02,-1.955284737050533295e-02,-4.693389683961868286e-02,1.748365461826324463e-01,3.871143236756324768e-02,-2.357381880283355713e-01,7.305037975311279297e-02,1.212608888745307922e-01,-1.422893553972244263e-01,-3.379004299640655518e-01,7.242950052022933960e-02,2.188017070293426514e-01,-7.339695002883672714e-04,3.293495392426848412e-04,-3.246582448482513428e-01,-2.868734300136566162e-01,-2.951120436191558838e-01,-2.483921945095062256e-01,-2.510517835617065430e-01,-2.388922274112701416e-01,-4.260490834712982178e-01,-4.049945473670959473e-01,-4.438789486885070801e-01,-4.288895726203918457e-01,-3.661965429782867432e-01,-2.596856355667114258e-01,-3.952976167201995850e-01,-3.414475619792938232e-01,-3.796176910400390625e-01,-3.318090736865997314e-01,-1.384921818971633911e-01,-2.188026160001754761e-01,-6.174554303288459778e-02,-2.898820638656616211e-01,-3.808985650539398193e-01,-3.916893005371093750e-01,-3.688452243804931641e-01,-3.967057764530181885e-01,-3.782650828361511230e-01,-3.290783166885375977e-01
5.583224892616271973e-01,4.945035576820373535e-01,5.566386580467224121e-01,4.892079830169677734e-01,3.003312945365905762e-01,3.055726289749145508e-01,6.528553962707519531e-01,6.067724823951721191e-01,5.908163785934448242e-01,4.334154427051544189e-01,0.000000000000000000e+00,6.569176316261291504e-01,7.211460471153259277e-01,7.144532799720764160e-01,1.806539297103881836e-01,2.245129346847534180e-01,6.435857713222503662e-02,-1.431690901517868042e-01,4.846557676792144775e-01,5.301940441131591797e-01,-1.002375036478042603e-02,1.915607005357742310e-01,5.663220286369323730e-01,5.233402252197265625e-01,4.302923083305358887e-01,4.114193320274353027e-01,1.772292405366897583e-01,2.574181258678436279e-01,2.810465916991233826e-02,-1.658621281385421753e-01,6.222218275070190430e-01,6.382889151573181152e-01,6.349937319755554199e-01,6.071385145187377930e-01,-8.307901769876480103e-02,-2.215222567319869995e-01,-5.087789893150329590e-01,-6.036598682403564453e-01,-1.357262730598449707e-01,-2.289435081183910370e-02,-2.390490919351577759e-01,-1.193395704030990601e-01,-5.028045773506164551e-01,-4.123343229293823242e-01,-4.227188229560852051e-01,-3.151195049285888672e-01,-5.922457575798034668e-01,-6.143238544464111328e-01,-3.468909859657287598e-01,-3.759036362171173096e-01,-4.501163661479949951e-01,-5.265103578567504883e-01,-5.195578336715698242e-01,-4.361272156238555908e-01,-1.480712890625000000e-01,-3.528534770011901855e-01,5.713196992874145508e-01,4.688756763935089111e-01,3.543985486030578613e-01,1.189370676875114441e-01,4.499374628067016602e-01,2.109160572290420532e-01,1.071063205599784851e-01,2.077729254961013794e-01,3.773120790719985962e-02,-1.923052519559860229e-01,2.646439969539642334e-01,-1.374943703413009644e-01,4.402616322040557861e-01,1.695532500743865967e-01,5.276854634284973145e-01,4.729849100112915039e-01,2.417571544647216797e-01,1.360898017883300781e-01,1.190719082951545715e-01,1.569957882165908813e-01,1.843023113906383514e-02,6.704278290271759033e-02,-7.314239442348480225e-02,2.498423159122467041e-01,4.256616160273551941e-02,-2.216098159551620483e-01,-2.267025709152221680e-01,-1.558217704296112061e-01,-4.115113914012908936e-01,-5.388905405998229980e-01,-1.182249262928962708e-01,1.078220009803771973e-01,-3.643819093704223633e-01,-3.633353710174560547e-01,-4.046485126018524170e-01,-3.664896786212921143e-01,-4.146201908588409424e-01,-3.803555667400360107e-01,-4.076373279094696045e-01,-3.216012418270111084e-01,-6.253193020820617676e-01,-5.558305978775024414e-01,-5.319914221763610840e-01,-5.377592444419860840e-01,-5.365496873855590820e-01,-3.319349288940429688e-01,-4.501534104347229004e-01,-4.862962365150451660e-01,-4.435443282127380371e-01,-4.442225396633148193e-01,-1.225555315613746643e-01,-2.240024060010910034e-01,-2.345480918884277344e-01,-4.442117512226104736e-01,-6.114975214004516602e-01,-5.770645737648010254e-01,-4.859062135219573975e-01,-5.436130762100219727e-01,-4.414955079555511475e-01,-3.737970888614654541e-01
6.281346082687377930e-01,6.334928870201110840e-01,6.588991284370422363e-01,5.572791695594787598e-01,3.015643656253814697e-01,3.869660496711730957e-01,6.846514344215393066e-01,7.542418837547302246e-01,5.940790176391601562e-01,4.615644812583923340e-01,6.569176316261291504e-01,0.000000000000000000e+00,6.186677813529968262e-01,7.531743049621582031e-01,1.961202174425125122e-01,3.019432127475738525e-01,-1.093824207782745361e-01,1.889565959572792053e-03,4.967374503612518311e-01,6.127782464027404785e-01,-1.134526170790195465e-02,2.307324856519699097e-01,6.449927687644958496e-01,5.832390785217285156e-01,4.604243636131286621e-01,4.642969369888305664e-01,2.643133103847503662e-01,2.679968178272247314e-01,-1.979405805468559265e-02,-1.144024878740310669e-01,5.662381052970886230e-01,6.351763010025024414e-01,5.379682779312133789e-01,5.826427340507507324e-01,-1.777445971965789795e-01,-2.800597846508026123e-01,-5.517410635948181152e-01,-5.357370376586914062e-01,-1.289960145950317383e-01,8.939298242330551147e-02,-2.640801481902599335e-03,6.759507581591606140e-03,-5.454446673393249512e-01,-4.750555753707885742e-01,-3.973918259143829346e-01,-4.063394665718078613e-01,-6.420281529426574707e-01,-6.149391531944274902e-01,-3.661960661411285400e-01,-4.099866449832916260e-01,-5.306336283683776855e-01,-5.600185990333557129e-01,-5.272850990295410156e-01,-4.509122967720031738e-01,-2.797867655754089355e-01,-3.669047951698303223e-01,5.847386717796325684e-01,6.020430922508239746e-01,3.547617495059967041e-01,2.384605631232261658e-02,3.112471997737884521e-01,1.390520781278610229e-01,1.752946376800537109e-01,2.204039543867111206e-01,-1.130180954933166504e-01,-2.000268250703811646e-01,1.792422831058502197e-01,-9.157052636146545410e-02,4.707276523113250732e-01,2.018571794033050537e-01,5.390927195549011230e-01,4.528637230396270752e-01,1.850616335868835449e-01,1.382287591695785522e-01,-2.644598856568336487e-02,5.908486247062683105e-02,-2.773438580334186554e-02,1.699946075677871704e-02,-2.868739962577819824e-01,9.768716245889663696e-02,-1.132815182209014893e-01,-2.283459752798080444e-01,-1.791078448295593262e-01,-7.772127538919448853e-02,-4.168734848499298096e-01,-5.743823647499084473e-01,9.812619537115097046e-02,1.642796546220779419e-01,-2.560684680938720703e-01,-2.858035862445831299e-01,-5.177623033523559570e-01,-4.733969867229461670e-01,-5.360038280487060547e-01,-5.273508429527282715e-01,-5.086011886596679688e-01,-4.130522906780242920e-01,-6.528333425521850586e-01,-5.862620472908020020e-01,-6.177367568016052246e-01,-6.190741062164306641e-01,-5.863596796989440918e-01,-3.811002671718597412e-01,-5.375121831893920898e-01,-4.493956267833709717e-01,-5.244821906089782715e-01,-5.307673811912536621e-01,-1.339248716831207275e-01,-2.520282566547393799e-01,-1.396168768405914307e-01,-5.003544688224792480e-01,-5.980195403099060059e-01,-6.223942041397094727e-01,-5.479405522346496582e-01,-6.204671263694763184e-01,-5.576933622360229492e-01,-4.380596876144409180e-01
4.074003994464874268e-01,3.212693035602569580e-01,4.583668708801269531e-01,3.272364139556884766e-01,3.113494217395782471e-01,2.780583202838897705e-01,5.641946196556091309e-01,5.329896211624145508e-01,5.784406661987304688e-01,4.186605215072631836e-01,7.211460471153259277e-01,6.186677813529968262e-01,0.000000000000000000e+00,7.058650255203247070e-01,4.429137408733367920e-01,3.071402013301849365e-01,9.780940413475036621e-02,-1.562112290412187576e-02,3.421242535114288330e-01,4.027729332447052002e-01,7.606051862239837646e-02,2.425320446491241455e-01,5.274257659912109375e-01,4.866527616977691650e-01,4.940079152584075928e-01,4.715233743190765381e-01,1.382308155298233032e-01,1.915178894996643066e-01,2.355972528457641602e-01,-1.866583526134490967e-02,5.259605646133422852e-01,6.305993795394897461e-01,3.722279369831085205e-01,4.103244841098785400e-01,-1.078030765056610107e-01,-1.871597319841384888e-01,-3.460879027843475342e-01,-4.178724884986877441e-01,-9.608738869428634644e-02,4.587034881114959717e-02,-5.891614407300949097e-02,6.677277851849794388e-03,-3.590021729469299316e-01,-3.314870893955230713e-01,-2.931417226791381836e-01,-3.244377374649047852e-01,-4.372231364250183105e-01,-5.005634427070617676e-01,-2.838299274444580078e-01,-3.769577145576477051e-01,-3.490383028984069824e-01,-4.449496865272521973e-01,-3.567361831665039062e-01,-3.846624493598937988e-01,-1.621267646551132202e-01,-2.442769855260848999e-01,4.042917191982269287e-01,2.675746977329254150e-01,1.525604873895645142e-01,-5.411497876048088074e-02,1.950824558734893799e-01,-2.509731799364089966e-02,1.550924926996231079e-01,-1.236288435757160187e-02,3.125908318907022476e-03,-2.524955868721008301e-01,5.732734501361846924e-02,-2.082306593656539917e-01,2.816909849643707275e-01,6.682472676038742065e-02,5.004245638847351074e-01,4.351003468036651611e-01,2.920186817646026611e-01,2.043945044279098511e-01,-8.790687657892704010e-03,6.524375826120376587e-02,1.207585558295249939e-01,1.272225528955459595e-01,-3.230793029069900513e-02,1.095551177859306335e-01,1.054401621222496033e-01,-1.425482630729675293e-01,-5.184840038418769836e-02,-2.088870108127593994e-02,-1.640536934137344360e-01,-4.388599395751953125e-01,3.673888742923736572e-02,1.064465865492820740e-01,-1.937757730484008789e-01,-2.818569242954254150e-01,-3.831142485141754150e-01,-3.106367886066436768e-01,-3.879689872264862061e-01,-3.590632975101470947e-01,-2.900338768959045410e-01,-3.036302626132965088e-01,-5.052405595779418945e-01,-4.246633052825927734e-01,-4.630759358406066895e-01,-4.475118815898895264e-01,-4.828493893146514893e-01,-3.380939364433288574e-01,-4.591580629348754883e-01,-3.806017339229583740e-01,-4.392013549804687500e-01,-4.112338125705718994e-01,-1.030998304486274719e-01,-2.334042191505432129e-01,-2.704362571239471436e-01,-2.971003949642181396e-01,-4.538377821445465088e-01,-4.601412713527679443e-01,-3.978254199028015137e-01,-4.750850498676300049e-01,-4.058008193969726562e-01,-4.271303415298461914e-01
