0.000000000000000000e+00,5.559428930282592773e-01,1.767025589942932129e-01,1.916682720184326172e-01,1.871162205934524536e-01,2.361099869012832642e-01,5.918255820870399475e-02,-1.974218040704727173e-01,1.119390726089477539e-01,-1.479633003473281860e-01,9.734395146369934082e-02,-2.278090454638004303e-02,3.321274369955062866e-02,-1.990732103586196899e-01,-3.261705115437507629e-02,1.288594305515289307e-01,4.877667874097824097e-02,1.364772468805313110e-01,3.391909003257751465e-01,1.195774152874946594e-01,2.082947343587875366e-01,-7.559242844581604004e-02,3.875515237450599670e-02,-2.202166244387626648e-02,2.285924106836318970e-01,2.090951502323150635e-01,7.013807445764541626e-02,1.573600322008132935e-01,4.113079234957695007e-02,-1.307774782180786133e-01,2.541041933000087738e-02,9.131885319948196411e-02,1.220895797014236450e-01,9.961006045341491699e-02,9.662919491529464722e-02,2.274103462696075439e-02,1.186052188277244568e-01,-3.019398823380470276e-02,5.235755071043968201e-02,1.008245721459388733e-01,-1.975750550627708435e-02,-1.977329254150390625e-01,7.141640782356262207e-02,-6.404182314872741699e-02,2.630496323108673096e-01,3.197953402996063232e-01,2.092611789703369141e-01,8.005294948816299438e-02,2.327117472887039185e-01,2.609724402427673340e-01,1.491852253675460815e-01,1.806724965572357178e-01,1.535800844430923462e-01,1.135955005884170532e-01,2.362394630908966064e-01,3.155853748321533203e-01,5.728248953819274902e-01,5.412134528160095215e-01,4.490574896335601807e-01,1.590452492237091064e-01,5.986055731773376465e-02,-1.410161405801773071e-01,3.389818668365478516e-01,-8.431798778474330902e-03,-1.669680140912532806e-02,-1.444829851388931274e-01,3.635565638542175293e-01,3.077983260154724121e-01,5.172076821327209473e-01,5.592151284217834473e-01,-1.142883673310279846e-01,-1.124099045991897583e-01,-9.648655354976654053e-02,-1.086821630597114563e-01,4.499497264623641968e-02,-1.134391650557518005e-01,-1.012127622961997986e-01,-5.855349451303482056e-02,5.177971720695495605e-02,2.028850466012954712e-01,2.486568987369537354e-01,1.568612605333328247e-01,-1.483384817838668823e-01,4.898114874958992004e-02,6.279537081718444824e-02,2.673048675060272217e-01,4.134340211749076843e-02,1.310116648674011230e-01,1.188177391886711121e-01,2.499813437461853027e-01,-1.795631796121597290e-01,-2.728111743927001953e-01,-2.768293619155883789e-01,-1.400126516819000244e-01,9.649559110403060913e-02,9.492471814155578613e-02,-2.043237676844000816e-03,1.456098556518554688e-01,-1.031620055437088013e-01,-1.389176696538925171e-01,-3.056230843067169189e-01,-7.163711637258529663e-02,5.224877223372459412e-02,8.489245548844337463e-03,-5.202596262097358704e-02,6.242401432245969772e-03,1.997704058885574341e-02,-1.441875398159027100e-01,-1.582373380661010742e-01,1.002923920750617981e-01,1.284228861331939697e-01,-8.755072951316833496e-02,-2.969709336757659912e-01,-2.162047661840915680e-02,-1.737894564867019653e-01,7.783753424882888794e-02
5.559428930282592773e-01,0.000000000000000000e+00,-2.078029513359069824e-02,2.706000506877899170e-01,3.973946273326873779e-01,3.953519761562347412e-01,-1.191514879465103149e-01,-1.426257342100143433e-01,3.448855280876159668e-01,-1.553294956684112549e-01,1.000249162316322327e-01,-1.335095018148422241e-01,6.240674853324890137e-02,-1.285536140203475952e-01,8.493740111589431763e-02,-1.812691614031791687e-02,1.439924240112304688e-01,2.806704044342041016e-01,2.663225233554840088e-01,2.352792769670486450e-01,1.781278848648071289e-01,-9.477589279413223267e-02,1.062929630279541016e-01,1.528835594654083252e-01,3.696053326129913330e-01,4.113966226577758789e-01,1.738880276679992676e-01,1.922150850296020508e-01,5.139328539371490479e-02,1.591891399584710598e-03,2.305905818939208984e-01,1.179371476173400879e-01,1.608534604310989380e-01,2.110020518302917480e-01,3.111706972122192383e-01,2.315400391817092896e-01,2.105733156204223633e-01,3.636348759755492210e-03,-8.431380242109298706e-02,-9.911310859024524689e-03,-4.412598162889480591e-02,-2.658273279666900635e-01,1.991897225379943848e-01,6.706618517637252808e-02,3.692258298397064209e-01,3.831984102725982666e-01,2.864202558994293213e-01,1.401009261608123779e-01,1.438787728548049927e-01,1.718507409095764160e-01,8.037958294153213501e-02,7.956749200820922852e-02,2.174347639083862305e-01,-1.030072686262428761e-03,3.015935420989990234e-01,2.650236487388610840e-01,6.756507158279418945e-01,6.461427807807922363e-01,2.556309700012207031e-01,-9.851630777120590210e-03,6.548701785504817963e-04,-2.716817259788513184e-01,3.941529691219329834e-01,-8.215120062232017517e-03,1.039165854454040527e-01,-1.337065994739532471e-01,4.277424812316894531e-01,3.663907945156097412e-01,6.111387014389038086e-01,6.601926088333129883e-01,-8.710499107837677002e-02,-1.842159628868103027e-01,-2.864540219306945801e-01,-1.708597987890243530e-01,-1.251015365123748779e-01,-7.753919064998626709e-02,-1.843490451574325562e-01,-1.787993609905242920e-01,1.897411048412322998e-01,2.347013205289840698e-01,3.888451457023620605e-01,2.667720317840576172e-01,-7.246040552854537964e-02,1.695904433727264404e-01,2.547587156295776367e-01,1.747763156890869141e-01,7.451549172401428223e-02,2.858596108853816986e-02,2.198286801576614380e-01,3.170443326234817505e-02,-3.064443171024322510e-02,-1.654252111911773682e-01,-1.258163005113601685e-01,-5.104630813002586365e-02,1.133093982934951782e-01,1.894532591104507446e-01,1.536571830511093140e-01,1.714521050453186035e-01,-1.184340640902519226e-01,-1.372149437665939331e-01,-1.667220145463943481e-01,1.544217318296432495e-01,1.151859983801841736e-01,-9.938044100999832153e-02,-1.971836201846599579e-02,-8.773437887430191040e-02,1.109298616647720337e-01,-1.845715641975402832e-01,-1.377668529748916626e-01,1.242362707853317261e-01,1.896924525499343872e-01,-1.305810362100601196e-01,-3.247530758380889893e-01,-1.017054244875907898e-01,-1.564368903636932373e-01,1.678397953510284424e-01
1.767025589942932129e-01,-2.078029513359069824e-02,0.000000000000000000e+00,1.615063101053237915e-01,3.268626332283020020e-02,-2.049226015806198120e-01,4.753806889057159424e-01,1.609129309654235840e-01,-1.479832828044891357e-01,-7.339119911193847656e-02,-4.105659425258636475e-01,-1.376471072435379028e-01,2.102405764162540436e-02,-1.163057982921600342e-01,-1.730422377586364746e-01,-9.720820933580398560e-02,-1.129311919212341309e-01,-8.459440618753433228e-02,-3.920464217662811279e-02,-2.378945052623748779e-01,-1.040370315313339233e-01,-2.262689732015132904e-02,-7.154514081776142120e-03,1.613924354314804077e-01,2.242746055126190186e-01,8.371249586343765259e-02,1.718530803918838501e-01,-7.011402398347854614e-02,-1.251246780157089233e-01,-1.480290293693542480e-01,-3.333057463169097900e-01,-1.735527515411376953e-01,-2.546330094337463379e-01,-3.490189015865325928e-01,-1.696196496486663818e-01,-3.891038000583648682e-01,-1.953801512718200684e-01,-1.132850646972656250e-01,-9.527955204248428345e-02,5.416720360517501831e-02,-7.505454123020172119e-02,8.444391936063766479e-02,-6.497612595558166504e-02,-8.689156919717788696e-02,2.096356451511383057e-01,2.130824923515319824e-01,-5.476747825741767883e-02,-2.158988267183303833e-01,1.183189302682876587e-01,1.755674928426742554e-01,2.304313480854034424e-01,1.639275401830673218e-01,6.321302801370620728e-02,3.658177256584167480e-01,-2.244409173727035522e-01,-1.586677432060241699e-01,9.972786903381347656e-02,3.652296587824821472e-02,7.438701391220092773e-02,-7.465167343616485596e-02,-2.345008254051208496e-01,-3.377246558666229248e-01,-1.577300429344177246e-01,-3.918310403823852539e-01,-5.154814571142196655e-02,-2.149705588817596436e-01,-5.103440210223197937e-02,-1.820836514234542847e-01,-2.358886227011680603e-02,9.593112021684646606e-02,-2.301046699285507202e-01,-2.113336324691772461e-01,-3.945678845047950745e-02,-1.699743419885635376e-01,-7.900994271039962769e-02,-3.275184333324432373e-01,-4.255857169628143311e-01,-3.407176434993743896e-01,-1.018309816718101501e-01,-1.104547157883644104e-01,-1.326936930418014526e-01,-3.411632776260375977e-02,-2.526815421879291534e-02,-3.196879755705595016e-03,-1.608109027147293091e-01,1.206669956445693970e-01,-2.819370850920677185e-02,-3.832241054624319077e-03,-2.287806421518325806e-01,7.132568955421447754e-02,-3.150739073753356934e-01,-1.264157593250274658e-01,-2.485614567995071411e-01,1.753857284784317017e-01,-3.302595615386962891e-01,-3.081319630146026611e-01,-3.343694210052490234e-01,-3.010189831256866455e-01,-3.935652375221252441e-01,-3.608507812023162842e-01,-2.066796720027923584e-01,-1.473618596792221069e-01,-3.499931693077087402e-01,-2.465831115841865540e-02,-3.572660982608795166e-01,-1.468375474214553833e-01,-9.543179720640182495e-02,-8.426143787801265717e-03,-3.234295248985290527e-01,-1.585917323827743530e-01,-3.140259981155395508e-01,-2.612996995449066162e-01,-2.068181931972503662e-01,-2.826565802097320557e-01,1.437725275754928589e-01,-1.653754562139511108e-01
1.916682720184326172e-01,2.706000506877899170e-01,1.615063101053237915e-01,0.000000000000000000e+00,3.098478913307189941e-01,3.642258346080780029e-01,4.159813523292541504e-01,4.188570678234100342e-01,5.408567786216735840e-01,2.009032964706420898e-01,8.463911712169647217e-02,-4.620243608951568604e-02,2.603262662887573242e-01,2.247565984725952148e-01,1.061070933938026428e-01,-2.349648810923099518e-02,-5.604656040668487549e-02,-2.615637145936489105e-02,2.160503864288330078e-01,3.231657743453979492e-01,-3.074052333831787109e-01,-4.267848432064056396e-01,4.415796101093292236e-01,5.608525276184082031e-01,3.174313157796859741e-02,2.687949240207672119e-01,8.957149833440780640e-02,2.201732248067855835e-01,6.399099528789520264e-02,1.487113833427429199e-01,1.378810107707977295e-01,-3.175874054431915283e-02,1.688086390495300293e-01,2.389656007289886475e-01,1.576736420392990112e-01,2.337317913770675659e-01,-2.008979469537734985e-01,-3.023791015148162842e-01,-4.122762680053710938e-01,-4.812884032726287842e-01,-3.876729309558868408e-01,-3.447318673133850098e-01,2.034133374691009521e-01,3.156896829605102539e-01,7.195971906185150146e-02,7.958466559648513794e-02,2.001684308052062988e-01,9.416821599006652832e-02,-6.464274227619171143e-02,1.970756612718105316e-02,8.171841502189636230e-02,1.539036184549331665e-01,1.051541715860366821e-01,-3.564754873514175415e-02,-1.715826541185379028e-01,3.450289741158485413e-02,2.482946664094924927e-01,-1.290266029536724091e-02,9.696071967482566833e-03,-3.230705559253692627e-01,1.500192433595657349e-01,-1.618382483720779419e-01,1.772879213094711304e-01,-7.431302219629287720e-02,1.016815677285194397e-01,-2.115391641855239868e-01,1.174775660037994385e-01,1.824150830507278442e-01,2.314109206199645996e-01,1.495891958475112915e-01,-1.528633199632167816e-02,-1.110453829169273376e-01,-2.655625343322753906e-01,9.024710208177566528e-02,-4.077310562133789062e-01,1.040825545787811279e-01,-2.367517724633216858e-02,-1.509405523538589478e-01,-5.904323235154151917e-02,1.799962371587753296e-01,-6.251332350075244904e-03,4.452508687973022461e-02,-3.421116173267364502e-01,-1.668416410684585571e-01,1.627328097820281982e-01,2.696325182914733887e-01,-4.750286936759948730e-01,-4.796467423439025879e-01,-4.872583597898483276e-02,-1.287440508604049683e-01,1.943415105342864990e-01,-7.413348648697137833e-03,1.931613236665725708e-01,3.735054135322570801e-01,-8.642709255218505859e-02,7.663416117429733276e-02,3.041538037359714508e-02,8.412888646125793457e-02,-2.241623252630233765e-01,4.977994039654731750e-02,3.784066764637827873e-03,3.520922958850860596e-01,-1.756392717361450195e-01,-3.203545808792114258e-01,-2.268377095460891724e-01,-1.871394515037536621e-01,-1.101647689938545227e-01,-4.405765235424041748e-01,-2.938022911548614502e-01,9.245319664478302002e-02,1.224662438035011292e-01,-3.277308121323585510e-02,7.526332978159189224e-03,-3.121746145188808441e-02,2.224215865135192871e-01,2.896606624126434326e-01
1.871162205934524536e-01,3.973946273326873779e-01,3.268626332283020020e-02,3.098478913307189941e-01,0.000000000000000000e+00,6.197305321693420410e-01,3.153843060135841370e-02,7.983794063329696655e-02,5.912873744964599609e-01,2.314266264438629150e-01,6.409437954425811768e-02,-1.392522156238555908e-01,7.550152391195297241e-02,-1.158623583614826202e-02,4.601146280765533447e-01,2.306695580482482910e-01,1.355784833431243896e-01,2.079541236162185669e-01,7.515565305948257446e-02,9.515732526779174805e-02,1.273823529481887817e-01,-1.506897807121276855e-02,2.020978629589080811e-01,2.502116262912750244e-01,5.153532028198242188e-01,5.956505537033081055e-01,2.718355357646942139e-01,3.749494850635528564e-01,1.113982945680618286e-01,9.167610853910446167e-02,2.798788845539093018e-01,2.293971031904220581e-01,7.839109003543853760e-02,9.891986101865768433e-02,1.667271703481674194e-01,1.825526654720306396e-01,-3.465150669217109680e-02,-2.245168834924697876e-01,-2.114696502685546875e-01,-1.900181174278259277e-01,-2.642796635627746582e-01,-2.016224265098571777e-01,2.402340769767761230e-01,1.818089485168457031e-01,2.361619323492050171e-01,2.057391554117202759e-01,2.288637608289718628e-01,4.425551742315292358e-02,1.292037218809127808e-01,9.990832209587097168e-02,-1.779711805284023285e-02,-8.472829125821590424e-03,3.214094042778015137e-02,-1.250059604644775391e-01,1.117981597781181335e-01,9.654273092746734619e-02,3.884335756301879883e-01,2.732653915882110596e-01,9.081327915191650391e-02,-9.630613774061203003e-02,-1.704857498407363892e-02,-2.366790473461151123e-01,2.692821919918060303e-01,-8.281768858432769775e-02,1.075597032904624939e-01,-3.333204612135887146e-02,2.425036132335662842e-01,1.791920065879821777e-01,3.556647300720214844e-01,3.261296749114990234e-01,1.190348789095878601e-01,-5.359064671210944653e-04,-1.523703336715698242e-01,-1.045249123126268387e-02,-2.474286407232284546e-01,5.659215524792671204e-02,-9.262593090534210205e-02,-2.067992836236953735e-01,2.291757017374038696e-01,2.616666853427886963e-01,2.634263038635253906e-01,1.797254532575607300e-01,-1.959380507469177246e-02,1.772708073258399963e-02,3.669872581958770752e-01,1.442006677389144897e-01,-1.075465455651283264e-01,-1.081172227859497070e-01,1.480047702789306641e-01,-7.014770805835723877e-02,-5.230949446558952332e-02,-1.627513319253921509e-01,-6.749618798494338989e-02,-2.344149351119995117e-02,1.397442654706537724e-03,1.464523375034332275e-01,5.281289666891098022e-02,6.796844303607940674e-02,-2.475316673517227173e-01,-1.617904901504516602e-01,-1.121264025568962097e-01,5.637175217270851135e-02,-1.998295821249485016e-02,-1.545091271400451660e-01,-6.690021604299545288e-02,-7.233794033527374268e-02,-1.028357073664665222e-02,-2.407576739788055420e-01,-2.080802768468856812e-01,1.409423165023326874e-02,1.245985925197601318e-01,-1.762104630470275879e-01,-2.623481452465057373e-01,-3.350857645273208618e-02,1.273391544818878174e-01,1.852406412363052368e-01
2.361099869012832642e-01,3.953519761562347412e-01,-2.049226015806198120e-01,3.642258346080780029e-01,6.197305321693420410e-01,0.000000000000000000e+00,3.456435352563858032e-02,4.969002306461334229e-02,6.255736351013183594e-01,4.082113802433013916e-01,2.886976599693298340e-01,4.806518554687500000e-03,1.776469498872756958e-01,8.370879292488098145e-02,3.857437372207641602e-01,2.680273056030273438e-01,1.525410115718841553e-01,1.567151844501495361e-01,2.512746155261993408e-01,3.125474154949188232e-01,1.538044214248657227e-01,-2.105499617755413055e-02,1.516763120889663696e-01,1.905613541603088379e-01,3.484537005424499512e-01,5.508546829223632812e-01,1.652175635099411011e-01,3.137326836585998535e-01,1.900124400854110718e-01,1.868852674961090088e-01,4.432815909385681152e-01,3.362332880496978760e-01,2.168534845113754272e-01,2.757045924663543701e-01,1.696060597896575928e-01,3.044690191745758057e-01,9.554933011531829834e-02,-2.306685894727706909e-01,-1.860462874174118042e-01,-2.076191455125808716e-01,-2.791577875614166260e-01,-2.145654708147048950e-01,1.578381359577178955e-01,1.900514811277389526e-01,1.101612672209739685e-01,7.978540658950805664e-02,1.428388506174087524e-01,4.137610644102096558e-02,9.403259307146072388e-02,-2.996657975018024445e-02,-1.489756256341934204e-01,-1.127068027853965759e-01,-5.849255621433258057e-02,-2.434215247631072998e-01,6.522832065820693970e-02,5.760447308421134949e-02,3.076334297657012939e-01,2.227603197097778320e-01,1.198714077472686768e-01,-1.223771460354328156e-02,1.358077079057693481e-01,-2.707836776971817017e-02,3.287617564201354980e-01,1.004661321640014648e-01,1.294255703687667847e-01,6.304039061069488525e-02,2.713997364044189453e-01,3.051598072052001953e-01,2.871453464031219482e-01,2.476083040237426758e-01,1.691509038209915161e-01,6.467442959547042847e-02,-8.907366544008255005e-02,1.397097855806350708e-01,-1.713552772998809814e-01,1.045507714152336121e-01,1.201955154538154602e-01,5.148804187774658203e-02,2.576237022876739502e-01,3.033938407897949219e-01,2.729359269142150879e-01,8.015568554401397705e-02,-1.552292108535766602e-01,-9.569253772497177124e-02,1.871019005775451660e-01,2.427545189857482910e-02,-1.723699122667312622e-01,-9.267595410346984863e-02,7.708454877138137817e-02,-7.524745166301727295e-02,1.246428564190864563e-01,-6.840402632951736450e-02,1.138884127140045166e-01,-1.080403849482536316e-02,1.450279355049133301e-01,2.497503012418746948e-01,2.425901889801025391e-01,2.699627578258514404e-01,2.897733263671398163e-02,2.365494519472122192e-02,3.244850784540176392e-02,1.763437390327453613e-01,2.430276721715927124e-01,1.043987181037664413e-02,1.246163919568061829e-01,3.043031878769397736e-02,1.067532412707805634e-02,-1.421586126089096069e-01,1.004913914948701859e-02,1.436454802751541138e-01,2.519718706607818604e-01,-3.361219540238380432e-02,-1.343535035848617554e-01,1.275214403867721558e-01,-3.806253895163536072e-02,1.987874954938888550e-01
5.918255820870399475e-02,-1.191514879465103149e-01,4.753806889057159424e-01,4.159813523292541504e-01,3.153843060135841370e-02,3.456435352563858032e-02,0.000000000000000000e+00,5.094003081321716309e-01,1.789868623018264771e-01,2.009624242782592773e-01,-3.323404118418693542e-02,1.188927218317985535e-01,3.145462572574615479e-01,1.958979964256286621e-01,-7.613037526607513428e-02,-4.128282889723777771e-02,-2.079914696514606476e-02,-3.218935430049896240e-02,4.213507473468780518e-02,6.533643603324890137e-02,-3.156214356422424316e-01,-2.699643075466156006e-01,2.199784368276596069e-01,3.437788784503936768e-01,-6.117351353168487549e-02,6.361784040927886963e-02,3.829047456383705139e-02,-1.373242307454347610e-02,1.469742357730865479e-01,1.373808383941650391e-01,-7.213836163282394409e-02,-8.678861707448959351e-02,1.079456582665443420e-01,9.678014367818832397e-02,-7.602830231189727783e-02,-4.526656121015548706e-02,-2.452493607997894287e-01,-2.039473503828048706e-01,-3.030710220336914062e-01,-2.982674241065979004e-01,-2.774493396282196045e-01,-6.853997707366943359e-03,-1.158727891743183136e-02,4.525325074791908264e-02,7.655295729637145996e-02,-1.953066140413284302e-02,-7.855239510536193848e-02,-1.637430787086486816e-01,-5.835828930139541626e-02,-7.061215490102767944e-02,5.260126292705535889e-02,2.421203069388866425e-02,-1.674106866121292114e-01,9.363400191068649292e-02,-3.283194303512573242e-01,-1.164952814579010010e-01,7.592834532260894775e-03,-2.656151652336120605e-01,-1.041265800595283508e-01,-3.261089622974395752e-01,1.151665598154067993e-01,-1.565957665443420410e-01,5.715055763721466064e-02,-4.088110476732254028e-02,7.400223612785339355e-02,-2.267396599054336548e-01,-1.278540194034576416e-01,-9.860445559024810791e-02,-1.559490114450454712e-01,-1.537321656942367554e-01,5.245123058557510376e-03,2.255421690642833710e-02,6.463969498872756958e-02,2.194641828536987305e-01,-2.346634119749069214e-01,2.565094828605651855e-02,-3.470452129840850830e-02,-5.498703196644783020e-02,-9.126485139131546021e-02,1.622348278760910034e-01,-7.372850924730300903e-02,2.439336106181144714e-02,-2.887547016143798828e-01,-1.607862263917922974e-01,-8.381223678588867188e-02,2.192267626523971558e-01,-4.158780872821807861e-01,-3.055532574653625488e-01,-3.439996838569641113e-01,-4.974118620157241821e-02,-1.701294630765914917e-01,-1.631255298852920532e-01,-4.187045991420745850e-02,2.500427067279815674e-01,-2.882288694381713867e-01,-1.598746776580810547e-01,-1.879941076040267944e-01,-6.011400744318962097e-02,-3.359640538692474365e-01,-2.005799114704132080e-01,-1.119558885693550110e-01,1.278914324939250946e-02,-4.028064608573913574e-01,-2.124809920787811279e-01,-3.641403019428253174e-01,-1.817177832126617432e-01,-2.112495154142379761e-01,-2.266375869512557983e-01,-2.982788085937500000e-01,-1.022425070405006409e-01,-2.369478195905685425e-01,-2.229439467191696167e-01,-8.329740911722183228e-02,-1.747124046087265015e-01,1.646024882793426514e-01,1.643466576933860779e-02
-1.974218040704727173e-01,-1.426257342100143433e-01,1.609129309654235840e-01,4.188570678234100342e-01,7.983794063329696655e-02,4.969002306461334229e-02,5.094003081321716309e-01,0.000000000000000000e+00,2.410480529069900513e-01,2.673327624797821045e-01,1.010685637593269348e-01,2.731205224990844727e-01,2.536357045173645020e-01,4.291757047176361084e-01,1.437211036682128906e-01,-1.888625472784042358e-01,8.971072733402252197e-02,6.580106914043426514e-02,-3.458033874630928040e-02,1.805364489555358887e-01,-2.829517722129821777e-01,-1.931330710649490356e-01,2.575534880161285400e-01,3.503369987010955811e-01,-1.494520306587219238e-01,-3.254836192354559898e-03,1.545649021863937378e-02,1.847045868635177612e-02,2.079837322235107422e-01,2.969694137573242188e-01,1.938149891793727875e-02,-6.566065549850463867e-02,8.187989145517349243e-02,1.920130997896194458e-01,-1.020387783646583557e-01,-1.908157579600811005e-02,-2.012658417224884033e-01,-8.971916884183883667e-02,-2.848109006881713867e-01,-3.642393052577972412e-01,-1.342085003852844238e-01,-4.752825945615768433e-02,-1.304998993873596191e-02,1.516915410757064819e-01,-1.095938906073570251e-01,-2.168466448783874512e-01,-1.313972771167755127e-01,-1.392052769660949707e-01,-2.082430422306060791e-01,-2.000685781240463257e-01,-5.589665845036506653e-02,-8.423665165901184082e-02,-1.504551172256469727e-01,-9.660028666257858276e-02,-2.158353328704833984e-01,-2.562606930732727051e-01,-2.019372284412384033e-01,-2.949064671993255615e-01,-3.106114864349365234e-01,-2.845185101032257080e-01,1.621161550283432007e-01,8.331659436225891113e-02,1.696526072919368744e-02,1.644365787506103516e-01,-1.843920210376381874e-03,-1.655111908912658691e-01,-3.990419209003448486e-01,-3.333447575569152832e-01,-3.198530077934265137e-01,-3.463027477264404297e-01,2.126924246549606323e-01,1.650646179914474487e-01,1.139695867896080017e-01,2.692605257034301758e-01,-2.629738152027130127e-01,5.021253600716590881e-02,1.275652647018432617e-01,7.201935350894927979e-02,-9.681382216513156891e-03,1.464655995368957520e-01,-1.274089445360004902e-04,4.976237192749977112e-02,-8.067940920591354370e-02,-1.643927693367004395e-01,2.081397473812103271e-01,-1.928550563752651215e-02,-3.742161393165588379e-01,-4.261200428009033203e-01,-1.072754487395286560e-01,-3.689673542976379395e-01,-7.722804695367813110e-02,-1.752933263778686523e-01,1.422200798988342285e-01,1.498286128044128418e-01,-1.679051071405410767e-01,-3.852477297186851501e-02,-2.679836936295032501e-02,-8.688003569841384888e-02,-2.716982066631317139e-01,-9.041392058134078979e-02,6.993824988603591919e-02,9.973444975912570953e-03,-3.649496138095855713e-01,-2.870504856109619141e-01,-3.023186028003692627e-01,-2.931674718856811523e-01,-1.384278982877731323e-01,-2.894791066646575928e-01,-1.589671075344085693e-01,4.666242748498916626e-02,-1.526653915643692017e-01,-2.165996283292770386e-01,-3.794949734583497047e-03,-1.398196518421173096e-01,2.129836082458496094e-01,6.050899624824523926e-02
1.119390726089477539e-01,3.448855280876159668e-01,-1.479832828044891357e-01,5.408567786216735840e-01,5.912873744964599609e-01,6.255736351013183594e-01,1.789868623018264771e-01,2.410480529069900513e-01,0.000000000000000000e+00,3.554945588111877441e-01,2.052777409553527832e-01,-2.459233440458774567e-02,2.673665583133697510e-01,1.754843741655349731e-01,4.348646700382232666e-01,1.267280280590057373e-01,1.354341208934783936e-01,2.078249007463455200e-01,8.801376074552536011e-02,2.408605217933654785e-01,-1.528020650148391724e-01,-3.193317949771881104e-01,3.484397530555725098e-01,4.498587548732757568e-01,1.394524574279785156e-01,3.974746763706207275e-01,1.837670803070068359e-01,3.622228801250457764e-01,2.396433949470520020e-01,3.053986132144927979e-01,3.648746609687805176e-01,1.287160366773605347e-01,2.234194278717041016e-01,3.402726352214813232e-01,2.347658872604370117e-01,3.717344701290130615e-01,-9.306909143924713135e-02,-1.845489293336868286e-01,-3.721402883529663086e-01,-4.811293780803680420e-01,-4.082190394401550293e-01,-3.738485574722290039e-01,2.838021814823150635e-01,3.224691748619079590e-01,1.431908458471298218e-01,1.023058220744132996e-01,2.513456940650939941e-01,1.109877228736877441e-01,4.416870325803756714e-02,3.375637531280517578e-02,1.649494655430316925e-02,5.399816110730171204e-02,1.307765301316976547e-02,-2.876503765583038330e-01,-4.390520043671131134e-03,8.542589098215103149e-02,3.335549235343933105e-01,6.159227713942527771e-02,6.982634775340557098e-03,-3.158995509147644043e-01,2.107309103012084961e-01,-1.926358491182327271e-01,3.169470727443695068e-01,8.671244233846664429e-02,2.078544199466705322e-01,-1.658344268798828125e-01,1.629332751035690308e-01,1.948989778757095337e-01,2.815287709236145020e-01,1.725772172212600708e-01,8.873569220304489136e-02,-4.205806180834770203e-02,-2.465465813875198364e-01,1.384899467229843140e-01,-3.826434016227722168e-01,2.807666957378387451e-01,6.552837044000625610e-02,-9.596767276525497437e-02,1.158744618296623230e-01,3.199584484100341797e-01,2.166090309619903564e-01,1.942403912544250488e-01,-1.872761547565460205e-01,-5.941488221287727356e-02,3.376638889312744141e-01,2.087769359350204468e-01,-3.340896368026733398e-01,-4.133617877960205078e-01,1.221491321921348572e-01,-2.438223659992218018e-01,2.555268406867980957e-01,-9.019638597965240479e-02,2.540759444236755371e-01,1.978619247674942017e-01,6.592124234884977341e-03,2.710270583629608154e-01,1.969794183969497681e-01,1.746488958597183228e-01,-2.302991449832916260e-01,-1.193227153271436691e-02,6.172256916761398315e-02,3.366515934467315674e-01,-7.600450515747070312e-02,-3.855543732643127441e-01,-1.476961076259613037e-01,-1.412736624479293823e-01,-1.599580608308315277e-02,-4.625092744827270508e-01,-1.872788816690444946e-01,1.297227591276168823e-01,1.791603118181228638e-01,-1.445560753345489502e-01,-1.454880237579345703e-01,-5.188815295696258545e-02,7.266199588775634766e-02,3.729145824909210205e-01
-1.479633003473281860e-01,-1.553294956684112549e-01,-7.339119911193847656e-02,2.009032964706420898e-01,2.314266264438629150e-01,4.082113802433013916e-01,2.009624242782592773e-01,2.673327624797821045e-01,3.554945588111877441e-01,0.000000000000000000e+00,1.241217404603958130e-01,1.337500661611557007e-01,1.134865581989288330e-01,2.635205686092376709e-01,3.773279488086700439e-01,1.921955198049545288e-01,5.508545041084289551e-02,1.847596094012260437e-02,-4.249897226691246033e-02,1.011247932910919189e-01,-1.189599484205245972e-01,-8.715138584375381470e-02,-5.533754080533981323e-02,1.402053236961364746e-01,4.504747688770294189e-02,1.742137074470520020e-01,2.952849864959716797e-01,3.494898378849029541e-01,1.301681399345397949e-01,1.760362088680267334e-01,1.411447823047637939e-01,8.799620717763900757e-02,-3.272566571831703186e-02,5.266566202044487000e-02,-7.174246758222579956e-02,6.032324582338333130e-02,-1.676156222820281982e-01,-1.375947296619415283e-01,-2.161243557929992676e-01,-2.271395623683929443e-01,-1.342074871063232422e-01,-7.441129069775342941e-03,-1.035127192735671997e-01,3.295395523309707642e-02,-1.214595586061477661e-01,-1.958517134189605713e-01,-2.046137452125549316e-01,-2.699647247791290283e-01,-4.207614809274673462e-02,-1.265237331390380859e-01,-1.683285683393478394e-01,-1.509256213903427124e-01,-3.259657621383666992e-01,-2.762929201126098633e-01,-2.390698194503784180e-01,-3.144807815551757812e-01,-1.400612741708755493e-01,-2.032918184995651245e-01,-1.294373422861099243e-01,-8.222810178995132446e-02,8.996215462684631348e-02,4.050590842962265015e-02,-1.049193292856216431e-01,1.719732396304607391e-02,9.795385599136352539e-02,1.016157865524291992e-01,-1.886864602565765381e-01,-1.158607825636863708e-01,-1.826113760471343994e-01,-2.016665041446685791e-01,1.418788731098175049e-01,1.280767768621444702e-01,8.356242626905441284e-02,2.020742744207382202e-01,-9.540079534053802490e-02,1.336454898118972778e-01,1.434786766767501831e-01,9.696444869041442871e-02,-1.800544932484626770e-02,7.469563186168670654e-02,-4.574308544397354126e-02,3.521505370736122131e-02,-3.405093029141426086e-02,-1.610949486494064331e-01,-2.751316409558057785e-03,-1.539868712425231934e-01,-1.599037796258926392e-01,-1.929305344820022583e-01,-1.263882666826248169e-01,-2.789605855941772461e-01,1.207881197333335876e-01,1.839111745357513428e-02,2.201603204011917114e-01,3.257633373141288757e-02,-3.325388208031654358e-02,-3.007096052169799805e-02,7.853785157203674316e-02,1.891109347343444824e-02,-4.404732584953308105e-02,3.944572061300277710e-02,1.663577556610107422e-01,-2.146505936980247498e-02,-2.257364615797996521e-02,-4.961030930280685425e-02,-7.742015272378921509e-02,-1.162697896361351013e-01,1.057111565023660660e-02,-4.006342496722936630e-03,1.259533762931823730e-01,5.213015899062156677e-02,-3.139895852655172348e-03,-9.251528978347778320e-02,-6.860876828432083130e-02,-8.329909294843673706e-02,3.186406940221786499e-02,5.541444569826126099e-02
9.734395146369934082e-02,1.000249162316322327e-01,-4.105659425258636475e-01,8.463911712169647217e-02,6.409437954425811768e-02,2.886976599693298340e-01,-3.323404118418693542e-02,1.010685637593269348e-01,2.052777409553527832e-01,1.241217404603958130e-01,0.000000000000000000e+00,4.158517122268676758e-01,4.827007949352264404e-01,3.590148091316223145e-01,3.181439042091369629e-01,2.938043773174285889e-01,3.448798358440399170e-01,3.107708096504211426e-01,3.320300281047821045e-01,3.483392298221588135e-01,1.472683697938919067e-01,-5.728253722190856934e-02,1.897733211517333984e-01,1.120805740356445312e-02,-7.905023545026779175e-02,8.360394835472106934e-02,-1.698675900697708130e-01,3.012481704354286194e-02,4.492470622062683105e-01,3.713334500789642334e-01,4.317628741264343262e-01,3.706128597259521484e-01,2.779284715652465820e-01,4.538643956184387207e-01,2.051435112953186035e-01,3.418143391609191895e-01,2.234841585159301758e-01,1.110994257032871246e-02,6.422424316406250000e-02,-1.531953364610671997e-01,-9.311472065746784210e-03,-1.545050740242004395e-01,-4.680878948420286179e-03,6.316722836345434189e-03,-2.060324996709823608e-01,-3.161721527576446533e-01,-2.399668842554092407e-02,4.851960018277168274e-02,-2.281664907932281494e-01,-2.742922604084014893e-01,-3.225353956222534180e-01,-2.501444518566131592e-01,-2.766703665256500244e-01,-4.878327250480651855e-01,2.117541581392288208e-01,1.573092639446258545e-01,-4.133174195885658264e-02,-1.342998701147735119e-03,-5.073371157050132751e-02,7.007756270468235016e-03,4.397589564323425293e-01,3.161760866641998291e-01,4.095427393913269043e-01,4.260120689868927002e-01,1.903041899204254150e-01,2.124361246824264526e-01,-4.339847713708877563e-02,8.099152892827987671e-02,-1.586335152387619019e-02,-1.401832848787307739e-01,3.793436288833618164e-01,3.365654349327087402e-01,2.742998003959655762e-01,3.972053229808807373e-01,3.442027047276496887e-02,3.129338920116424561e-01,5.353865623474121094e-01,4.290831089019775391e-01,2.914016246795654297e-01,4.223923683166503906e-01,3.639929592609405518e-01,2.638213634490966797e-01,-2.223807573318481445e-02,-4.224279522895812988e-02,3.302274942398071289e-01,1.803882792592048645e-02,-9.790611267089843750e-02,-6.798743456602096558e-02,1.173935979604721069e-01,-1.281862407922744751e-01,-2.119075693190097809e-02,-2.085855901241302490e-01,3.231950849294662476e-02,-2.844843566417694092e-01,2.463788241147994995e-01,3.098237812519073486e-01,3.122650384902954102e-01,3.101567029953002930e-01,2.123733162879943848e-01,2.095365673303604126e-01,-3.693602979183197021e-02,-4.598229005932807922e-02,1.898432672023773193e-01,-9.472616016864776611e-02,1.783631145954132080e-01,5.344311147928237915e-02,7.990500889718532562e-03,-1.919887661933898926e-01,1.622999757528305054e-01,1.845370829105377197e-01,2.054200917482376099e-01,3.232473134994506836e-02,1.324263960123062134e-02,2.392342835664749146e-01,-1.557729095220565796e-01,2.431908398866653442e-01
-2.278090454638004303e-02,-1.335095018148422241e-01,-1.376471072435379028e-01,-4.620243608951568604e-02,-1.392522156238555908e-01,4.806518554687500000e-03,1.188927218317985535e-01,2.731205224990844727e-01,-2.459233440458774567e-02,1.337500661611557007e-01,4.158517122268676758e-01,0.000000000000000000e+00,2.946760058403015137e-01,5.117392539978027344e-01,9.015907347202301025e-02,8.708713948726654053e-02,2.957731485366821289e-01,3.733688592910766602e-01,2.190313488245010376e-01,3.427150547504425049e-01,1.015773788094520569e-01,7.517748326063156128e-02,-2.116866037249565125e-02,-9.645988792181015015e-02,-1.618451923131942749e-01,-7.724633067846298218e-02,-1.236361414194107056e-01,-8.888983167707920074e-03,4.317777156829833984e-01,5.560040473937988281e-01,2.634693384170532227e-01,2.502408623695373535e-01,2.360038161277770996e-01,4.081373512744903564e-01,2.616403810679912567e-02,1.058269813656806946e-01,1.368633061647415161e-01,2.469359524548053741e-02,-8.137919008731842041e-02,-1.614024192094802856e-01,7.493535429239273071e-02,7.386386394500732422e-02,-1.683744192123413086e-01,-1.319784075021743774e-01,-2.612259685993194580e-01,-3.930889368057250977e-01,-2.515077292919158936e-01,-1.973583251237869263e-01,-2.712877690792083740e-01,-3.533821702003479004e-01,-3.251200020313262939e-01,-3.423211574554443359e-01,-4.703361392021179199e-01,-3.543887138366699219e-01,-6.039934232831001282e-02,-1.304608285427093506e-01,-3.202980458736419678e-01,-1.436838507652282715e-01,-1.515089720487594604e-01,3.320223838090896606e-02,3.763013780117034912e-01,3.449276983737945557e-01,2.815317511558532715e-01,5.504594445228576660e-01,5.258643999695777893e-02,1.879451423883438110e-01,-2.994233071804046631e-01,-1.476147323846817017e-01,-3.120065629482269287e-01,-3.387392461299896240e-01,3.560660779476165771e-01,4.122300148010253906e-01,4.999093711376190186e-01,4.823984205722808838e-01,8.532819896936416626e-02,6.448491662740707397e-02,5.320061445236206055e-01,5.674793720245361328e-01,1.924598664045333862e-01,2.327804565429687500e-01,2.248322814702987671e-01,1.290053874254226685e-01,-2.757374383509159088e-02,-1.283249557018280029e-01,3.230987489223480225e-02,-1.889860033988952637e-01,-1.700837761163711548e-01,-8.654102683067321777e-02,-1.050430610775947571e-01,-2.971847951412200928e-01,-8.417348563671112061e-02,-1.706690341234207153e-01,6.769055128097534180e-02,-2.269700169563293457e-01,1.228043586015701294e-01,1.129582449793815613e-01,2.128813117742538452e-01,1.611986011266708374e-01,2.193635851144790649e-01,1.008642539381980896e-01,5.721632763743400574e-02,-1.459412127733230591e-01,7.208611071109771729e-02,1.448722276836633682e-02,1.100099459290504456e-01,4.304749518632888794e-02,-1.808071136474609375e-02,-5.536140501499176025e-02,2.576711177825927734e-01,4.549742490053176880e-02,1.105871796607971191e-01,1.290717162191867828e-02,2.980805747210979462e-02,1.359436810016632080e-01,-1.154798343777656555e-01,6.343718618154525757e-02
3.321274369955062866e-02,6.240674853324890137e-02,2.102405764162540436e-02,2.603262662887573242e-01,7.550152391195297241e-02,1.776469498872756958e-01,3.145462572574615479e-01,2.536357045173645020e-01,2.673665583133697510e-01,1.134865581989288330e-01,4.827007949352264404e-01,2.946760058403015137e-01,0.000000000000000000e+00,4.943764805793762207e-01,1.538509577512741089e-01,1.440983414649963379e-01,3.697702884674072266e-01,3.306781053543090820e-01,1.781764328479766846e-01,2.508330345153808594e-01,-1.263242308050394058e-02,-1.826122701168060303e-01,3.404181301593780518e-01,3.289746046066284180e-01,-4.657887388020753860e-03,1.651831716299057007e-01,-1.176676154136657715e-02,-4.481249675154685974e-02,4.851183593273162842e-01,3.421322405338287354e-01,4.191466271877288818e-01,3.223207890987396240e-01,1.961434483528137207e-01,3.846102654933929443e-01,2.545436024665832520e-01,2.133659124374389648e-01,9.087516367435455322e-02,-4.441785439848899841e-02,-1.271221339702606201e-01,-2.802281081676483154e-01,-1.916197538375854492e-01,-1.920802593231201172e-01,1.264345347881317139e-01,1.131917983293533325e-01,5.859035626053810120e-02,-9.020230919122695923e-02,-2.539656683802604675e-02,-9.747362881898880005e-02,-1.173516660928726196e-01,-2.128187268972396851e-01,-1.780952215194702148e-01,-1.980052441358566284e-01,-2.430583983659744263e-01,-2.907840907573699951e-01,-1.248649507761001587e-01,-1.062586903572082520e-01,6.109272316098213196e-02,-1.651513874530792236e-01,-2.089828997850418091e-01,-3.831045031547546387e-01,3.205060064792633057e-01,-4.353222995996475220e-02,4.235491156578063965e-01,2.870186269283294678e-01,3.962515294551849365e-01,6.343366950750350952e-02,-5.972643941640853882e-02,-4.239478334784507751e-02,-6.833818554878234863e-02,-1.559138894081115723e-01,1.515261381864547729e-01,1.304322034120559692e-01,1.281394511461257935e-01,2.714116275310516357e-01,-6.384614855051040649e-02,2.792031466960906982e-01,2.340154796838760376e-01,1.595153212547302246e-01,3.026894629001617432e-01,3.992500007152557373e-01,3.986508250236511230e-01,3.575985431671142578e-01,-8.607680350542068481e-02,3.011343069374561310e-02,2.254804968833923340e-01,8.927709609270095825e-02,-2.059937417507171631e-01,-2.162296622991561890e-01,-1.616950333118438721e-01,-2.549951374530792236e-01,-1.006044670939445496e-01,-1.958540976047515869e-01,6.792961806058883667e-02,5.674829334020614624e-02,7.860351353883743286e-03,2.237493842840194702e-01,1.317099481821060181e-01,9.291553497314453125e-02,-1.543383449316024780e-01,-1.909996867179870605e-01,1.530088670551776886e-02,1.551141738891601562e-01,-9.120114892721176147e-02,-1.825019866228103638e-01,-1.558535993099212646e-01,-1.413732171058654785e-01,-1.429408490657806396e-01,-2.118553668260574341e-01,-2.605635114014148712e-02,1.117178723216056824e-01,-1.011289730668067932e-01,-2.729884982109069824e-01,-1.111017838120460510e-01,8.723314851522445679e-03,-5.010740831494331360e-02,1.246085241436958313e-01
