0.000000000000000000e+00,6.133921146392822266e-01,1.695008873939514160e-01,3.867958188056945801e-01,1.655729264020919800e-01,2.509548366069793701e-01,2.194796502590179443e-02,-7.414600253105163574e-02,-1.087901089340448380e-02,-5.125796049833297729e-02,4.219187498092651367e-01,2.432364076375961304e-01,1.960671991109848022e-01,-6.834707409143447876e-02,-5.649281665682792664e-03,-3.859433904290199280e-02,2.582092881202697754e-01,5.312646925449371338e-02,5.186837315559387207e-01,4.923760592937469482e-01,-5.976288020610809326e-02,2.792713344097137451e-01,-2.497178316116333008e-01,-8.932022005319595337e-02,7.801590487360954285e-03,-5.743661895394325256e-02,1.369684785604476929e-01,1.182583197951316833e-01,-8.814153075218200684e-02,4.049336910247802734e-02,-6.434611976146697998e-02,9.103860706090927124e-03,-5.246370658278465271e-02,1.117594074457883835e-02,-1.898147910833358765e-01,-1.618656963109970093e-01,-1.261395215988159180e-01,-1.152361482381820679e-01,-2.504751682281494141e-01,-2.088906317949295044e-01,1.840693354606628418e-01,-4.415317624807357788e-02,-4.238131344318389893e-01,-3.187816739082336426e-01,-2.670921087265014648e-01,-2.947466671466827393e-01,-2.638978958129882812e-01,-3.105014860630035400e-01,-2.305045574903488159e-01,-1.856413185596466064e-01,-2.439365088939666748e-01,-2.796952128410339355e-01,-1.896225810050964355e-01,-2.638376653194427490e-01,-8.912190794944763184e-02,-4.436774179339408875e-02,6.199472546577453613e-01,6.502145528793334961e-01,3.735988736152648926e-01,1.355934143066406250e-01,3.261215686798095703e-01,3.758988529443740845e-02,3.688159883022308350e-01,-5.074254004284739494e-04,-3.956916555762290955e-02,-1.193456947803497314e-01,9.963374584913253784e-02,7.316376268863677979e-02,4.307222366333007812e-01,4.982903003692626953e-01,2.791889607906341553e-01,2.144942432641983032e-01,1.988185197114944458e-01,3.825652003288269043e-01,-8.113729953765869141e-02,-5.675384029746055603e-02,4.147639870643615723e-02,-6.058583036065101624e-03,-5.361982807517051697e-02,-5.359173193573951721e-02,1.522538661956787109e-01,1.620439887046813965e-01,-8.174630254507064819e-02,-1.322708725929260254e-01,9.295370429754257202e-02,-7.818037271499633789e-02,-1.448360923677682877e-02,-1.126862540841102600e-01,-5.025385320186614990e-02,-2.458805777132511139e-02,-4.422821402549743652e-01,-4.203835725784301758e-01,-3.020265102386474609e-01,-2.613062262535095215e-01,1.932882890105247498e-02,1.014917269349098206e-01,2.567837238311767578e-01,1.415008157491683960e-01,-1.668604314327239990e-01,-1.735215336084365845e-01,8.686608076095581055e-02,1.803950816392898560e-01,1.204168051481246948e-01,1.729709357023239136e-01,-1.763317734003067017e-01,-2.353764474391937256e-01,1.126976013183593750e-01,8.899182081222534180e-02,2.414401993155479431e-02,1.053751707077026367e-01,-3.663347661495208740e-02,-1.062114760279655457e-01,-3.192805945873260498e-01,-9.569165110588073730e-02,-1.310992836952209473e-01,-8.090604096651077271e-02
6.133921146392822266e-01,0.000000000000000000e+00,-4.814956337213516235e-02,3.061838448047637939e-01,8.618561923503875732e-02,3.374705016613006592e-01,-2.882194221019744873e-01,-1.980646848678588867e-01,-1.514364778995513916e-01,-2.301006317138671875e-01,2.527975738048553467e-01,9.314236044883728027e-02,-5.744168162345886230e-02,-3.718935698270797729e-02,-2.199460566043853760e-02,-1.556527893990278244e-02,3.858513832092285156e-01,2.659461498260498047e-01,5.400258302688598633e-01,5.182913541793823242e-01,-5.765391513705253601e-02,1.129497066140174866e-01,-3.145163655281066895e-01,-1.703845411539077759e-01,1.233606785535812378e-02,-1.084375474601984024e-02,7.837765663862228394e-02,7.520499825477600098e-02,-1.440042536705732346e-02,8.517124503850936890e-02,-5.778283253312110901e-02,-6.249302532523870468e-03,-1.349214464426040649e-01,-9.017828106880187988e-02,-2.295708954334259033e-01,-2.123057991266250610e-01,-3.865334391593933105e-02,-5.343524366617202759e-02,-2.194026261568069458e-01,-1.899196505546569824e-01,1.271802783012390137e-01,2.748907729983329773e-02,-2.407279014587402344e-01,-2.112822532653808594e-01,-1.539223492145538330e-01,-1.541355699300765991e-01,-1.127251237630844116e-01,-1.721159219741821289e-01,-8.669234812259674072e-02,-1.127157881855964661e-01,-1.014856621623039246e-01,-1.603787839412689209e-01,4.327132366597652435e-03,-1.399827450513839722e-01,-2.552262134850025177e-02,-4.019462317228317261e-02,7.780104279518127441e-01,7.338843941688537598e-01,1.683477163314819336e-01,-1.045108959078788757e-01,1.553244702517986298e-02,-2.250320166349411011e-01,3.503246307373046875e-01,-6.116305291652679443e-02,-1.793259941041469574e-02,-2.033290117979049683e-01,-4.687158763408660889e-02,-2.047385275363922119e-02,5.564792156219482422e-01,4.775611162185668945e-01,1.567702740430831909e-01,9.194975346326828003e-02,1.067012250423431396e-01,2.738340795040130615e-01,-2.007928937673568726e-01,-8.513189107179641724e-02,-1.103558540344238281e-01,-1.036650016903877258e-01,1.230598017573356628e-01,7.720168679952621460e-02,3.429106473922729492e-01,4.203414320945739746e-01,1.123300846666097641e-02,6.663421541452407837e-02,1.662066578865051270e-01,-3.196908533573150635e-02,-9.737583994865417480e-02,-1.306333392858505249e-01,-1.892724186182022095e-01,-1.206777468323707581e-01,-4.133940339088439941e-01,-4.415099322795867920e-01,-3.137487471103668213e-01,-3.810139894485473633e-01,-1.188383623957633972e-02,7.922790944576263428e-02,2.662734687328338623e-01,1.783719509840011597e-01,-1.402248740196228027e-01,-1.247263476252555847e-01,3.943996503949165344e-02,9.045363962650299072e-02,8.946045488119125366e-02,1.219544634222984314e-01,-1.688075065612792969e-01,-1.883628666400909424e-01,3.558889776468276978e-02,-8.065483532845973969e-03,-5.335583165287971497e-02,5.670382454991340637e-02,-3.316473960876464844e-02,-1.337924748659133911e-01,-1.833064407110214233e-01,2.371513657271862030e-02,-1.814603954553604126e-01,-4.630674049258232117e-02
1.695008873939514160e-01,-4.814956337213516235e-02,0.000000000000000000e+00,5.060922503471374512e-01,3.243190348148345947e-01,1.637474298477172852e-01,6.193115115165710449e-01,1.522548049688339233e-01,3.832632005214691162e-01,1.284795403480529785e-01,1.734657436609268188e-01,1.705792844295501709e-01,2.987751364707946777e-01,-1.618913710117340088e-01,1.660954654216766357e-01,1.277621239423751831e-01,-2.375286519527435303e-01,-2.918008267879486084e-01,2.838667631149291992e-01,1.699780672788619995e-01,-1.588981449604034424e-01,5.979005247354507446e-02,4.868806898593902588e-01,5.659582018852233887e-01,4.042165875434875488e-01,2.610668241977691650e-01,2.486346513032913208e-01,5.580010358244180679e-03,-1.220379248261451721e-01,-1.386576890945434570e-01,1.803446412086486816e-01,1.622157394886016846e-01,3.292496204376220703e-01,1.946187913417816162e-01,4.496514797210693359e-01,3.519568145275115967e-01,-1.387350559234619141e-01,-2.074766159057617188e-01,-2.425195425748825073e-01,-1.890687197446823120e-01,5.227955803275108337e-02,-2.362736612558364868e-01,-3.571934700012207031e-01,-2.274780273437500000e-01,-3.435646295547485352e-01,-3.778133094310760498e-01,-1.743083149194717407e-01,-1.413899213075637817e-01,-4.387267529964447021e-01,-3.670693635940551758e-01,-4.064975976943969727e-01,-3.683350682258605957e-01,-4.192949533462524414e-01,-3.316673934459686279e-01,-2.023664265871047974e-01,-4.330587014555931091e-02,-3.560242056846618652e-02,-4.353611916303634644e-02,-2.935655601322650909e-02,9.336880408227443695e-03,2.629057765007019043e-01,1.949117332696914673e-01,-5.154138430953025818e-02,-3.967370837926864624e-02,3.662306368350982666e-01,1.451960802078247070e-01,2.639610469341278076e-01,8.713630586862564087e-02,1.222490221261978149e-01,1.958030909299850464e-01,4.251344799995422363e-01,2.825793027877807617e-01,1.751528233289718628e-01,3.254743516445159912e-01,6.784462183713912964e-02,1.032289043068885803e-01,3.932906985282897949e-01,2.637707293033599854e-01,-1.567861735820770264e-01,2.970980107784271240e-02,-2.108844518661499023e-01,-2.632964253425598145e-01,-2.494544088840484619e-01,-2.888894379138946533e-01,-2.346624620258808136e-02,-3.098324835300445557e-01,1.857311092317104340e-02,-1.810621768236160278e-01,-1.433016210794448853e-01,-4.680091142654418945e-02,-3.929205238819122314e-02,1.385429948568344116e-01,-9.860963374376296997e-02,1.492857486009597778e-01,-2.208298631012439728e-02,-7.321601361036300659e-02,-7.817888259887695312e-02,-1.523479521274566650e-01,6.674752384424209595e-02,1.476562023162841797e-01,-5.285926908254623413e-02,1.762980013154447079e-03,1.985498219728469849e-01,1.554076373577117920e-01,5.948906391859054565e-02,9.590346366167068481e-02,2.147714793682098389e-01,1.465731114149093628e-01,-8.143652975559234619e-02,-6.876145023852586746e-03,6.553111225366592407e-02,-5.971640814095735550e-03,-2.239148914813995361e-01,-8.605875819921493530e-02,1.935824453830718994e-01,-2.005722746253013611e-02
3.867958188056945801e-01,3.061838448047637939e-01,5.060922503471374512e-01,0.000000000000000000e+00,3.634771406650543213e-01,3.366879522800445557e-01,3.615991175174713135e-01,3.295497596263885498e-01,2.497476041316986084e-01,-6.287076324224472046e-02,1.911202967166900635e-01,3.092947304248809814e-01,7.931822538375854492e-02,-2.280029095709323883e-02,-5.060582980513572693e-02,5.470893159508705139e-02,-5.019342899322509766e-02,-9.807594865560531616e-02,4.600210189819335938e-01,4.864062368869781494e-01,-1.737631708383560181e-01,1.893845200538635254e-02,1.858364641666412354e-01,3.894745409488677979e-01,1.876375526189804077e-01,2.032978981733322144e-01,1.320121139287948608e-01,2.319373749196529388e-02,-1.082794219255447388e-01,-1.140772402286529541e-01,1.310783028602600098e-01,1.629364341497421265e-01,2.376197278499603271e-01,2.606975138187408447e-01,1.051201224327087402e-01,5.770806223154067993e-02,-2.678395211696624756e-01,-2.658385932445526123e-01,-1.319661736488342285e-01,-7.467623800039291382e-02,2.307293191552162170e-02,-1.945353597402572632e-01,-2.580461204051971436e-01,-1.371280103921890259e-01,-2.030329853296279907e-01,-2.178660780191421509e-01,-1.509813517332077026e-01,-1.273285150527954102e-01,-2.246292531490325928e-01,-2.024478912353515625e-01,-2.677520811557769775e-01,-2.355910837650299072e-01,-1.889712214469909668e-01,-1.823809593915939331e-01,-1.287790238857269287e-01,-1.038700416684150696e-01,2.605877518653869629e-01,3.254617154598236084e-01,-9.109028615057468414e-04,-4.076132178306579590e-02,2.363587170839309692e-01,1.864033192396163940e-01,1.696061044931411743e-01,1.056170836091041565e-01,4.139465466141700745e-02,-1.109257526695728302e-02,2.858935669064521790e-02,1.255433261394500732e-02,2.368536740541458130e-01,2.178959846496582031e-01,3.583596944808959961e-01,1.823048293590545654e-01,2.611179649829864502e-01,3.195618391036987305e-01,-7.401222828775644302e-03,4.407879337668418884e-02,1.696301698684692383e-01,1.094245016574859619e-01,-1.074036657810211182e-01,-5.504532530903816223e-02,-3.647470101714134216e-02,-6.564790755510330200e-02,-2.358084022998809814e-01,-1.494018286466598511e-01,-1.026699095964431763e-01,-1.071088165044784546e-01,-3.851758688688278198e-02,-1.859104037284851074e-01,-5.412027612328529358e-02,-7.118546217679977417e-02,-2.014955878257751465e-01,-1.254671514034271240e-01,-1.457293629646301270e-01,-1.332943327724933624e-02,-6.947895884513854980e-02,6.870116107165813446e-03,4.950880538672208786e-04,4.203319549560546875e-02,-3.064583800733089447e-02,-1.117441654205322266e-01,-1.160742044448852539e-01,-1.011752486228942871e-01,9.109918028116226196e-02,-1.748467236757278442e-02,-3.582471609115600586e-02,-6.724751740694046021e-02,7.970824092626571655e-02,2.094764821231365204e-02,5.898780655115842819e-03,-6.922453641891479492e-02,-6.189171969890594482e-02,-1.696477383375167847e-01,-2.209731936454772949e-01,-7.223434746265411377e-02,5.682185664772987366e-02,1.653371565043926239e-02
1.655729264020919800e-01,8.618561923503875732e-02,3.243190348148345947e-01,3.634771406650543213e-01,0.000000000000000000e+00,4.019897580146789551e-01,1.971735209226608276e-01,9.806000441312789917e-02,4.336078763008117676e-01,3.544989973306655884e-02,1.498402655124664307e-01,-5.991749837994575500e-02,5.294809490442276001e-02,-8.204367011785507202e-02,2.066128998994827271e-01,1.357226073741912842e-01,7.855287939310073853e-02,9.452132508158683777e-03,2.423180341720581055e-01,1.588581949472427368e-01,-1.155062839388847351e-01,7.666857540607452393e-02,2.736533880233764648e-01,2.515439391136169434e-01,3.441155850887298584e-01,3.834040462970733643e-01,5.088824033737182617e-01,3.851393759250640869e-01,1.066979914903640747e-01,5.581701174378395081e-02,2.684144079685211182e-01,3.029159605503082275e-01,2.260092496871948242e-01,1.969137042760848999e-01,2.085988223552703857e-01,9.042936563491821289e-02,-2.316148579120635986e-01,-2.029968053102493286e-01,-8.024668693542480469e-02,-2.800203487277030945e-02,-2.625775709748268127e-02,-2.204936295747756958e-01,-1.805248558521270752e-01,-1.831117719411849976e-01,-2.095629423856735229e-01,-2.145524322986602783e-01,-2.882102429866790771e-01,-1.758108884096145630e-01,-2.462339848279953003e-01,-2.252715080976486206e-01,-3.169293105602264404e-01,-2.678669691085815430e-01,-1.788798123598098755e-01,-1.862649023532867432e-01,-7.702997326850891113e-02,-4.376293346285820007e-02,9.567114710807800293e-02,6.263266503810882568e-02,-3.950790315866470337e-02,-7.020619511604309082e-02,1.296002417802810669e-01,1.291532665491104126e-01,7.442786544561386108e-02,1.033536195755004883e-01,6.644227355718612671e-02,-1.275032386183738708e-02,4.204615578055381775e-02,7.031171023845672607e-02,9.990864247083663940e-02,2.503077983856201172e-01,4.019028246402740479e-01,2.721282839775085449e-01,7.490722835063934326e-02,2.523748278617858887e-01,1.526378002017736435e-02,-2.553665824234485626e-02,9.449928253889083862e-02,-1.189520698972046375e-03,2.042178250849246979e-02,-3.356613963842391968e-02,3.889169171452522278e-02,-5.923305079340934753e-02,-3.334431350231170654e-01,-1.695651561021804810e-01,-1.710564941167831421e-01,-2.900710701942443848e-01,-1.351977139711380005e-01,-2.394747734069824219e-02,-8.631673455238342285e-02,-9.752310812473297119e-02,-8.884239941835403442e-02,-3.204430267214775085e-02,-1.283942162990570068e-01,-7.043381780385971069e-02,4.435165598988533020e-02,1.448660809546709061e-02,-4.340056702494621277e-02,5.019559338688850403e-02,3.513565659523010254e-02,3.017963469028472900e-02,7.979821413755416870e-02,7.328896969556808472e-02,7.031389325857162476e-02,9.271951764822006226e-02,4.796903813257813454e-04,7.831712812185287476e-02,1.213466599583625793e-01,2.089896649122238159e-01,-5.588792636990547180e-02,-1.569691896438598633e-01,-1.677235364913940430e-01,-3.045344166457653046e-02,-1.778365671634674072e-01,1.080283615738153458e-02,6.273909658193588257e-02,2.662934176623821259e-02
2.509548366069793701e-01,3.374705016613006592e-01,1.637474298477172852e-01,3.366879522800445557e-01,4.019897580146789551e-01,0.000000000000000000e+00,-5.273507535457611084e-02,1.812249980866909027e-02,2.969698309898376465e-01,-1.370257288217544556e-01,7.560939341783523560e-02,1.888408884406089783e-02,-2.628604508936405182e-02,-1.711421906948089600e-01,-3.372510895133018494e-02,7.437296211719512939e-02,4.823999851942062378e-02,1.913740532472729683e-03,2.677150964736938477e-01,2.559438347816467285e-01,-1.170758381485939026e-01,8.526144176721572876e-02,8.321687579154968262e-02,2.772682011127471924e-01,3.811246156692504883e-01,4.055237770080566406e-01,2.469573467969894409e-01,1.765724122524261475e-01,-5.891589075326919556e-02,-8.069121092557907104e-02,2.655957341194152832e-01,2.921413183212280273e-01,1.879143565893173218e-01,1.698722243309020996e-01,1.132163852453231812e-01,5.147530883550643921e-02,-4.905849322676658630e-02,-5.393336340785026550e-02,-7.430450618267059326e-02,-8.526746183633804321e-02,6.929659843444824219e-02,-1.153475120663642883e-01,-7.453758269548416138e-02,-7.509371638298034668e-02,-4.797814786434173584e-02,-4.090694338083267212e-02,2.282791398465633392e-02,3.229873999953269958e-02,-9.870423376560211182e-02,-9.527019411325454712e-02,-1.760086417198181152e-01,-2.027878761291503906e-01,-8.430366218090057373e-02,-1.656462252140045166e-01,-8.809070289134979248e-02,-4.416318982839584351e-02,3.580231666564941406e-01,3.206661641597747803e-01,-2.223163843154907227e-02,-1.379867792129516602e-01,-4.017220810055732727e-03,3.301549935713410378e-03,1.682290881872177124e-01,-2.509890589863061905e-03,7.814458757638931274e-02,-1.770414225757122040e-02,1.452661957591772079e-02,1.072893887758255005e-01,2.820715904235839844e-01,3.476472496986389160e-01,3.926483988761901855e-01,1.492325663566589355e-01,1.413325686007738113e-02,3.054311275482177734e-01,-1.217772737145423889e-01,-9.072642773389816284e-02,-1.225519645959138870e-02,-4.493446554988622665e-03,-6.130795553326606750e-02,-6.583148241043090820e-02,9.951841831207275391e-02,9.630344063043594360e-02,-1.569204777479171753e-01,-5.857345089316368103e-02,-6.465855240821838379e-02,-1.933480203151702881e-01,-3.046447969973087311e-02,-6.528915464878082275e-02,-1.131270900368690491e-01,-5.912331491708755493e-02,-2.670252919197082520e-01,-2.412993460893630981e-01,-2.413101643323898315e-01,-1.579747945070266724e-01,3.654260933399200439e-02,4.903480783104896545e-02,1.445348281413316727e-02,5.985251814126968384e-02,-6.788022816181182861e-02,-1.439913064241409302e-01,-1.791931837797164917e-01,-5.229380354285240173e-02,2.978440187871456146e-02,5.897865071892738342e-02,-8.891900628805160522e-02,-1.073261871933937073e-01,1.369142234325408936e-01,1.206914186477661133e-01,-5.459985882043838501e-02,-2.010555006563663483e-02,-1.855264604091644287e-01,-2.015303969383239746e-01,-2.663434445858001709e-01,-1.086784750223159790e-01,-8.067503571510314941e-02,9.333018958568572998e-02
2.194796502590179443e-02,-2.882194221019744873e-01,6.193115115165710449e-01,3.615991175174713135e-01,1.971735209226608276e-01,-5.273507535457611084e-02,0.000000000000000000e+00,3.831389248371124268e-01,3.804764151573181152e-01,1.888276934623718262e-01,1.531490683555603027e-01,2.155177742242813110e-01,3.686239123344421387e-01,6.364478170871734619e-02,4.689010605216026306e-02,7.318937033414840698e-02,-3.390583395957946777e-01,-3.161695003509521484e-01,7.417137175798416138e-02,2.285273000597953796e-02,-2.689745426177978516e-01,-1.147076040506362915e-01,4.586619734764099121e-01,4.023867249488830566e-01,1.265683621168136597e-01,6.099046766757965088e-02,6.651725620031356812e-02,-9.122276306152343750e-02,-1.224574297666549683e-01,-1.697627604007720947e-01,2.163719758391380310e-02,2.575618587434291840e-02,3.303762674331665039e-01,2.223939448595046997e-01,3.550064563751220703e-01,2.833346426486968994e-01,-3.178287148475646973e-01,-3.813617229461669922e-01,-2.326016873121261597e-01,-2.040010690689086914e-01,-2.205181121826171875e-01,-3.069583177566528320e-01,-1.464065462350845337e-01,2.359749563038349152e-02,-6.412049382925033569e-02,-1.368154138326644897e-01,-1.303749978542327881e-01,-1.378780305385589600e-01,-1.417589932680130005e-01,-7.903363555669784546e-02,-1.869795173406600952e-01,-8.353801816701889038e-02,-2.298709452152252197e-01,-4.314161837100982666e-02,-2.101542800664901733e-01,-9.482502937316894531e-02,-2.595841884613037109e-01,-2.375509142875671387e-01,5.362625699490308762e-03,6.953905522823333740e-02,3.351143300533294678e-01,2.789039611816406250e-01,-9.371382184326648712e-03,1.037687659263610840e-01,2.419999986886978149e-01,1.102562621235847473e-01,2.712055742740631104e-01,1.070778816938400269e-01,-1.945621371269226074e-01,-8.634731918573379517e-02,1.758356839418411255e-01,1.491635143756866455e-01,1.404493004083633423e-01,1.325356066226959229e-01,1.277434080839157104e-01,1.847045123577117920e-01,3.278316557407379150e-01,2.368717193603515625e-01,-2.139511555433273315e-01,3.014603629708290100e-02,-3.486618995666503906e-01,-3.823257982730865479e-01,-3.138008713722229004e-01,-3.951540291309356689e-01,-7.926676422357559204e-02,-3.201219066977500916e-02,-5.944555625319480896e-02,-1.848519593477249146e-01,-4.938383400440216064e-02,-2.310826443135738373e-02,5.132596567273139954e-02,2.921667695045471191e-01,8.590711653232574463e-02,3.246212899684906006e-01,-1.497292667627334595e-01,-1.046038642525672913e-01,-1.839813143014907837e-01,-2.230339050292968750e-01,1.353309303522109985e-01,1.406176090240478516e-01,-1.276652701199054718e-02,2.040374651551246643e-02,3.614035248756408691e-02,9.070608019828796387e-02,3.745720162987709045e-02,9.826797246932983398e-02,3.263567923568189144e-04,-1.944436691701412201e-02,-8.662262558937072754e-02,-8.100294321775436401e-02,1.029342487454414368e-01,1.115512922406196594e-01,-5.341594666242599487e-02,-3.104184567928314209e-02,3.447654545307159424e-01,3.409586474299430847e-02
-7.414600253105163574e-02,-1.980646848678588867e-01,1.522548049688339233e-01,3.295497596263885498e-01,9.806000441312789917e-02,1.812249980866909027e-02,3.831389248371124268e-01,0.000000000000000000e+00,2.474583536386489868e-01,2.136178314685821533e-02,-9.236588329076766968e-02,2.732920348644256592e-01,1.320938915014266968e-01,3.310015499591827393e-01,-2.160419374704360962e-01,-4.584827274084091187e-02,-2.029257863759994507e-01,-1.609154939651489258e-01,-5.873450264334678650e-02,-1.823920570313930511e-02,-1.269543319940567017e-01,-1.046745404601097107e-01,2.644122838973999023e-01,2.930209636688232422e-01,-4.617783799767494202e-02,4.576138406991958618e-02,-1.821794807910919189e-01,-1.976567804813385010e-01,-1.422112286090850830e-01,-1.978968232870101929e-01,-8.489494211971759796e-03,2.443739585578441620e-02,2.651979327201843262e-01,3.432900905609130859e-01,1.492653042078018188e-01,1.937854737043380737e-01,-3.310383260250091553e-01,-4.126692116260528564e-01,-1.938294433057308197e-02,1.414010301232337952e-02,-1.984340250492095947e-01,-2.330942004919052124e-01,1.994383186101913452e-01,3.676596283912658691e-01,2.853722870349884033e-01,2.597037851810455322e-01,1.584533303976058960e-01,1.073093488812446594e-01,2.908872663974761963e-01,2.901474535465240479e-01,2.165538817644119263e-01,2.510509192943572998e-01,1.961782127618789673e-01,2.607090175151824951e-01,-3.440680727362632751e-02,-1.462381482124328613e-01,-1.508754491806030273e-01,-2.051829993724822998e-01,-5.503841117024421692e-02,5.406576395034790039e-02,9.705401211977005005e-02,3.880112171173095703e-01,-1.014622300863265991e-01,1.751511245965957642e-01,-8.970029652118682861e-02,1.704512238502502441e-01,-5.275679379701614380e-02,6.665056943893432617e-02,-3.288922309875488281e-01,-3.159292340278625488e-01,-1.206656992435455322e-01,-1.316488534212112427e-01,1.117550134658813477e-01,-5.007755756378173828e-02,1.233683601021766663e-01,2.200773954391479492e-01,1.223556473851203918e-01,1.124770566821098328e-01,-1.340784728527069092e-01,-3.273016586899757385e-02,-2.430292367935180664e-01,-2.578902244567871094e-01,-1.867666244506835938e-01,-1.190943270921707153e-01,-1.930457353591918945e-01,1.959818899631500244e-01,-5.958537012338638306e-02,-1.458787173032760620e-01,1.053745970129966736e-01,-5.213741585612297058e-02,3.326356410980224609e-02,1.106309220194816589e-01,1.983218342065811157e-01,2.558870911598205566e-01,-2.479408830404281616e-01,-1.254206150770187378e-01,-3.439086079597473145e-01,-2.743392586708068848e-01,6.957209110260009766e-02,-8.692803978919982910e-02,-2.207834422588348389e-01,-2.308418750762939453e-01,-2.690955102443695068e-01,-3.155475854873657227e-01,-9.956486523151397705e-02,-3.465554863214492798e-02,-2.779187262058258057e-01,-2.315011769533157349e-01,3.521523252129554749e-02,-1.312697827816009521e-01,-8.009047806262969971e-02,-5.183700472116470337e-02,1.048034280538558960e-01,-3.172239288687705994e-02,2.377981990575790405e-01,6.657666712999343872e-02
-1.087901089340448380e-02,-1.514364778995513916e-01,3.832632005214691162e-01,2.497476041316986084e-01,4.336078763008117676e-01,2.969698309898376465e-01,3.804764151573181152e-01,2.474583536386489868e-01,0.000000000000000000e+00,2.105601280927658081e-01,-2.317804284393787384e-02,8.134014904499053955e-02,1.343591511249542236e-01,9.883229434490203857e-02,2.554448246955871582e-01,2.855214476585388184e-01,-1.520494371652603149e-01,-1.180003136396408081e-01,-1.114512700587511063e-02,-4.017634689807891846e-02,-1.767702847719192505e-01,3.503337502479553223e-02,4.348919391632080078e-01,4.273227155208587646e-01,4.325506985187530518e-01,4.896239638328552246e-01,1.947808116674423218e-01,1.029907688498497009e-01,8.593954145908355713e-02,6.608632858842611313e-03,2.091833055019378662e-01,2.328677177429199219e-01,3.481296896934509277e-01,2.907936573028564453e-01,3.945712745189666748e-01,3.399311900138854980e-01,-1.943136304616928101e-01,-3.646111190319061279e-01,-1.826181858777999878e-01,-2.160585671663284302e-01,-1.659296900033950806e-01,-1.555957943201065063e-01,-7.366751879453659058e-02,5.091628432273864746e-02,-5.280635505914688110e-02,-7.616185396909713745e-02,-1.305287927389144897e-01,-2.138150930404663086e-01,-7.245856523513793945e-02,-5.332998558878898621e-02,-1.469554305076599121e-01,-1.190997660160064697e-01,-8.890524506568908691e-02,-1.315797865390777588e-01,-3.116330206394195557e-01,-3.618448674678802490e-01,-1.201995164155960083e-01,-1.567435115575790405e-01,-7.878994941711425781e-02,-4.218208044767379761e-02,1.425462663173675537e-01,2.324579954147338867e-01,-1.059243921190500259e-02,4.184008017182350159e-02,2.245376557111740112e-01,1.953831464052200317e-01,5.059101432561874390e-02,5.426860600709915161e-02,-1.699230521917343140e-01,-1.743905246257781982e-02,3.069364428520202637e-01,1.975873112678527832e-01,1.294030994176864624e-01,2.423322200775146484e-01,6.459323316812515259e-02,6.435751914978027344e-02,1.484147459268569946e-01,1.423690915107727051e-01,1.563837751746177673e-02,1.362628042697906494e-01,-1.010757461190223694e-01,-1.020624116063117981e-01,-2.532102167606353760e-01,-2.185162603855133057e-01,-9.854302555322647095e-02,-1.843249946832656860e-01,-1.056410223245620728e-01,-2.178228944540023804e-01,-1.428093165159225464e-01,-1.917846053838729858e-01,-1.105367243289947510e-01,3.093551844358444214e-02,1.495158523321151733e-01,1.216990202665328979e-01,-1.187342405319213867e-01,-9.556341916322708130e-02,-2.582824230194091797e-01,-2.627240121364593506e-01,-1.818232610821723938e-02,-2.647590078413486481e-02,-3.348287194967269897e-02,3.269094601273536682e-02,-3.171059116721153259e-02,6.827241741120815277e-03,5.138028040528297424e-02,9.249121695756912231e-02,-1.695754565298557281e-02,3.253373503684997559e-02,-1.906455904245376587e-01,-1.089296266436576843e-01,-1.534380316734313965e-01,-3.478108346462249756e-02,-1.160866692662239075e-01,-4.734018072485923767e-02,1.959250420331954956e-01,3.612625598907470703e-02
-5.125796049833297729e-02,-2.301006317138671875e-01,1.284795403480529785e-01,-6.287076324224472046e-02,3.544989973306655884e-02,-1.370257288217544556e-01,1.888276934623718262e-01,2.136178314685821533e-02,2.105601280927658081e-01,0.000000000000000000e+00,-3.754982724785804749e-02,-7.581181707791984081e-04,-6.208831071853637695e-02,1.320366282016038895e-02,1.198371574282646179e-01,2.013338208198547363e-01,-1.149115338921546936e-01,-8.923532813787460327e-02,-8.789501339197158813e-02,-3.769116848707199097e-02,-6.613742560148239136e-02,6.362079083919525146e-02,-1.202672906219959259e-02,-6.214247643947601318e-02,-3.625110164284706116e-02,-7.410148531198501587e-02,3.027851581573486328e-01,2.691361010074615479e-01,-8.342938870191574097e-02,2.147580729797482491e-03,-1.354892253875732422e-01,-1.387928426265716553e-01,6.242915615439414978e-02,6.043296679854393005e-02,1.262495219707489014e-01,2.111688256263732910e-01,-2.057619392871856689e-01,-1.590507328510284424e-01,-1.875107735395431519e-01,-1.399036794900894165e-01,-8.636239171028137207e-02,-1.431818157434463501e-01,-1.515239924192428589e-01,-1.054749712347984314e-01,-1.650022864341735840e-01,-1.855916231870651245e-01,-2.639193832874298096e-01,-2.348377704620361328e-01,-1.055078357458114624e-01,-1.334456950426101685e-01,-1.415867358446121216e-01,-1.259234547615051270e-01,-1.560564637184143066e-01,-1.046763882040977478e-01,-1.839075535535812378e-01,-1.413129717111587524e-01,-2.755073606967926025e-01,-1.084794551134109497e-01,1.370721869170665741e-02,2.220800518989562988e-01,9.853944182395935059e-02,2.894849181175231934e-01,-1.313556432723999023e-01,7.991939783096313477e-02,-1.824115589261054993e-02,7.724994421005249023e-02,7.183805108070373535e-02,8.446386456489562988e-02,-1.465911418199539185e-01,-2.710700966417789459e-02,1.035500839352607727e-01,2.002621889114379883e-01,-6.833854317665100098e-02,8.035349845886230469e-02,1.886169314384460449e-01,-4.480453208088874817e-03,2.125238180160522461e-01,2.277715653181076050e-01,-1.186332851648330688e-01,-3.328584879636764526e-02,-2.571214437484741211e-01,-2.427201271057128906e-01,-2.031725198030471802e-01,-2.329322099685668945e-01,-8.619322627782821655e-02,-6.575912982225418091e-02,-1.153568997979164124e-01,-3.777470812201499939e-02,-7.237970829010009766e-02,-1.315738074481487274e-02,2.005500942468643188e-01,3.281886875629425049e-02,1.361580342054367065e-01,-7.810458540916442871e-02,-6.336054205894470215e-02,-1.327275186777114868e-01,3.614936023950576782e-02,-9.288263320922851562e-02,2.125880569219589233e-01,1.325730681419372559e-01,3.527036011219024658e-01,2.185948044061660767e-01,2.351209819316864014e-01,1.475293189287185669e-01,8.872935175895690918e-02,5.737685039639472961e-02,1.412176191806793213e-01,1.375471353530883789e-01,5.926726758480072021e-02,7.876903563737869263e-02,2.482378780841827393e-01,2.127120941877365112e-01,-3.279976174235343933e-02,4.266273975372314453e-02,5.024139955639839172e-02,-9.528773277997970581e-02
4.219187498092651367e-01,2.527975738048553467e-01,1.734657436609268188e-01,1.911202967166900635e-01,1.498402655124664307e-01,7.560939341783523560e-02,1.531490683555603027e-01,-9.236588329076766968e-02,-2.317804284393787384e-02,-3.754982724785804749e-02,0.000000000000000000e+00,2.229841947555541992e-01,2.875041067600250244e-01,1.225807666778564453e-01,8.750714361667633057e-02,4.834190756082534790e-02,3.442077636718750000e-01,2.531618773937225342e-01,3.918777406215667725e-01,3.376847207546234131e-01,1.108737941831350327e-02,2.011901736259460449e-01,-1.487162858247756958e-01,-1.197802424430847168e-01,-5.176699534058570862e-02,-3.399669006466865540e-02,9.518107026815414429e-02,9.146768599748611450e-02,2.049092054367065430e-01,2.321620732545852661e-01,-5.804040282964706421e-02,4.118975996971130371e-02,-1.130617558956146240e-01,-4.618347063660621643e-02,-1.849065572023391724e-01,-5.783936381340026855e-02,-1.697986721992492676e-01,-1.762905567884445190e-01,-2.669597864151000977e-01,-2.130054384469985962e-01,-8.392073959112167358e-02,-4.509598761796951294e-02,-3.504439294338226318e-01,-2.376758903264999390e-01,-2.161230295896530151e-01,-2.644500136375427246e-01,-2.113767415285110474e-01,-2.243897020816802979e-01,-2.695311009883880615e-01,-2.539163231849670410e-01,-3.020011484622955322e-01,-2.760446071624755859e-01,-2.311995029449462891e-01,-2.203065752983093262e-01,-1.747563034296035767e-01,-1.292111277580261230e-01,2.859632968902587891e-01,2.193708866834640503e-01,6.472852081060409546e-02,-2.177577279508113861e-02,2.769254148006439209e-01,-1.177461966872215271e-01,4.633106887340545654e-01,2.350002229213714600e-01,-3.319638222455978394e-02,-2.381226420402526855e-01,8.618673682212829590e-02,4.023723304271697998e-02,2.682098448276519775e-01,3.058980703353881836e-01,2.328247576951980591e-01,2.489250749349594116e-01,2.004936188459396362e-01,2.138607054948806763e-01,-7.222483307123184204e-02,3.060604631900787354e-02,1.445452310144901276e-02,-1.023830398917198181e-01,1.656715422868728638e-01,1.969618350267410278e-01,2.524784207344055176e-01,1.460599750280380249e-01,6.360676139593124390e-03,-9.548553079366683960e-02,2.928086183965206146e-02,-1.662572175264358521e-01,-1.471156179904937744e-01,-1.750812977552413940e-01,-9.100177139043807983e-02,-1.272400617599487305e-01,-2.105203568935394287e-01,-5.056526511907577515e-02,-2.238627970218658447e-01,-8.297281712293624878e-02,8.158736675977706909e-02,9.207801520824432373e-02,2.022660672664642334e-01,2.608714438974857330e-02,-1.907367445528507233e-02,6.990977376699447632e-02,1.608045250177383423e-01,1.446554213762283325e-01,8.915140479803085327e-02,2.207626253366470337e-01,-1.823696047067642212e-01,-6.113917008042335510e-02,1.250759512186050415e-01,6.933967769145965576e-02,-1.286424398422241211e-01,6.417027860879898071e-02,1.331416368484497070e-01,3.372630849480628967e-02,-1.565201282501220703e-01,-2.748978510499000549e-02,3.984300047159194946e-02,-1.220424771308898926e-01
2.432364076375961304e-01,9.314236044883728027e-02,1.705792844295501709e-01,3.092947304248809814e-01,-5.991749837994575500e-02,1.888408884406089783e-02,2.155177742242813110e-01,2.732920348644256592e-01,8.134014904499053955e-02,-7.581181707791984081e-04,2.229841947555541992e-01,0.000000000000000000e+00,1.475689411163330078e-01,1.286273151636123657e-01,-1.208108961582183838e-01,3.213888732716441154e-03,5.670965835452079773e-02,-2.289153635501861572e-02,2.328874170780181885e-01,2.995610833168029785e-01,-1.066329181194305420e-01,8.726512640714645386e-02,-1.322007328271865845e-01,1.078457161784172058e-01,-2.349168248474597931e-02,-5.736105516552925110e-02,-1.886467039585113525e-01,-2.847082316875457764e-01,-4.405601695179939270e-02,1.463111117482185364e-02,4.793687164783477783e-02,3.838466107845306396e-02,8.531489968299865723e-02,1.508918702602386475e-01,-6.883905827999114990e-02,7.740645110607147217e-02,-1.724329143762588501e-01,-1.757750511169433594e-01,-1.781206876039505005e-01,-2.304314523935317993e-01,-1.490661650896072388e-01,-1.855435967445373535e-01,-1.318179965019226074e-01,4.326737299561500549e-02,-8.478130400180816650e-02,-1.168316975235939026e-01,8.193916641175746918e-03,-4.494671244174242020e-03,-1.246247738599777222e-01,-9.903614968061447144e-02,-2.623085677623748779e-01,-1.837221831083297729e-01,-2.390594482421875000e-01,-1.150965914130210876e-01,-2.418373227119445801e-01,-8.859910070896148682e-02,9.823568165302276611e-02,1.356278508901596069e-01,1.104888767004013062e-01,1.633919626474380493e-01,1.293354183435440063e-01,1.442801207304000854e-01,3.364924490451812744e-01,1.669412553310394287e-01,-1.176626831293106079e-01,-1.498287618160247803e-01,6.456953287124633789e-02,6.649731844663619995e-02,4.512265697121620178e-02,4.869645833969116211e-02,9.614295512437820435e-02,1.706965863704681396e-01,1.560923904180526733e-01,2.004254758358001709e-01,4.004879295825958252e-02,2.631769776344299316e-01,2.592772245407104492e-01,3.211871981620788574e-01,-4.031635075807571411e-02,2.128743380308151245e-02,-7.516191899776458740e-02,-3.806591778993606567e-02,-9.892404079437255859e-02,-1.524777114391326904e-01,-2.177766561508178711e-01,-1.017666906118392944e-01,-1.010923981666564941e-01,-3.654384315013885498e-01,-1.128590255975723267e-01,-3.524851799011230469e-02,-1.029483303427696228e-01,-4.182804375886917114e-02,3.870218247175216675e-02,-1.683905348181724548e-02,4.833649471402168274e-02,8.887622505426406860e-02,1.095971018075942993e-01,2.461475692689418793e-02,1.650874912738800049e-01,-1.883578253909945488e-03,5.325042456388473511e-02,1.159367500804364681e-03,1.132357716560363770e-01,5.347728729248046875e-02,-1.061075925827026367e-01,-1.148772984743118286e-01,8.348631858825683594e-02,9.235576540231704712e-02,1.607100516557693481e-01,1.860102713108062744e-01,8.136647194623947144e-02,7.130454480648040771e-02,-1.083227843046188354e-01,-1.177237834781408310e-02,6.371394544839859009e-02,7.104563992470502853e-03
1.960671991109848022e-01,-5.744168162345886230e-02,2.987751364707946777e-01,7.931822538375854492e-02,5.294809490442276001e-02,-2.628604508936405182e-02,3.686239123344421387e-01,1.320938915014266968e-01,1.343591511249542236e-01,-6.208831071853637695e-02,2.875041067600250244e-01,1.475689411163330078e-01,0.000000000000000000e+00,2.736367583274841309e-01,2.325656414031982422e-01,1.556204408407211304e-01,-1.099210605025291443e-01,-1.168063282966613770e-01,-1.176545702037401497e-04,-7.426976412534713745e-02,-2.115382701158523560e-01,6.178133562207221985e-02,1.902362108230590820e-01,2.320748418569564819e-01,1.227065026760101318e-01,5.503172799944877625e-02,3.250555135309696198e-03,-6.931853294372558594e-02,-1.271916478872299194e-01,-4.940633475780487061e-02,6.781063228845596313e-02,7.360986620187759399e-02,1.562455892562866211e-01,8.308482915163040161e-02,2.389139682054519653e-01,2.123701125383377075e-01,-1.642809361219406128e-01,-1.943433880805969238e-01,-2.525302469730377197e-01,-1.961792856454849243e-01,2.738826349377632141e-02,-1.539713740348815918e-01,-1.114880144596099854e-01,-9.685617685317993164e-02,-1.594498381018638611e-02,-1.040357798337936401e-01,-1.963747292757034302e-01,-2.169612944126129150e-01,-7.828995585441589355e-02,-1.986416801810264587e-02,-2.224321477115154266e-02,-6.225436553359031677e-02,-8.326540887355804443e-02,-1.253071725368499756e-01,-1.472951471805572510e-01,-2.760254405438899994e-02,4.808757454156875610e-03,-6.170748919248580933e-02,2.792315483093261719e-01,2.050610929727554321e-01,4.515120089054107666e-01,1.555365175008773804e-01,1.241276487708091736e-01,1.602100133895874023e-01,3.835210800170898438e-01,1.278589814901351929e-01,2.358935028314590454e-01,2.022156417369842529e-01,7.985183596611022949e-02,1.270255446434020996e-02,1.473943889141082764e-01,1.160808578133583069e-01,9.387521445751190186e-02,9.994885325431823730e-02,-7.899710536003112793e-02,1.267741620540618896e-01,1.050981655716896057e-01,3.858197247609496117e-03,-1.112182587385177612e-01,-1.977732032537460327e-02,-8.581643551588058472e-02,-3.174611553549766541e-02,-1.181153878569602966e-01,-1.700313389301300049e-01,2.722505629062652588e-01,2.802570722997188568e-02,1.175873950123786926e-01,-1.070218384265899658e-01,2.841005288064479828e-02,-8.598204702138900757e-02,-1.361413896083831787e-01,3.793503716588020325e-02,-5.724173039197921753e-02,1.290607154369354248e-01,-2.030692547559738159e-01,-1.280583292245864868e-01,-1.555055081844329834e-01,-2.805153131484985352e-01,-1.285287886857986450e-01,-1.598923467099666595e-02,-1.475659310817718506e-01,-8.402635902166366577e-02,-7.271643728017807007e-02,-4.324853420257568359e-02,-1.990194916725158691e-01,-9.794130176305770874e-02,4.775865003466606140e-02,-9.846364147961139679e-03,3.220199374482035637e-03,-7.338533177971839905e-03,3.651566803455352783e-02,-1.627835929393768311e-01,-7.519527524709701538e-02,-1.558819711208343506e-01,2.469894476234912872e-02,-6.998308002948760986e-02
