0.000000000000000000e+00,3.332873284816741943e-01,1.152924671769142151e-01,-2.186827547848224640e-02,1.050561368465423584e-01,4.005258083343505859e-01,3.689056336879730225e-01,-2.338782697916030884e-01,-1.093833521008491516e-01,3.172606825828552246e-01,4.755514264106750488e-01,2.029365450143814087e-01,1.476721763610839844e-01,-2.558420896530151367e-01,-1.310713123530149460e-02,2.718964815139770508e-01,2.261564582586288452e-01,-2.140569239854812622e-01,4.680322408676147461e-01,3.997589945793151855e-01,1.583240479230880737e-01,-3.733417391777038574e-02,4.443841986358165741e-03,-1.175779253244400024e-01,2.908764481544494629e-01,4.021748900413513184e-01,5.114476084709167480e-01,5.718433260917663574e-01,3.459348976612091064e-01,-2.463104873895645142e-01,-1.424061954021453857e-01,-1.840654015541076660e-01,2.480353266000747681e-01,-1.561419758945703506e-02,7.607796043157577515e-02,4.532222822308540344e-02,9.713616222143173218e-03,2.375032603740692139e-01,-1.921659559011459351e-01,-1.476464699953794479e-02,1.281478404998779297e-01,-8.140572160482406616e-02,1.393835395574569702e-01,1.447275131940841675e-01,1.738913953304290771e-01,2.031456977128982544e-01,8.641955256462097168e-02,2.368837743997573853e-01,5.217610672116279602e-02,1.025707051157951355e-01,-1.827493757009506226e-01,2.500212192535400391e-02,-2.546207606792449951e-01,8.072615414857864380e-02,-1.782340556383132935e-01,1.734797954559326172e-01,5.955086946487426758e-01,4.500388801097869873e-01,5.279508829116821289e-01,3.332890272140502930e-01,1.430885493755340576e-01,2.667175531387329102e-01,1.841446757316589355e-01,7.637187838554382324e-02,-6.401181221008300781e-02,-2.245652228593826294e-01,1.139492988586425781e-01,1.991642415523529053e-01,3.304969668388366699e-01,3.100765943527221680e-01,-8.224011957645416260e-02,6.230919808149337769e-02,8.477471023797988892e-02,-7.466986030340194702e-02,-4.931820929050445557e-02,-2.800217829644680023e-02,-2.089068591594696045e-01,-6.317157298326492310e-02,4.488022241275757551e-04,1.886386573314666748e-01,4.022224806249141693e-03,1.594713628292083740e-01,9.335156530141830444e-02,3.503647744655609131e-01,-1.627664715051651001e-01,2.390121817588806152e-01,-8.162482082843780518e-02,1.549778282642364502e-01,-3.259736001491546631e-01,1.360878497362136841e-01,-4.659973084926605225e-01,-1.691654771566390991e-01,-5.567576885223388672e-01,-2.106301784515380859e-01,-1.111299023032188416e-01,-2.061193110421299934e-03,-4.062010347843170166e-01,-3.742553591728210449e-01,-4.730983078479766846e-01,-5.398480296134948730e-01,-3.487800955772399902e-01,-8.113920688629150391e-02,-3.682474195957183838e-01,-2.022437602281570435e-01,-3.404167890548706055e-01,-1.668908447027206421e-01,-2.781707644462585449e-01,-2.685331404209136963e-01,4.782286658883094788e-02,-2.702915966510772705e-01,-2.702111303806304932e-01,-3.410947322845458984e-01,-3.451602756977081299e-01,-1.691340208053588867e-01,-1.544699519872665405e-01,3.185100480914115906e-02
3.332873284816741943e-01,0.000000000000000000e+00,4.835916161537170410e-01,5.418668389320373535e-01,-3.611783087253570557e-01,-1.852725297212600708e-01,-3.381161689758300781e-01,6.117851138114929199e-01,4.318166971206665039e-01,-4.794618487358093262e-01,3.869754076004028320e-02,2.983041107654571533e-01,-2.827994525432586670e-01,-6.351999472826719284e-04,6.057950854301452637e-01,-4.751954078674316406e-01,-2.527994811534881592e-01,4.981495440006256104e-01,4.287214875221252441e-01,5.740745067596435547e-01,6.590131670236587524e-02,9.595402330160140991e-02,-7.306470721960067749e-02,1.903111636638641357e-01,-1.047228351235389709e-01,-2.454411536455154419e-01,2.876007556915283203e-01,2.148244380950927734e-01,-4.486858844757080078e-01,2.645976543426513672e-01,2.268201112747192383e-01,2.654430866241455078e-01,8.532585203647613525e-02,2.410288602113723755e-01,1.007212176918983459e-01,2.678049504756927490e-01,3.790814280509948730e-01,-1.000209003686904907e-01,1.566877365112304688e-01,-1.494960635900497437e-01,-8.125606179237365723e-02,1.280035376548767090e-01,-9.981584548950195312e-02,-1.286038011312484741e-01,-8.673739433288574219e-02,-1.051401495933532715e-01,1.622404307126998901e-01,-2.336943149566650391e-01,-1.497318297624588013e-01,-4.512075781822204590e-01,-3.693382441997528076e-02,-6.717047691345214844e-01,4.739261269569396973e-01,-6.703332662582397461e-01,5.469622015953063965e-01,-3.418816328048706055e-01,2.655369043350219727e-01,6.850820779800415039e-01,2.132483422756195068e-01,3.556174337863922119e-01,2.958154678344726562e-01,-4.360540807247161865e-01,-1.252673715353012085e-01,1.562203913927078247e-01,-1.296250373125076294e-01,-1.744002401828765869e-01,3.112628459930419922e-01,1.111706271767616272e-01,5.098507404327392578e-01,-8.140464127063751221e-02,4.630657434463500977e-01,-1.255175471305847168e-01,-7.644814997911453247e-02,2.463866323232650757e-01,1.015703827142715454e-01,5.169414728879928589e-02,3.124348819255828857e-01,-1.433844119310379028e-01,5.296490788459777832e-01,-5.453394055366516113e-01,6.185861825942993164e-01,-2.586839199066162109e-01,5.836242437362670898e-01,-4.317503571510314941e-01,5.954369306564331055e-01,-5.742290616035461426e-01,5.976990461349487305e-01,-8.983824402093887329e-02,5.461686849594116211e-01,-6.144191026687622070e-01,3.159088790416717529e-01,-6.787754893302917480e-01,2.683719396591186523e-01,-7.719557285308837891e-01,2.173866033554077148e-01,2.105579376220703125e-01,3.317062258720397949e-01,-9.270581603050231934e-02,2.645421028137207031e-01,-3.264265507459640503e-02,4.727234840393066406e-01,-7.075672745704650879e-01,3.430556058883666992e-01,-3.835569322109222412e-01,4.414428770542144775e-01,-6.431924104690551758e-01,2.370686680078506470e-01,-2.435921430587768555e-01,1.515090912580490112e-01,-8.512821793556213379e-02,1.470373570919036865e-01,1.585674136877059937e-01,2.646753787994384766e-01,9.677188098430633545e-02,-4.724257290363311768e-01,1.035271398723125458e-02
1.152924671769142151e-01,4.835916161537170410e-01,0.000000000000000000e+00,3.816377818584442139e-01,-1.887060999870300293e-01,-4.286338090896606445e-01,-3.821875900030136108e-02,5.118371248245239258e-01,5.106734633445739746e-01,-5.227900147438049316e-01,-1.165991052985191345e-01,1.557309627532958984e-01,-6.235273927450180054e-02,1.268122047185897827e-01,5.049656629562377930e-01,-5.370457172393798828e-01,-8.213121443986892700e-02,5.076448917388916016e-01,2.064859718084335327e-01,4.314922988414764404e-01,-6.143175810575485229e-02,-1.889152824878692627e-02,1.799662858247756958e-01,5.286817550659179688e-01,-2.627717331051826477e-02,-2.916301786899566650e-01,-1.698219180107116699e-01,-2.132860124111175537e-01,-2.614491581916809082e-01,5.214124321937561035e-01,6.065430045127868652e-01,6.610620021820068359e-01,2.889460325241088867e-01,4.729869663715362549e-01,3.572112321853637695e-01,5.167686343193054199e-01,2.746589779853820801e-01,-2.514004148542881012e-02,-1.024051755666732788e-02,-3.690473139286041260e-01,-5.913883820176124573e-02,1.185149848461151123e-01,-4.423892870545387268e-02,-2.294025942683219910e-02,-1.552502252161502838e-02,3.733506798744201660e-02,1.823589205741882324e-01,-1.117588132619857788e-01,2.387092448770999908e-02,-1.662085652351379395e-01,1.160694360733032227e-01,-4.455797076225280762e-01,3.768650293350219727e-01,-5.715413689613342285e-01,3.714522421360015869e-01,-2.878166735172271729e-01,2.247128784656524658e-01,3.168032467365264893e-01,1.655425876379013062e-01,1.067751497030258179e-01,4.955101311206817627e-01,-3.751591742038726807e-01,3.979821130633354187e-02,1.015998721122741699e-01,1.723004430532455444e-01,-3.239000961184501648e-02,4.591314196586608887e-01,3.183619081974029541e-01,2.986444234848022461e-01,1.727846860885620117e-01,5.073910355567932129e-01,1.532272398471832275e-01,6.997412070631980896e-03,4.426424801349639893e-01,1.498968899250030518e-01,1.301092803478240967e-01,4.230465292930603027e-01,1.432890594005584717e-01,3.853063285350799561e-01,-4.871379733085632324e-01,4.862028360366821289e-01,-1.199119985103607178e-01,3.302958607673645020e-01,-5.003141760826110840e-01,4.420563876628875732e-01,-5.565170049667358398e-01,3.678988814353942871e-01,-9.636194258928298950e-02,4.450987279415130615e-01,-6.017150282859802246e-01,4.845401942729949951e-01,-3.713105618953704834e-01,3.737928569316864014e-01,-5.409624576568603516e-01,1.819845438003540039e-01,2.345451563596725464e-01,3.731474280357360840e-01,6.797847896814346313e-02,3.754597008228302002e-01,2.103667855262756348e-01,5.040062069892883301e-01,-5.514721870422363281e-01,4.062638282775878906e-01,-1.571789979934692383e-01,5.045531392097473145e-01,-4.040432870388031006e-01,3.245524764060974121e-01,7.656866312026977539e-02,2.101859152317047119e-01,-2.500161714851856232e-02,8.232286572456359863e-02,8.091539889574050903e-02,4.521024227142333984e-01,2.031836956739425659e-01,-4.823664426803588867e-01,7.705519348382949829e-02
-2.186827547848224640e-02,5.418668389320373535e-01,3.816377818584442139e-01,0.000000000000000000e+00,-3.519558012485504150e-01,-3.456216454505920410e-01,-2.741075158119201660e-01,5.992434620857238770e-01,4.679725766181945801e-01,-5.141484141349792480e-01,-2.497162520885467529e-01,7.659689337015151978e-02,-3.939059376716613770e-01,1.574208028614521027e-02,4.454356133937835693e-01,-5.250355005264282227e-01,-4.978024959564208984e-01,2.001065909862518311e-01,3.959245681762695312e-01,4.954586327075958252e-01,2.064926326274871826e-01,1.247906386852264404e-01,8.415654301643371582e-02,3.815729916095733643e-01,-4.730667173862457275e-02,-2.929677367210388184e-01,1.063204035162925720e-01,3.189433738589286804e-02,-4.753480851650238037e-01,2.040702551603317261e-01,2.566740512847900391e-01,3.105814456939697266e-01,-5.220299214124679565e-02,9.533475339412689209e-02,-1.013122349977493286e-01,4.576046019792556763e-02,3.513634502887725830e-01,-6.803962867707014084e-03,3.357268571853637695e-01,-4.785053059458732605e-02,3.509496524930000305e-02,3.212996125221252441e-01,-1.205665394663810730e-01,-9.958252310752868652e-02,-1.035844758152961731e-01,-2.275083065032958984e-01,9.021017700433731079e-03,-2.652499675750732422e-01,-1.468261778354644775e-01,-4.478210508823394775e-01,1.332879215478897095e-01,-4.758962094783782959e-01,5.391274690628051758e-01,-4.715435504913330078e-01,4.747586846351623535e-01,-3.128133118152618408e-01,-1.182647421956062317e-01,2.111977040767669678e-01,-1.551447063684463501e-01,-1.681967452168464661e-02,2.319920808076858521e-01,-4.164028465747833252e-01,-3.050553202629089355e-01,-9.665128588676452637e-02,-2.869725525379180908e-01,-3.843292593955993652e-01,-1.125278249382972717e-01,-2.718603312969207764e-01,3.606333136558532715e-01,-1.367547065019607544e-01,5.107247233390808105e-01,9.773326665163040161e-02,-5.644834414124488831e-02,2.294873148202896118e-01,-3.016419149935245514e-02,-7.313752174377441406e-02,3.637188374996185303e-01,-6.970430910587310791e-02,5.742363929748535156e-01,-3.644697368144989014e-01,5.734809041023254395e-01,-3.602166473865509033e-01,3.074072301387786865e-01,-5.358540415763854980e-01,5.459248423576354980e-01,-4.999508857727050781e-01,3.728016614913940430e-01,-3.475548624992370605e-01,5.657676458358764648e-01,-4.850770533084869385e-01,4.092044234275817871e-01,-4.119490385055541992e-01,4.320689141750335693e-01,-5.215028524398803711e-01,2.227039337158203125e-01,1.604817211627960205e-01,3.647037744522094727e-01,6.290648877620697021e-02,3.149498105049133301e-01,1.559077799320220947e-01,4.316021502017974854e-01,-6.189854741096496582e-01,2.663402855396270752e-01,-4.418900609016418457e-01,4.160559773445129395e-01,-5.762671232223510742e-01,2.015838772058486938e-01,-1.836764663457870483e-01,5.348705872893333435e-02,-2.625565603375434875e-02,3.969026803970336914e-01,1.904954910278320312e-01,2.504383325576782227e-01,1.411431729793548584e-01,-2.062744647264480591e-01,8.761113882064819336e-02
1.050561368465423584e-01,-3.611783087253570557e-01,-1.887060999870300293e-01,-3.519558012485504150e-01,0.000000000000000000e+00,2.525674402713775635e-01,3.706770837306976318e-01,-4.968357980251312256e-01,-1.013440564274787903e-01,5.024718046188354492e-01,1.168340444564819336e-01,-1.653329432010650635e-01,3.204151690006256104e-01,-1.028334870934486389e-01,-2.820340394973754883e-01,5.105278491973876953e-01,2.618934512138366699e-01,-4.127627611160278320e-01,7.835252583026885986e-02,-1.998182982206344604e-01,2.294573187828063965e-01,1.386067420244216919e-01,6.338503211736679077e-02,-2.200276702642440796e-01,2.210551053285598755e-01,2.789762914180755615e-01,2.202610224485397339e-01,1.822168529033660889e-01,4.725661575794219971e-01,-2.771380543708801270e-01,-6.659374572336673737e-03,-1.208655387163162231e-01,-1.097625046968460083e-01,-2.564532756805419922e-01,7.649676501750946045e-02,-6.467147916555404663e-02,-1.922394633293151855e-01,2.771830558776855469e-01,-1.375585049390792847e-01,1.403131932020187378e-01,1.302806735038757324e-01,1.168881878256797791e-01,-4.056994337588548660e-03,6.132265087217092514e-03,7.516774535179138184e-02,-2.702055312693119049e-02,-2.816542685031890869e-01,3.441635891795158386e-02,-1.224980875849723816e-01,1.264442801475524902e-01,-2.795310914516448975e-01,2.842518985271453857e-01,-5.112388134002685547e-01,3.981839418411254883e-01,-5.201361775398254395e-01,2.041522860527038574e-01,4.960313066840171814e-02,-1.284281611442565918e-01,5.174896866083145142e-02,-1.038064584136009216e-01,-1.611614227294921875e-01,3.730613887310028076e-01,1.472390890121459961e-01,-6.370415538549423218e-02,1.124663576483726501e-01,-1.506332680583000183e-02,-1.678218096494674683e-01,-4.532773047685623169e-02,4.571728408336639404e-03,1.509104371070861816e-01,-9.849030524492263794e-02,3.542555272579193115e-01,3.888582587242126465e-01,-8.076155185699462891e-02,-1.264007240533828735e-01,4.202909395098686218e-02,-1.681948900222778320e-01,2.282546013593673706e-01,-2.858032882213592529e-01,5.590975284576416016e-01,-4.070711433887481689e-01,3.213271200656890869e-01,-3.927139341831207275e-01,5.011909008026123047e-01,-4.465448558330535889e-01,4.584592282772064209e-01,-3.558489680290222168e-01,2.851851880550384521e-01,-4.855322241783142090e-01,4.928870797157287598e-01,-3.799850940704345703e-01,4.208785891532897949e-01,-3.612463176250457764e-01,4.455831050872802734e-01,1.569128036499023438e-02,1.579732925165444613e-04,-2.892733514308929443e-01,4.794663190841674805e-02,-2.701045870780944824e-01,-6.089844927191734314e-02,-4.447749555110931396e-01,4.293793141841888428e-01,-3.684561848640441895e-01,2.203391641378402710e-01,-4.570226371288299561e-01,3.341895937919616699e-01,-1.500307619571685791e-01,1.271294057369232178e-01,-1.582088768482208252e-01,7.226355373859405518e-02,-1.782580912113189697e-01,-1.151844784617424011e-01,-3.091179728507995605e-01,-2.323615103960037231e-01,5.503603443503379822e-02,9.124251455068588257e-02
4.005258083343505859e-01,-1.852725297212600708e-01,-4.286338090896606445e-01,-3.456216454505920410e-01,2.525674402713775635e-01,0.000000000000000000e+00,4.012696444988250732e-01,-3.931963741779327393e-01,-3.536913096904754639e-01,6.871396899223327637e-01,4.326402842998504639e-01,1.509565412998199463e-01,2.450856268405914307e-01,-2.273116856813430786e-01,-3.057247102260589600e-01,6.361510157585144043e-01,3.114574849605560303e-01,-3.425137698650360107e-01,4.120125621557235718e-02,-5.070121586322784424e-02,-2.042779512703418732e-02,-7.453487813472747803e-02,1.124539971351623535e-01,-2.449199408292770386e-01,4.828497767448425293e-01,6.926862597465515137e-01,5.144637823104858398e-01,5.915303230285644531e-01,4.333228468894958496e-01,-3.538267016410827637e-01,-3.694455623626708984e-01,-4.278692305088043213e-01,1.444076895713806152e-01,-1.166936531662940979e-01,-8.739034645259380341e-03,-2.108528017997741699e-01,-4.277651607990264893e-01,-3.356049209833145142e-02,-3.154832720756530762e-01,1.715251989662647247e-02,-5.971018597483634949e-02,-3.844738602638244629e-01,1.095994636416435242e-01,-7.507059723138809204e-03,2.179713398218154907e-01,8.506480604410171509e-02,-5.115108937025070190e-02,1.854335218667984009e-01,9.275145828723907471e-03,2.182932943105697632e-01,-2.549272179603576660e-01,3.533748984336853027e-01,-4.868614971637725830e-01,4.166809618473052979e-01,-4.956450462341308594e-01,1.366350650787353516e-01,1.401236057281494141e-01,4.618705809116363525e-02,2.717575728893280029e-01,2.080205827951431274e-01,-1.080517470836639404e-01,6.132166981697082520e-01,2.204979807138442993e-01,1.691935211420059204e-01,-1.609478704631328583e-02,1.429032832384109497e-01,-1.070494651794433594e-01,7.425233721733093262e-02,-1.606241017580032349e-01,1.271038353443145752e-01,-3.762387931346893311e-01,-1.885246038436889648e-01,-8.374128374271094799e-04,-2.504235506057739258e-01,6.560485810041427612e-02,3.251668065786361694e-02,-4.397065639495849609e-01,-1.630959659814834595e-01,-2.396343201398849487e-01,4.331945180892944336e-01,-3.043065071105957031e-01,2.815434932708740234e-01,-2.437297403812408447e-01,5.387778878211975098e-01,-4.680929780006408691e-01,4.593141973018646240e-01,-3.612459599971771240e-01,6.740364432334899902e-02,-5.810942649841308594e-01,4.342885315418243408e-01,-6.008700728416442871e-01,2.334883511066436768e-01,-6.133016347885131836e-01,2.273170351982116699e-01,-3.887888789176940918e-01,-3.072667717933654785e-01,-6.015346646308898926e-01,-3.871388733386993408e-01,-6.023399829864501953e-01,-5.147942304611206055e-01,-6.281529664993286133e-01,3.268860876560211182e-01,-5.884290933609008789e-01,-6.308888643980026245e-02,-6.075224280357360840e-01,1.985687762498855591e-01,-5.644368529319763184e-01,-3.758734166622161865e-01,-1.728421002626419067e-01,-1.395849287509918213e-01,-3.839073777198791504e-01,-3.788395524024963379e-01,-4.768747687339782715e-01,-1.149044558405876160e-01,2.907981276512145996e-01,-2.300896123051643372e-02
3.689056336879730225e-01,-3.381161689758300781e-01,-3.821875900030136108e-02,-2.741075158119201660e-01,3.706770837306976318e-01,4.012696444988250732e-01,0.000000000000000000e+00,-4.176521003246307373e-01,-3.387320935726165771e-01,5.046856403350830078e-01,4.048182070255279541e-01,1.295374482870101929e-01,4.929926395416259766e-01,4.111218266189098358e-03,-4.285882413387298584e-01,4.439186155796051025e-01,5.066122412681579590e-01,-4.261033535003662109e-01,7.368083298206329346e-02,4.223731812089681625e-03,-1.334804575890302658e-02,-3.066579103469848633e-01,1.749439239501953125e-01,-4.176900908350944519e-02,2.588109374046325684e-01,3.523800671100616455e-01,2.465870603919029236e-02,9.686487168073654175e-02,7.152585387229919434e-01,-1.683197170495986938e-01,-6.533635407686233521e-02,-1.313265413045883179e-01,4.498002827167510986e-01,1.513966470956802368e-01,1.343719065189361572e-01,-3.908334183506667614e-04,-3.924651741981506348e-01,3.130054473876953125e-01,-3.557251989841461182e-01,-1.951404362916946411e-01,9.534013271331787109e-02,-2.322765588760375977e-01,1.643490791320800781e-01,1.962676942348480225e-01,2.262354642152786255e-01,2.552912533283233643e-01,-9.466125816106796265e-02,3.249314129352569580e-01,1.244570910930633545e-01,4.112966954708099365e-01,-1.245398223400115967e-01,5.563678741455078125e-01,-5.866050720214843750e-01,5.219683051109313965e-01,-6.843217611312866211e-01,2.568109333515167236e-01,3.387594819068908691e-01,-7.845988869667053223e-02,2.468635588884353638e-01,-2.752068266272544861e-02,1.532813608646392822e-01,6.593360900878906250e-01,3.990242183208465576e-01,1.674939543008804321e-01,8.414283394813537598e-02,-1.991689950227737427e-02,-4.195016995072364807e-02,1.444629132747650146e-01,-1.778489649295806885e-01,4.947190284729003906e-01,-2.810262739658355713e-01,2.469969689846038818e-01,9.968248754739761353e-02,4.145758692175149918e-03,4.617492109537124634e-02,3.417734429240226746e-02,-2.845647633075714111e-01,1.547597199678421021e-01,-2.340563684701919556e-01,5.410899519920349121e-01,-3.152862489223480225e-01,4.531735181808471680e-01,-4.588339924812316895e-01,4.516539871692657471e-01,-6.243641972541809082e-01,5.539123415946960449e-01,-6.418890357017517090e-01,-3.614295274019241333e-02,-6.751853227615356445e-01,4.746491312980651855e-01,-4.826728999614715576e-01,3.942586779594421387e-01,-5.695943832397460938e-01,3.867849707603454590e-01,-2.655374109745025635e-01,-1.604685187339782715e-01,-5.873833298683166504e-01,-2.331707626581192017e-01,-5.411130785942077637e-01,-3.519198000431060791e-01,-5.768003463745117188e-01,3.834213018417358398e-01,-5.381611585617065430e-01,7.884120196104049683e-02,-5.277319550514221191e-01,2.490092962980270386e-01,-4.205752909183502197e-01,-3.528767079114913940e-02,-4.605873487889766693e-03,-1.923533082008361816e-01,-3.707751631736755371e-01,-4.743427336215972900e-01,-4.191629588603973389e-01,-1.650600582361221313e-01,1.316509544849395752e-01,1.091059818863868713e-01
-2.338782697916030884e-01,6.117851138114929199e-01,5.118371248245239258e-01,5.992434620857238770e-01,-4.968357980251312256e-01,-3.931963741779327393e-01,-4.176521003246307373e-01,0.000000000000000000e+00,5.298985838890075684e-01,-7.318992018699645996e-01,-2.175542563199996948e-01,2.465120404958724976e-01,-3.180378973484039307e-01,2.521451413631439209e-01,5.973420143127441406e-01,-7.364538311958312988e-01,-3.478921055793762207e-01,6.719495058059692383e-01,2.529586479067802429e-02,3.593549728393554688e-01,-1.533679217100143433e-01,-7.913216948509216309e-02,5.817716568708419800e-02,4.701821208000183105e-01,-1.419464051723480225e-01,-4.086555838584899902e-01,-1.164170578122138977e-01,-1.959011554718017578e-01,-6.181918382644653320e-01,5.677120089530944824e-01,3.854519426822662354e-01,5.359115004539489746e-01,1.565819233655929565e-01,5.109360814094543457e-01,2.173077017068862915e-01,3.875615894794464111e-01,2.685256004333496094e-01,-3.010215759277343750e-01,1.403377801179885864e-01,-3.480952680110931396e-01,-2.460779249668121338e-01,9.734493680298328400e-03,-1.372291296720504761e-01,-2.079429924488067627e-01,-1.507873535156250000e-01,-2.040579468011856079e-01,1.978250592947006226e-01,-2.963130772113800049e-01,-1.232933104038238525e-01,-4.373693168163299561e-01,2.117611169815063477e-01,-6.065506935119628906e-01,6.911652684211730957e-01,-7.100756764411926270e-01,6.292273998260498047e-01,-5.333793759346008301e-01,-9.669581055641174316e-02,2.608079016208648682e-01,-1.436216682195663452e-01,5.086021870374679565e-02,4.522424042224884033e-01,-4.973611235618591309e-01,-1.711930334568023682e-01,1.714307516813278198e-01,-2.580055966973304749e-02,2.288037911057472229e-02,2.568471729755401611e-01,1.998603157699108124e-02,1.393294483423233032e-01,-2.045151740312576294e-01,5.451030731201171875e-01,-1.858539879322052002e-01,-1.620599925518035889e-01,3.685512840747833252e-01,1.798318922519683838e-01,8.299841731786727905e-02,5.182693004608154297e-01,-4.364188387989997864e-02,6.181216239929199219e-01,-7.100641727447509766e-01,6.672834157943725586e-01,-3.385253548622131348e-01,4.526744186878204346e-01,-7.831135988235473633e-01,7.029913663864135742e-01,-7.872652411460876465e-01,5.340889096260070801e-01,-3.497650027275085449e-01,7.554098963737487793e-01,-8.027977943420410156e-01,6.883946061134338379e-01,-5.285649299621582031e-01,6.699913740158081055e-01,-6.696982979774475098e-01,1.359099149703979492e-01,1.078819334506988525e-01,5.503113865852355957e-01,4.726092889904975891e-02,5.099264979362487793e-01,2.813840508460998535e-01,6.743834018707275391e-01,-7.327407598495483398e-01,5.255249142646789551e-01,-3.485664427280426025e-01,6.749655604362487793e-01,-5.767933130264282227e-01,2.916328012943267822e-01,-1.694712638854980469e-01,1.887190937995910645e-01,-3.020656481385231018e-02,3.113860487937927246e-01,2.294491529464721680e-01,4.808305501937866211e-01,2.949475049972534180e-01,-3.017371296882629395e-01,-4.053060710430145264e-02
-1.093833521008491516e-01,4.318166971206665039e-01,5.106734633445739746e-01,4.679725766181945801e-01,-1.013440564274787903e-01,-3.536913096904754639e-01,-3.387320935726165771e-01,5.298985838890075684e-01,0.000000000000000000e+00,-3.968761563301086426e-01,-1.632910668849945068e-01,-3.579564765095710754e-02,-1.472633183002471924e-01,7.041355222463607788e-02,6.674755215644836426e-01,-4.016778171062469482e-01,-3.827699720859527588e-01,3.312390744686126709e-01,1.315763741731643677e-01,3.336195647716522217e-01,-3.435607627034187317e-02,3.187164366245269775e-01,-9.465985745191574097e-02,3.024615347385406494e-01,8.915078639984130859e-02,-1.863553971052169800e-01,7.934869080781936646e-02,3.039583563804626465e-03,-4.545710980892181396e-01,4.050888717174530029e-01,4.830633699893951416e-01,5.413309335708618164e-01,-1.271583884954452515e-01,1.558351665735244751e-01,2.022086977958679199e-01,3.882795572280883789e-01,2.732511758804321289e-01,-2.139412462711334229e-01,2.029347121715545654e-01,-1.843405365943908691e-01,-1.586632877588272095e-01,2.021090835332870483e-01,-3.069242238998413086e-01,-2.320270389318466187e-01,-1.666105091571807861e-01,-2.585330903530120850e-01,-7.239776849746704102e-02,-3.919216990470886230e-01,-2.189164161682128906e-01,-4.321938455104827881e-01,1.852922514081001282e-02,-5.616426467895507812e-01,4.491949081420898438e-01,-6.349908709526062012e-01,4.636268019676208496e-01,-4.750967919826507568e-01,-1.550340056419372559e-01,1.547774672508239746e-01,-7.513348013162612915e-02,-1.800376456230878830e-03,3.772356510162353516e-01,-4.372308552265167236e-01,-1.622985899448394775e-01,3.205906227231025696e-02,-1.917059719562530518e-02,-1.245600059628486633e-01,1.860586702823638916e-01,8.904121816158294678e-03,2.740737199783325195e-01,-5.847734212875366211e-02,6.114538311958312988e-01,2.178895324468612671e-01,2.684453316032886505e-02,3.337621688842773438e-01,2.438998073339462280e-01,1.334127932786941528e-01,4.697001278400421143e-01,7.886395603418350220e-02,4.631909430027008057e-01,-3.769575059413909912e-01,4.799575209617614746e-01,-2.140453904867172241e-01,2.692878246307373047e-01,-5.070792436599731445e-01,5.378056168556213379e-01,-6.201648712158203125e-01,5.146087408065795898e-01,-1.144769862294197083e-01,5.924844145774841309e-01,-5.806518197059631348e-01,5.278609991073608398e-01,-3.891327083110809326e-01,5.271387100219726562e-01,-5.311076641082763672e-01,2.743833661079406738e-01,1.634052842855453491e-01,5.431495904922485352e-01,2.266392409801483154e-01,4.911117255687713623e-01,3.604104816913604736e-01,5.712954998016357422e-01,-5.840822458267211914e-01,4.615117907524108887e-01,-2.107036858797073364e-01,5.486605167388916016e-01,-4.181668460369110107e-01,3.741226494312286377e-01,1.932695321738719940e-02,9.405372291803359985e-02,2.568825185298919678e-01,3.226168155670166016e-01,3.071358501911163330e-01,5.161666274070739746e-01,2.227909862995147705e-01,-3.197444677352905273e-01,-6.949076801538467407e-02
3.172606825828552246e-01,-4.794618487358093262e-01,-5.227900147438049316e-01,-5.141484141349792480e-01,5.024718046188354492e-01,6.871396899223327637e-01,5.046856403350830078e-01,-7.318992018699645996e-01,-3.968761563301086426e-01,0.000000000000000000e+00,2.774319052696228027e-01,1.269508060067892075e-02,3.121702671051025391e-01,-1.546059399843215942e-01,-4.810653328895568848e-01,8.643037080764770508e-01,3.342962563037872314e-01,-6.676416993141174316e-01,3.733001276850700378e-02,-2.194846719503402710e-01,8.695209026336669922e-02,1.224703937768936157e-01,5.621439777314662933e-03,-4.294961094856262207e-01,3.063393235206604004e-01,5.683069229125976562e-01,3.354336023330688477e-01,4.481885433197021484e-01,5.938884019851684570e-01,-5.304381251335144043e-01,-4.140895009040832520e-01,-5.013901591300964355e-01,-7.308984547853469849e-02,-3.884251713752746582e-01,-1.748997569084167480e-01,-3.325133323669433594e-01,-4.356755912303924561e-01,1.494241952896118164e-01,-2.462153732776641846e-01,2.817607820034027100e-01,4.015881568193435669e-02,-1.869486719369888306e-01,3.822047635912895203e-02,6.198589503765106201e-02,1.079875305294990540e-01,6.256426870822906494e-02,-2.642933130264282227e-01,1.860671788454055786e-01,4.549327306449413300e-03,3.386113047599792480e-01,-2.960597872734069824e-01,5.551365017890930176e-01,-7.215202450752258301e-01,6.530053019523620605e-01,-6.759234666824340820e-01,4.053713977336883545e-01,7.089897990226745605e-02,-1.260274499654769897e-01,2.039234787225723267e-01,6.642595678567886353e-02,-3.284730613231658936e-01,6.957304477691650391e-01,1.680091023445129395e-01,5.244914442300796509e-02,-7.940284907817840576e-02,-4.479700233787298203e-03,-2.704274058341979980e-01,-5.537107214331626892e-02,-1.780601590871810913e-01,1.842401921749114990e-01,-4.816420972347259521e-01,1.352311521768569946e-01,1.201741024851799011e-01,-3.587631881237030029e-01,-3.844190388917922974e-02,-1.844645664095878601e-02,-5.008513927459716797e-01,-3.152364864945411682e-02,-5.148722529411315918e-01,7.297359704971313477e-01,-6.068901419639587402e-01,3.755930960178375244e-01,-4.608907401561737061e-01,7.560003995895385742e-01,-7.141244411468505859e-01,7.173929810523986816e-01,-5.057651996612548828e-01,2.940209209918975830e-01,-7.606545686721801758e-01,7.508902549743652344e-01,-7.140643596649169922e-01,4.950978755950927734e-01,-7.076134681701660156e-01,5.745447874069213867e-01,-2.521611750125885010e-01,-1.668016016483306885e-01,-6.340623497962951660e-01,-2.026129215955734253e-01,-6.031652092933654785e-01,-3.677368760108947754e-01,-7.292784452438354492e-01,6.252796053886413574e-01,-6.297591924667358398e-01,2.013073414564132690e-01,-7.041012048721313477e-01,4.862895309925079346e-01,-4.184927344322204590e-01,-7.805610075592994690e-03,-1.472814083099365234e-01,-3.249353542923927307e-02,-3.985179066658020020e-01,-3.003218770027160645e-01,-5.044342875480651855e-01,-2.506079077720642090e-01,3.436991274356842041e-01,3.685735538601875305e-02
4.755514264106750488e-01,3.869754076004028320e-02,-1.165991052985191345e-01,-2.497162520885467529e-01,1.168340444564819336e-01,4.326402842998504639e-01,4.048182070255279541e-01,-2.175542563199996948e-01,-1.632910668849945068e-01,2.774319052696228027e-01,0.000000000000000000e+00,1.369130313396453857e-01,6.027848720550537109e-01,-1.935850381851196289e-01,-5.045483261346817017e-02,2.687139511108398438e-01,5.246811509132385254e-01,-1.260952502489089966e-01,1.086751446127891541e-01,1.198266819119453430e-01,-1.518271416425704956e-01,-2.092969119548797607e-01,2.368073211982846260e-03,-1.820580661296844482e-01,3.455859124660491943e-01,3.859067857265472412e-01,2.053887248039245605e-01,2.329045087099075317e-01,4.294487833976745605e-01,-1.063581481575965881e-01,-6.324315071105957031e-02,-2.137197554111480713e-01,2.702277302742004395e-01,4.608803614974021912e-02,1.915446817874908447e-01,8.553267270326614380e-02,-2.814595699310302734e-01,6.456092745065689087e-02,-2.414557635784149170e-01,-2.598475217819213867e-01,8.696373552083969116e-02,-2.883653640747070312e-01,2.038693726062774658e-01,1.631845682859420776e-01,3.345319032669067383e-01,3.135680258274078369e-01,9.779365360736846924e-02,2.880296111106872559e-01,1.283943057060241699e-01,2.386015057563781738e-01,-1.598549187183380127e-01,1.990325301885604858e-01,-2.949033975601196289e-01,1.799077391624450684e-01,-3.087877333164215088e-01,-6.566516240127384663e-04,4.370024204254150391e-01,6.579031050205230713e-02,2.517326176166534424e-01,7.830094546079635620e-02,1.847080290317535400e-01,3.274325430393218994e-01,5.665190815925598145e-01,1.071823537349700928e-01,2.804795205593109131e-01,1.012244075536727905e-01,1.630422770977020264e-01,3.045902550220489502e-01,-5.275181308388710022e-02,1.624368429183959961e-01,-1.583881229162216187e-01,-1.033971458673477173e-01,8.632657118141651154e-03,2.385891093581449240e-05,1.558186113834381104e-01,1.001299545168876648e-01,-3.718735873699188232e-01,-1.318250000476837158e-01,-3.404905647039413452e-02,2.715254127979278564e-01,-3.482098877429962158e-02,3.983465433120727539e-01,-1.109330281615257263e-01,3.230895698070526123e-01,-2.468271404504776001e-01,2.949711978435516357e-01,-2.672936916351318359e-01,-8.018641918897628784e-02,-3.868157863616943359e-01,1.595691591501235962e-01,-3.809994161128997803e-01,-6.403036415576934814e-02,-4.568383395671844482e-01,-4.593339934945106506e-02,-2.155218273401260376e-01,-2.989323437213897705e-01,-4.151949286460876465e-01,-2.703427970409393311e-01,-4.362848997116088867e-01,-4.707852005958557129e-01,-3.654598891735076904e-01,8.325608819723129272e-02,-3.465824127197265625e-01,-1.162809953093528748e-01,-3.427544832229614258e-01,-1.034219749271869659e-02,-3.797226548194885254e-01,-3.403031826019287109e-01,-2.219406515359878540e-01,5.587095767259597778e-02,-3.281976878643035889e-01,-3.619926869869232178e-01,-3.387787044048309326e-01,-1.234227269887924194e-01,1.233674120157957077e-02,-1.682614088058471680e-01
2.029365450143814087e-01,2.983041107654571533e-01,1.557309627532958984e-01,7.659689337015151978e-02,-1.653329432010650635e-01,1.509565412998199463e-01,1.295374482870101929e-01,2.465120404958724976e-01,-3.579564765095710754e-02,1.269508060067892075e-02,1.369130313396453857e-01,0.000000000000000000e+00,4.228791594505310059e-02,4.807627499103546143e-01,3.846317995339632034e-03,-1.838474906980991364e-02,9.195851534605026245e-02,2.542121112346649170e-01,8.968252688646316528e-02,2.345035523176193237e-01,-1.652395278215408325e-01,-1.692167818546295166e-01,2.043154984712600708e-01,1.612283587455749512e-01,9.034378081560134888e-02,8.213256299495697021e-02,1.003114692866802216e-02,5.386172607541084290e-02,1.514166407287120819e-02,2.302782982587814331e-01,8.535224199295043945e-02,1.332517862319946289e-01,3.850907385349273682e-01,3.432569205760955811e-01,2.272629290819168091e-01,2.396860718727111816e-01,-1.234365105628967285e-01,-4.999231174588203430e-02,-2.468179166316986084e-01,-1.923411488533020020e-01,-9.445326030254364014e-02,-1.184657737612724304e-01,-4.003366455435752869e-03,1.802792586386203766e-02,4.495937749743461609e-02,3.208513185381889343e-02,6.698910146951675415e-02,3.435772284865379333e-02,1.122015062719583511e-02,3.960174322128295898e-02,2.866291999816894531e-02,-1.801194623112678528e-02,-7.898064330220222473e-03,-9.168818593025207520e-02,2.671263739466667175e-02,-1.503177639096975327e-02,1.597073227167129517e-01,3.819732367992401123e-01,1.076004281640052795e-01,1.932306885719299316e-01,2.499951869249343872e-01,2.067543566226959229e-01,2.186197936534881592e-01,4.724192917346954346e-01,-1.484553050249814987e-02,1.065686047077178955e-01,1.039983555674552917e-01,2.157665342092514038e-01,-9.013002365827560425e-02,1.265075206756591797e-01,6.205073371529579163e-02,-7.005672156810760498e-02,-7.700828462839126587e-02,1.378998011350631714e-01,3.674030676484107971e-02,9.968424588441848755e-02,-1.748697087168693542e-02,-1.231153979897499084e-01,8.466718345880508423e-02,-6.800381839275360107e-02,1.137044653296470642e-01,2.289181202650070190e-01,-6.879421323537826538e-02,-1.250959038734436035e-01,-4.203713312745094299e-02,-8.140199631452560425e-02,-6.308016180992126465e-02,-1.804371476173400879e-01,-4.990298673510551453e-02,-1.289682090282440186e-01,3.963935375213623047e-02,-1.394056677818298340e-01,-4.090120270848274231e-02,-1.549147069454193115e-01,-1.733038872480392456e-01,-5.724052339792251587e-02,-2.967339195311069489e-02,-1.666667163372039795e-01,-8.849310874938964844e-02,-1.217853873968124390e-01,-1.418739906512200832e-03,-1.757072210311889648e-01,-7.931803166866302490e-02,-1.869871765375137329e-01,5.986411124467849731e-02,-1.433088034391403198e-01,-1.113020405173301697e-01,-1.890199780464172363e-01,1.613801121711730957e-01,2.689756080508232117e-02,-8.543717116117477417e-02,-1.282647401094436646e-01,6.348638981580734253e-02,1.749785095453262329e-01,-8.747872710227966309e-02,-8.886630833148956299e-02
1.476721763610839844e-01,-2.827994525432586670e-01,-6.235273927450180054e-02,-3.939059376716613770e-01,3.204151690006256104e-01,2.450856268405914307e-01,4.929926395416259766e-01,-3.180378973484039307e-01,-1.472633183002471924e-01,3.121702671051025391e-01,6.027848720550537109e-01,4.228791594505310059e-02,0.000000000000000000e+00,9.654916822910308838e-02,-1.160561069846153259e-01,3.312012553215026855e-01,5.750384330749511719e-01,-1.684631705284118652e-01,-8.857229351997375488e-02,-1.150130107998847961e-01,-2.425886541604995728e-01,-2.047146707773208618e-01,1.154904216527938843e-01,-6.578201055526733398e-02,2.135931104421615601e-01,2.829157114028930664e-01,-1.317407190799713135e-01,-1.065262258052825928e-01,5.171366930007934570e-01,-2.255417779088020325e-02,3.608215972781181335e-02,-8.108047395944595337e-02,2.953890562057495117e-01,4.187837615609169006e-02,2.501655220985412598e-01,1.095622479915618896e-01,-3.880565166473388672e-01,4.119011014699935913e-02,-3.307845592498779297e-01,-2.554017305374145508e-01,5.683745443820953369e-02,-2.109723985195159912e-01,2.449776083230972290e-01,2.279572188854217529e-01,3.634189069271087646e-01,3.296217024326324463e-01,7.010708795860409737e-04,2.580567896366119385e-01,1.601811051368713379e-01,3.550346493721008301e-01,-4.068056493997573853e-02,3.985280096530914307e-01,-3.932899832725524902e-01,3.509756922721862793e-01,-4.767366051673889160e-01,-7.212707307189702988e-03,3.215284645557403564e-01,-1.396842002868652344e-01,2.079990878701210022e-02,-2.190575599670410156e-01,1.481195390224456787e-01,3.875433802604675293e-01,5.696312189102172852e-01,2.399430982768535614e-02,4.467196166515350342e-01,1.665308028459548950e-01,7.909167557954788208e-02,2.816860675811767578e-01,-2.292653918266296387e-01,2.678973674774169922e-01,-1.689798980951309204e-01,1.056277602910995483e-01,1.567675471305847168e-01,6.403396278619766235e-02,1.593303531408309937e-01,1.354894638061523438e-01,-2.915890812873840332e-01,5.756134539842605591e-02,-1.774365454912185669e-01,4.347096383571624756e-01,-1.978952437639236450e-01,4.966643154621124268e-01,-3.598132133483886719e-01,3.390519320964813232e-01,-3.555992841720581055e-01,3.843120932579040527e-01,-4.467739462852478027e-01,-9.427036345005035400e-02,-4.706373810768127441e-01,2.676744461059570312e-01,-2.599669992923736572e-01,2.665918469429016113e-01,-3.236030936241149902e-01,2.600643038749694824e-01,-2.793524563312530518e-01,-3.752063512802124023e-01,-3.689783215522766113e-01,-1.354662179946899414e-01,-3.862057924270629883e-01,-2.704895734786987305e-01,-4.030157923698425293e-01,2.456372678279876709e-01,-3.804203569889068604e-01,1.028482057154178619e-02,-3.749344050884246826e-01,2.133495807647705078e-01,-3.801700472831726074e-01,-1.788594871759414673e-01,-2.242054939270019531e-01,2.463063597679138184e-01,-3.517275750637054443e-01,-3.859573900699615479e-01,-2.603566646575927734e-01,-4.713832214474678040e-02,1.730775088071823120e-01,-1.797400861978530884e-01
