0.000000000000000000e+00,2.486690624414376050e-01,8.410483995692814851e-02,1.454526135304215484e-01,-7.954172958851811470e-02,-1.700955784125171566e-02,1.106374300112072523e-01,9.047234087973687888e-02,-1.580245248904957878e-01,2.478919910864471957e-03,2.780653778550905009e-01,1.843948806943672295e-04,7.651470193155840774e-03,7.177432707852439940e-03,-1.470129387462748294e-01,1.051728065554106235e-03,3.591779518066966492e-01,-1.435403552012934347e-01,5.778228495408566090e-01,4.822760942873691725e-01,8.596813798462293876e-02,-3.363258947255803183e-02,-1.734694192945884228e-01,-1.423928597350323511e-01,-4.764709486794761750e-02,-8.567146760720634191e-02,5.586827739174569929e-02,9.167931071431418763e-03,2.796091185364535936e-01,-6.368354193603709135e-02,-7.708380395711525446e-02,-9.689873273569060697e-02,5.734653218104047712e-01,4.789895490512923737e-01,-1.355619446526570848e-01,-6.915858990339819601e-02,1.263854727023743657e-02,9.848406326218289708e-02,-1.029826000075450831e-01,1.259684061493419015e-02,1.331633646282719963e-01,-1.374539159703118962e-01,-9.836715039222439227e-02,-2.183787025551756911e-01,-3.543186262665730113e-01,-4.125547707885704463e-01,-1.619314206698540745e-02,-3.409766258377477238e-02,-3.501653933081783632e-01,-4.098270342373617758e-01,-3.182156525724401663e-01,-2.419770314760124885e-01,9.665474534737127088e-02,2.128488265988401629e-01,-5.708450757918826640e-02,-1.391307591608026938e-02,6.176756253931982021e-01,8.165441800402790939e-02,-1.728228196396685012e-01,-2.846359179286721552e-01,8.956110439288199332e-02,-1.004614576300674883e-01,2.239865735340954844e-01,-5.205104134032853547e-02,-1.918720533444727705e-01,-2.045963652420892120e-01,-2.197058928670953815e-01,-3.941404682571519325e-01,3.814581904623481345e-01,8.351631041897795982e-02,2.480891801756283377e-01,1.539634398982022701e-01,2.848334242441300512e-01,-1.004266465460361066e-02,5.302888652124259500e-02,-1.006175662668003234e-01,3.662301043359727504e-01,2.143758170270468888e-01,1.760389186598245448e-01,3.248172823502112894e-02,5.725423292449792478e-02,-1.104422892155610403e-01,2.260588211328148217e-02,-6.762468584032649277e-02,-6.804309816274597966e-02,-7.041746389929107175e-02,-1.385425501496737599e-01,-3.442803094590247276e-02,-7.720916287987285298e-02,9.605300893496961090e-02,-4.462416956441646321e-02,-2.359163855644447541e-02,3.055350747672873069e-01,2.266506497398058095e-01,1.236750863588104571e-01,-2.158415439959587845e-02,-7.873681267802356296e-05,4.726746965853168697e-03,-5.019511647387932957e-02,-4.386190489463318021e-02,2.101578913116561587e-01,3.747482910486901186e-01,1.769413027283964213e-01,2.641471528336668539e-01,5.140892721349927391e-02,9.948713663601116419e-02,5.598826330261066214e-02,1.237460105120102016e-01,1.017177432452741476e-01,-1.245950413730246009e-01,-7.992694957520714294e-02,-1.331462650780343981e-01,1.837174782980583593e-02,6.587906350887584583e-02,-5.102492980483955276e-02,6.711056062095127617e-02
2.486690624414376050e-01,0.000000000000000000e+00,-1.132970440404634238e-01,1.608119000369878371e-01,-1.840517674337181775e-01,-2.543713448411654698e-01,-1.545923540047859368e-01,3.354967748398818284e-01,-2.066588274542569270e-01,-2.623684669349971021e-01,-1.728873036921271256e-01,3.357976294876786061e-01,-2.570185493288499323e-01,4.614614538512380737e-02,-2.136006956033009718e-01,-2.819360024963399325e-01,-1.723262932139663639e-01,6.325844625778097308e-02,4.783546933264838930e-01,4.926582716250596516e-01,-1.782242434546972287e-01,-1.775459473769629981e-01,-2.209139695182025243e-01,-2.521955928398034175e-01,-3.138663881978834835e-01,-3.646390882338948480e-01,-6.811067822014048312e-02,-1.208690695166053375e-01,-1.917036633571494175e-01,-8.115529361625332949e-02,-2.432993934875794795e-01,-2.234824483512744819e-01,3.527616272439735856e-01,5.100605856766097235e-01,-1.679112075966232576e-01,-4.612794370097429188e-03,-1.210428904369340170e-01,5.815149313824270749e-02,7.107342925275404906e-03,1.820084747014904247e-01,-5.068069309100650677e-02,-2.022453013156004231e-01,1.237984406530350384e-01,1.004213560656108811e-01,-6.077928124155496103e-02,-1.405334800109378154e-02,-1.740457344169958967e-03,1.986879448634623069e-01,-8.886363790154216957e-02,-5.368353675075704379e-02,-1.298402971126169647e-01,1.648337108401786710e-01,4.546735291250714184e-03,4.169825837552048053e-01,-2.748113589496388731e-01,3.305381762859674333e-01,2.012477128576453389e-01,6.762262077221506962e-01,6.742973164475149495e-02,2.718940041200727520e-01,-6.334601799489254781e-02,3.508829434293282978e-01,-6.963771588729708584e-02,3.897675189432593945e-01,-2.194561804905157953e-01,1.923569479936287629e-01,8.776742264598641485e-02,9.763949993681982076e-02,5.451595135468013664e-01,4.252837020470677798e-01,-1.868841187705668483e-01,-4.077059529314864400e-02,-1.411352387384447737e-01,-1.244043557186624016e-01,-2.472206649479360974e-01,-2.157522543290761041e-01,-1.434121461466311975e-01,-2.087240785110597990e-02,-4.426133199396579954e-02,1.501409822416138462e-01,-2.261413327990389466e-01,1.618329453535992668e-01,-1.213458340741793359e-02,-2.075102693270635540e-02,-2.189887069747917525e-01,2.713112078026968521e-01,7.977023963574002285e-02,1.123920633153246973e-01,1.082605388785925216e-01,3.758696629395866795e-01,-8.208506159541681391e-02,5.085854153395386046e-01,2.495029667659532380e-01,5.794539904008815245e-01,-5.711605561887034971e-02,-1.870219034387478677e-02,-1.581818533189134623e-01,-1.607973120594290845e-02,-2.189063004850267391e-01,1.780737364469278661e-01,2.146829018673772349e-01,5.617351111717177048e-01,-2.515077103880250867e-03,4.575078842893017805e-01,-1.637558637669706552e-01,2.325062555583164853e-02,1.460385710968465922e-01,2.905999285146291800e-01,-4.214234627298705377e-02,-9.168905148775195746e-02,-1.169947635887702148e-01,-7.072322941059919037e-03,2.853502972135163462e-02,1.810596152278109439e-01,-4.308725232475688754e-02,5.875750399979622063e-02
8.410483995692814851e-02,-1.132970440404634238e-01,0.000000000000000000e+00,5.240602983732323139e-01,3.080215855835690686e-01,1.850593782683639665e-01,7.410955086456203489e-01,3.793584424873617245e-01,3.913245082978053513e-01,1.682688209549676739e-01,3.798318806584320972e-01,1.566890655663618626e-01,5.810456819690698049e-01,2.042170309143700180e-01,4.224853074315412238e-01,2.411731774715522858e-01,-1.519185657869152051e-01,1.616411440851885442e-02,1.105882438047994937e-01,3.275897658246847144e-02,1.586704460926497973e-01,3.071916781266612606e-01,6.462685084606565322e-01,6.591524262637450393e-01,3.865680301239167171e-01,4.164350402156509201e-01,-3.136973281325610569e-02,-3.676844725887181559e-02,1.832403842596705967e-01,2.083529860049979365e-01,5.715270161947401117e-01,6.232617242353196696e-01,4.683784336177988089e-02,9.520187442418549806e-02,-1.986160258387156818e-01,-1.291102001855706782e-01,-2.855769746461058189e-01,-2.485736651794006324e-01,-1.940193143271707610e-01,-1.626759509883580201e-01,9.357475777318989552e-02,1.584370105236850290e-01,-4.532651046045828580e-01,-4.577076374386468416e-01,-4.051448766038798777e-01,-4.307639147054104223e-01,-4.147065607942885812e-01,-4.450053619229425439e-01,-4.339490446465973927e-01,-4.583932171766184616e-01,-3.893774974913853937e-01,-4.606557813504312815e-01,-1.779039997121178995e-01,-1.789286219250264542e-01,-1.565379607203890855e-01,-3.634856789274765188e-01,-1.270553152811177700e-01,-1.895945644064809532e-01,-2.628988289259109323e-01,-3.374397574495874297e-01,-2.091739731511329803e-01,-3.926697141660770440e-01,-3.612406995642617469e-01,-3.884475053030547187e-01,-1.413821460082022863e-01,-3.683113038350930291e-01,-3.306412810423087767e-01,-3.180611621836197389e-01,-9.650006701628847938e-02,-1.189663700855969342e-01,4.023040189693333768e-01,3.965117930430768212e-01,1.975272286112897957e-01,1.168057446206087480e-01,-6.588359566105402021e-02,-4.440586355124694073e-02,-1.384798150219124051e-02,-1.298592474834746047e-01,-3.679523257344267106e-01,-1.012406076532810090e-01,-3.565546825879763460e-01,-3.368770676275164022e-01,1.751903144478822449e-01,3.479699283569133439e-02,-2.747165829648192670e-01,-3.776564499742119940e-01,8.546276039765583754e-02,-1.784061522786550792e-03,-1.775407927359599625e-01,-1.671594379946924058e-01,-2.008588034969217007e-01,-3.172113785991070856e-01,3.262467011321665972e-02,-1.149136415617524470e-01,-3.139785257965680421e-01,-2.505681536948130561e-01,-3.732956962665339162e-01,-4.752993221111588285e-01,-3.887504331053149853e-01,-4.375107901142931133e-01,-2.047675768444012431e-02,-2.483259131229502426e-01,1.020104035111811525e-01,-2.078675169628858010e-01,5.307054445120010927e-02,8.371556766883137338e-03,-1.161443479452866495e-01,-2.423995504138393431e-01,-1.990399067128401367e-01,-2.848337566246664787e-01,-3.375871285681734113e-01,-4.720598790025374303e-01,4.098312517209703673e-03,1.300554545793735917e-01,-1.517271485324107605e-01,-1.992696677474182498e-01
1.454526135304215484e-01,1.608119000369878371e-01,5.240602983732323139e-01,0.000000000000000000e+00,1.330307884903902081e-03,-8.096969084405121475e-02,4.455466013439011719e-01,6.169335500494134150e-01,8.000134604076687694e-02,8.982549440183578218e-03,2.004901019145108043e-01,3.067347427881008670e-01,2.398978196917756489e-01,3.630713734668911119e-01,1.349325706384131573e-01,1.228538613909347516e-01,-9.972973177825286695e-02,-3.129324446565018292e-02,3.476266923963629019e-01,4.134689184068579548e-01,5.517576065882588005e-02,1.292861795492510069e-01,5.019274071382143765e-01,4.656490975188946058e-01,1.627964264424115182e-01,1.309463374946381875e-01,-1.453711410814138016e-01,-1.895425312916274863e-01,1.211938135055669746e-01,1.993305429944807194e-01,4.535369976256729552e-01,4.224733849268730301e-01,7.361831663378372304e-02,1.997932986952876966e-01,-4.352216407102876272e-01,-2.818613451909564582e-01,-3.127880857029567419e-01,-2.025596808317256803e-01,-1.817413015458937686e-01,-1.213697350454038953e-01,9.008309661114223543e-02,9.992874510577616498e-02,-4.333812847635437060e-01,-4.856038098447110207e-01,-3.942419395704690466e-01,-4.663868056845700827e-01,-4.790468803508773354e-01,-3.688021392861247083e-01,-3.795929568074640215e-01,-4.468435989630153982e-01,-4.883818296881541898e-01,-3.397490424540806631e-01,-3.262856405117867120e-01,2.800604529803810139e-02,-4.084381509981671043e-01,-2.184351489109539468e-01,-1.665381771940102340e-01,-5.823675562920216028e-03,-2.946427521837315378e-01,-2.074804669074186703e-01,-4.017721448503091541e-01,-3.101749163960695888e-01,-4.045221018806698932e-01,-2.689844868582376702e-01,-3.404628727983824987e-01,-2.518495928505732895e-01,-3.155308972389430644e-01,-3.691230478498034873e-01,6.379972495562165336e-02,8.578480014388174812e-02,3.585438125248020524e-01,2.784201491657210537e-01,1.049688759290192119e-01,1.219816877264644217e-01,-3.812708103492373768e-02,-9.502544773113302812e-02,-1.730165906417476807e-01,-2.303657612818871270e-01,-2.892103004513235653e-01,-1.519858245569080113e-01,-3.713921559481336288e-01,-3.322319189533985972e-01,2.350690775974372260e-01,2.814645503873177551e-02,-4.487097143581340042e-01,-2.918333619780884014e-01,-4.461257538351302149e-02,-5.876847441040347619e-03,-2.548830780536885388e-01,-7.670228552597177507e-02,-3.456650381167623576e-01,-2.995348187601988305e-03,-1.170326115748165224e-01,8.237866801486078139e-02,-2.584601251511957076e-01,-2.564198353893348270e-01,-3.803922575012849139e-01,-3.665632558713780020e-01,-4.463846888408950497e-01,-2.887833225764949718e-01,-7.828067668818088076e-02,4.330203315117796964e-02,-9.489945457780565863e-02,-8.999502221266119512e-03,-9.055510133623255464e-02,6.752469671961826292e-02,-2.396792378126969270e-01,-1.993481447852226141e-01,-1.513855536357751053e-01,-2.782154816994210078e-01,-3.725076305348489214e-01,-3.851699028381206369e-01,-5.521955049552184497e-02,1.813121635100237439e-01,-1.260798273912853151e-01,-1.196548593105040692e-01
-7.954172958851811470e-02,-1.840517674337181775e-01,3.080215855835690686e-01,1.330307884903902081e-03,0.000000000000000000e+00,6.532494189155853004e-01,2.840552615374418721e-01,1.747288528018389915e-03,7.013605818715737961e-01,5.718927499692807448e-01,-6.891543269545999384e-02,-1.921599289307096003e-01,2.520665261961764214e-01,3.249455737790834381e-02,5.763409385130390250e-01,3.765187104751266389e-01,-2.330762070566692601e-01,-1.340974533604946672e-01,-1.582604478151108940e-01,-3.188184491218319372e-01,3.823105578331023602e-01,4.464106766728028197e-01,1.875257918959777614e-01,2.891331057471225874e-01,5.591603174393677822e-01,6.380561761566249102e-01,4.871765998669978504e-01,4.300982955008778585e-01,-1.852218794558709303e-01,-1.354251121480455344e-01,1.820000295438045923e-01,2.756643240499012659e-01,-1.575389829862946511e-01,-1.433000961626973713e-01,1.402363785108033389e-01,1.181020161002337143e-01,-2.313103877913057910e-02,-1.773741529287610752e-01,1.613046346844416168e-01,5.843428623338399464e-02,1.342583519579942097e-01,-1.605822314761317510e-02,-2.844776711434941416e-02,-6.515175434250911057e-02,-3.714940302575891334e-02,-4.486463620611186309e-02,-7.762547973180371208e-02,-2.228389814297803417e-01,-1.609916769289329863e-01,-2.326378279614874089e-01,1.307170561878738015e-02,-2.926400434340931112e-01,-7.922822389258442344e-02,-2.764172974893915891e-01,1.483807510754874825e-01,-1.850914374784617678e-01,5.436041705442112848e-02,-2.104089618107962134e-01,-9.850859465173258944e-02,-2.963893626831646810e-01,1.505554542466408796e-01,-1.386924409069065500e-01,6.770791751156063354e-02,-2.542143958864417908e-01,1.942312543646476375e-01,-3.763994127737084194e-01,-2.184281660407687564e-01,-4.341372778509810376e-02,-1.798894017379874533e-01,-4.745388214128964943e-02,2.937183395602540117e-02,7.841574326195908939e-02,-5.208490819930332999e-02,-1.824203544918426290e-01,1.596355363953791753e-02,-1.718467540263707571e-01,7.515096390815088900e-02,-1.074781602240866135e-01,-1.698437444378413930e-01,-6.523247953850715153e-02,1.561287482072335094e-02,-2.582833791885638108e-01,-6.598747067251606313e-02,5.411492725967658596e-02,1.854684534243128680e-01,-1.626430043060963504e-01,3.681016486526529907e-01,1.888611432131323542e-01,1.953993282702358725e-01,2.359882550119501293e-02,2.758055490246097766e-02,-3.027044365985023244e-01,7.054660589891080524e-02,-1.976561526640141786e-01,-8.572556996073331381e-02,-6.138416081356320303e-02,-5.834098168626599551e-02,-2.408093207842255390e-01,-5.308614039616602054e-02,-2.500372759831471781e-01,1.023390985180452212e-01,-1.755530304092299543e-01,1.894537301467076329e-01,-8.987887711796359314e-02,1.322358698127352461e-01,4.147997580773380398e-03,1.350559625538870767e-01,9.845790161565663723e-02,-1.984465613561564867e-01,-5.733064733734435231e-02,1.312055270732213723e-02,-5.786882621835855861e-02,1.659475312149601145e-02,1.243441220131375792e-02,-8.383235965901940367e-02,-4.724256859733776126e-02
-1.700955784125171566e-02,-2.543713448411654698e-01,1.850593782683639665e-01,-8.096969084405121475e-02,6.532494189155853004e-01,0.000000000000000000e+00,2.274399993247673835e-01,-5.909862610934041999e-02,6.133631915917802102e-01,6.353492390729817973e-01,2.323456409867900863e-02,-1.769694792997436594e-01,2.618789682704141253e-01,1.003495351206256242e-01,5.112076682364015134e-01,4.370727452127480261e-01,-1.102338748936389778e-01,-5.648293543644926362e-02,-1.989842320661765473e-01,-3.545185395085272417e-01,3.418099204224510079e-01,5.061581087801197976e-01,1.202275898524729630e-01,2.206968164831148715e-01,6.186426679542447182e-01,6.396846050447139165e-01,5.061124018165392702e-01,5.698596664013437785e-01,-1.185934090247315054e-01,-1.454234656400614153e-02,2.301679594568661891e-01,2.614954213902459523e-01,-1.013351364450622016e-01,-1.533108776444468691e-01,1.648037681032223090e-01,1.096936263018891966e-01,-3.112898869719359779e-02,-1.283538678718904591e-01,9.945706838987350418e-02,6.080909764032041420e-02,1.904847564789631520e-02,5.210856105048350395e-02,-1.423320414335079928e-02,-9.878960381805444724e-02,4.238686540010190400e-03,-9.623022243990653202e-02,-1.018723933165880113e-01,-2.825077257976945644e-01,-1.140718235296604849e-01,-1.919380519023984877e-01,7.386547130478440804e-02,-3.173573195603580643e-01,-6.270307956321506671e-02,-3.368663610363611394e-01,1.599535336046828127e-01,-2.116330893110267564e-01,1.237760618475318153e-01,-2.625811088610831567e-01,-1.141748742426243884e-01,-3.379153942455292992e-01,2.078534857745784892e-01,-1.894362714526062197e-01,1.987416407428879983e-01,-2.488877372427716339e-01,2.725841827717727650e-01,-4.240499077210052037e-01,-1.744033291369338212e-01,-6.365905703382387926e-02,-2.214335660158545382e-01,-6.448499596153166313e-02,1.821105355931989245e-01,9.430347726387039442e-02,-4.882888853806257451e-02,5.777517445204758718e-03,6.993999673507375614e-02,-7.803802134201066887e-02,1.627012720029453741e-01,-1.802833066071378183e-03,-9.742189317455578201e-02,-5.672873185280647573e-02,9.941571548407716896e-02,-1.769999027834757155e-01,-1.480203206302374286e-01,1.056467572062626398e-01,2.517104178862025199e-01,-2.155427679117934980e-01,2.805331876579892914e-01,2.138417490666404686e-01,2.012642328130562208e-01,-3.285203230697485155e-02,7.436893794598692375e-02,-3.635885626201265097e-01,2.959717740163145261e-02,-2.545204627179044055e-01,-5.589651149205986796e-02,-1.290270159356550830e-02,-1.367403844185991618e-02,-1.943049362704252492e-01,-2.331817014740230221e-03,-2.763162665794953177e-01,8.273605290423678704e-02,-1.911612100329544983e-01,1.844346119997563593e-01,-1.411193184884841911e-01,1.811634732655584834e-01,8.395626055967338186e-03,1.542358271207120435e-01,6.698066759617586630e-02,-1.505775454022405258e-01,-3.492110963680558622e-02,5.157415736312568472e-02,-8.503830296176397019e-02,6.708126418831808491e-02,-2.806784313090656541e-02,-1.641844101947931289e-02,-9.921102148941358945e-02
1.106374300112072523e-01,-1.545923540047859368e-01,7.410955086456203489e-01,4.455466013439011719e-01,2.840552615374418721e-01,2.274399993247673835e-01,0.000000000000000000e+00,3.064305171102891800e-01,3.897203145572151750e-01,1.890828408696481888e-01,5.227806078631321851e-01,1.833355223698641401e-01,6.960399600672386722e-01,2.299228094358100605e-01,4.517557074501238334e-01,3.047039871295120217e-01,-7.446979749457623143e-02,1.400732311407534014e-01,6.405882143327029654e-02,8.710354948107046011e-03,1.452655078130574429e-01,3.468702211770180455e-01,6.282252530662004730e-01,6.293264487446202926e-01,4.118078995012475763e-01,4.227041359085862982e-01,-2.389141340098454094e-02,-7.889869768520113742e-04,2.644237865504119323e-01,3.256109357536205451e-01,6.028721981218125858e-01,6.254368000299358465e-01,6.595292930762881867e-02,7.045350129701410946e-02,-1.803950243585982216e-01,-1.464865733254143154e-01,-3.022101261277808093e-01,-2.442994432062056964e-01,-2.671346717129045589e-01,-1.911585641550565262e-01,5.130813560740266066e-02,2.404478566264643402e-01,-4.650169849314371717e-01,-4.682884891154966978e-01,-4.119038358144021528e-01,-4.342430816560028384e-01,-4.268080764816859496e-01,-4.708326118198081778e-01,-4.236996472890292575e-01,-4.372394400496047995e-01,-3.635773635790469638e-01,-4.790473017316864701e-01,-1.940108485339610278e-01,-2.325901996665889759e-01,-1.149945405703006601e-01,-3.966918821015236740e-01,-1.188701787639082907e-01,-2.098767814624279693e-01,-2.691858517786599458e-01,-3.457467952777998899e-01,-1.893411764290896249e-01,-4.208712945934182659e-01,-3.449833288229432471e-01,-3.636117514699632736e-01,-1.190022128738846413e-01,-3.713352814559668369e-01,-3.113007627520510412e-01,-3.249282771038328188e-01,-1.610599027226352897e-01,-1.155194996345252911e-01,4.889085808312981785e-01,4.365718709674210607e-01,2.486026181600835550e-01,2.278210439718779123e-01,-2.877185536676995711e-02,3.525567368057960088e-02,5.184845724643590004e-02,-5.068595797171739081e-02,-3.804562110666874220e-01,-4.740098896706343434e-02,-3.645769961332230857e-01,-2.663172199842727128e-01,1.726800626385547599e-01,9.673682540347895709e-02,-2.751759960370335767e-01,-4.334080733012357634e-01,5.236687105242859158e-02,2.203280394076481338e-02,-2.011616869829965515e-01,-2.257480819380369430e-01,-1.925188749100743002e-01,-3.715916118931650303e-01,2.581524613175698035e-02,-1.727526919049970633e-01,-3.372845350977132783e-01,-2.431297633956089610e-01,-3.803421258225750945e-01,-4.839579393635068949e-01,-3.905304270641163922e-01,-4.901772670079613259e-01,1.961099323899823457e-02,-2.688311477537334571e-01,1.612304717280243493e-01,-2.239997552531994562e-01,8.724634188688057401e-02,-3.384218726656537495e-03,-1.220615361577163105e-01,-2.575551140538717143e-01,-2.204003131718984265e-01,-2.651567979912265449e-01,-3.251872932511174485e-01,-5.228974289370991180e-01,1.536982157043240930e-03,8.983991993822255939e-02,-1.450491344750159672e-01,-2.661669030636870104e-01
9.047234087973687888e-02,3.354967748398818284e-01,3.793584424873617245e-01,6.169335500494134150e-01,1.747288528018389915e-03,-5.909862610934041999e-02,3.064305171102891800e-01,0.000000000000000000e+00,1.798313211503486941e-02,-6.720260303822391326e-03,8.150190973856069609e-02,5.296603266470412130e-01,1.195128130823305407e-01,5.215891845222524470e-01,1.149092158698859500e-01,8.130804841220125312e-02,-2.656933677225700730e-01,-4.332336015376166138e-02,3.112443791440119845e-01,2.984426724170998191e-01,3.963708919751227772e-02,1.808845909911220295e-01,3.804026831483990345e-01,3.024870338384426649e-01,7.272857764272644410e-02,7.196032733582332676e-03,-1.047124316866734212e-01,-7.097313151424240740e-02,-3.199601252320856404e-02,1.506568652580123069e-01,3.473262688720523128e-01,3.343991223088255693e-01,1.531793366523344635e-01,2.942407771386570947e-01,-3.337834614154583379e-01,-2.470999686666582873e-01,-4.448955206308968235e-01,-3.311216539994464858e-01,-1.066018306159415563e-01,4.683280648960812254e-02,2.162295073618180404e-03,-1.078490324092992551e-02,-2.592642993463813439e-01,-3.595147069823165231e-01,-1.369001866847631421e-01,-2.461474234691961027e-01,-3.695832563429455320e-01,-3.369065322403008156e-01,-1.638658065810401632e-01,-2.976580969174275060e-01,-2.623462856624996786e-01,-2.177953772542554622e-01,-2.963859325903761555e-01,3.150862374521620074e-02,-4.440014683319617461e-01,-1.176450692948193683e-01,-1.261361132971901278e-01,1.524199311531764245e-01,-2.943043859498328113e-02,-9.346226931074752553e-02,-1.685914654681971159e-01,-1.072284459000635709e-01,-2.909729118554758021e-01,-1.221572759289902554e-01,-1.450746369862717100e-01,-1.554093630849459617e-01,-8.872209417685286703e-02,-1.894035302862578374e-01,1.232203869266453172e-01,8.139261466181617333e-02,2.809354002254941807e-01,3.144965088865979141e-01,-5.732503611614711905e-03,1.296006966318919984e-01,-8.257352003331375201e-02,-1.456294940296779805e-01,-2.361651924358908472e-01,-3.050812518436862297e-01,-3.157615277897038442e-01,-5.131706043937658834e-02,-3.588171284678491335e-01,-2.641611466746156545e-01,1.343029216527217296e-01,4.573782716281572791e-02,-3.792155482940807176e-01,-1.603135087623622779e-01,3.811844557643757209e-02,1.510477567940214372e-01,-1.307378212319895427e-01,1.211253955538716121e-01,-2.830213959116423261e-01,1.671590169924010993e-01,3.180788358613428901e-02,2.545283953941774313e-01,-3.101557629468571498e-01,-3.025879677926692768e-01,-4.177398486706682679e-01,-3.690816392537464852e-01,-4.434799439318916070e-01,-2.223069715561744042e-01,-4.204617858793687629e-02,1.288340657361098096e-01,-1.854589176693114128e-01,4.997165028919076796e-02,-2.186378965812021125e-01,-6.756736715095221224e-02,-1.653742835317471849e-01,-1.281080606010492617e-01,-1.842696620618199665e-01,-3.223951100909666634e-01,-4.043046712733870396e-01,-3.220207590038992596e-01,-2.115630661089371381e-02,1.523476519510572058e-01,-2.066729988168990451e-01,-1.302816582093285214e-01
-1.580245248904957878e-01,-2.066588274542569270e-01,3.913245082978053513e-01,8.000134604076687694e-02,7.013605818715737961e-01,6.133631915917802102e-01,3.897203145572151750e-01,1.798313211503486941e-02,0.000000000000000000e+00,5.793894688560602413e-01,1.492932885592624694e-02,-1.760168235187156982e-01,3.697667471300626896e-01,1.957077304525173256e-02,6.668126542351224817e-01,3.699283837325839652e-01,-2.837903865413949900e-01,-7.283487307639496811e-02,-1.960266570241463169e-01,-3.397173122792275235e-01,3.294344328633949659e-01,4.364053300893791509e-01,3.196909423039533960e-01,3.850196546374628492e-01,6.030697665731726831e-01,6.740683690439824849e-01,3.248587198000277843e-01,3.282224836329791229e-01,-1.800661870920062524e-01,-4.613112473945263359e-02,3.228408710214193400e-01,3.709272322560165924e-01,-1.810603378913671624e-01,-1.231976334309043825e-01,1.612919089889742197e-01,1.936735286088473451e-01,-4.437317807241988182e-02,-1.877158215444302281e-01,1.151413194723718975e-01,-4.939114995535376362e-02,9.524341609692825450e-02,1.154739660450342965e-03,-1.050530499063255657e-01,-8.722583068260235384e-02,-8.855774513745148790e-02,-7.104124521141899629e-02,-1.732024949225249022e-01,-2.679021944010503975e-01,-1.739337744013934595e-01,-2.176699253087234776e-01,3.965927482881463952e-06,-2.984557439878111063e-01,-9.836399627567213311e-02,-3.303886948883343333e-01,1.080767372656222802e-01,-2.630839423948274636e-01,-5.693516490204047348e-02,-1.589694232576305821e-01,-1.238109438151901720e-01,-2.076740931951752134e-01,8.835945549685478295e-02,-1.193638770669311622e-01,-7.160620677861954941e-02,-2.078628954587531386e-01,1.948995569750030799e-01,-3.161325306278456870e-01,-2.046618702331873818e-01,1.870634325482167445e-02,-2.376412567088244943e-01,-4.649342202964756171e-02,8.449161762046195068e-02,9.166067893144765055e-02,-1.023168417283939757e-01,-1.245774746009228051e-01,-5.582786295876447646e-02,-1.797875875259868361e-01,5.644644062008528917e-02,-9.744363964323315974e-02,-2.581761884208628177e-01,-8.723468504130396650e-02,-1.152959286748836687e-01,-2.538558057729899398e-01,-4.080653886311268186e-02,5.158809342356874932e-03,1.151205967474852876e-01,-2.094712932270535732e-01,3.964782026867864073e-01,8.967520174784646136e-02,1.449546940282320229e-01,-9.806487348072792654e-02,1.027068453630418030e-02,-3.404693133114282122e-01,-8.476758322525461409e-02,-2.751449369258978650e-01,-1.527970649790956759e-01,-1.273781631429875549e-01,-9.522460476768795923e-02,-2.819577994355919048e-01,-9.539031117387646030e-02,-2.737518219754619953e-01,5.929593683223201989e-02,-2.531372181409184963e-01,1.848590050237556293e-01,-1.873865328537715758e-01,1.468489971339916322e-01,7.948816240640675613e-04,1.476628529163065140e-01,-1.406871961747511481e-02,-1.658534359549708459e-01,-6.246634310046798172e-02,-1.834314462943205121e-03,-1.528143808492071765e-01,2.694399457774268244e-02,2.670423781108706776e-02,-6.532864857969304662e-02,-5.484788081372890534e-02
2.478919910864471957e-03,-2.623684669349971021e-01,1.682688209549676739e-01,8.982549440183578218e-03,5.718927499692807448e-01,6.353492390729817973e-01,1.890828408696481888e-01,-6.720260303822391326e-03,5.793894688560602413e-01,0.000000000000000000e+00,5.238946640687557055e-02,-1.320342309063514130e-01,1.919483742300965301e-01,1.990209425927860765e-01,5.034946620423781383e-01,5.348558856844376486e-01,-1.010392159004883106e-01,-1.248170929989745881e-01,-1.392911594513994156e-01,-3.130272314850616189e-01,3.993551566022549570e-01,5.101298681188679573e-01,7.813485959879312714e-02,2.239156255493235936e-01,5.512640253254769140e-01,5.909720569444379956e-01,3.300352299766365349e-01,4.192722762639136125e-01,-6.244406546406493924e-02,6.959144268056198339e-03,1.920823355357484663e-01,2.124239497104453978e-01,-1.341580325023485620e-01,-1.237958266010044939e-01,1.604850247582381151e-01,1.307933791047244665e-01,-4.981750292191639701e-02,-1.638636300127690459e-01,1.128869261439818944e-01,5.288841694580492109e-02,7.391749433506565603e-02,1.353085054405324394e-02,-8.760422794445629768e-02,-1.413905160668545158e-01,2.682081932532233426e-02,-6.752729988147966600e-02,-1.592769389266020796e-01,-3.083290127319655016e-01,-5.908163752579351224e-02,-1.433524641826041945e-01,6.067915772799283014e-02,-2.594823829852829777e-01,-1.375318470354250366e-01,-3.359310881905110957e-01,1.603798718376097943e-01,-2.274674968427586041e-01,8.473723082535164486e-02,-3.358971179830620990e-01,-1.524046262228050119e-01,-3.762327776778396915e-01,1.581950833140407797e-01,-1.987929698686409785e-01,9.209043649641046603e-02,-2.633879797864808192e-01,2.558965435883138739e-01,-3.344000024065899024e-01,-1.922833026697689796e-01,-1.329228691957242414e-01,-2.576468430883975258e-01,-1.954523507567710316e-01,2.047273821242641123e-01,1.564408766763728809e-01,-4.314377010104656143e-03,2.977153672278049640e-02,1.716431093354643944e-01,-2.795930230487574455e-02,1.782010576999487061e-01,-1.284610571419298082e-02,-5.654643885986452428e-02,-2.356448945310400667e-02,1.114851695455571223e-01,-2.309339175926180265e-01,-8.035982571668982832e-02,1.059395017100555614e-01,2.024653753835251591e-01,-1.677990494571506841e-01,2.215123963379553584e-01,1.904163351221475065e-01,1.029396382481943678e-01,1.100855772961362167e-02,-1.858141919511262577e-02,-3.339595822124370450e-01,-1.187472997951240922e-01,-2.732302644027017058e-01,-2.639452901827207126e-02,-6.424820142029034897e-02,6.918068606691551471e-03,-1.458473443924229451e-01,2.571213906602360516e-02,-1.887422194950661991e-01,1.469899558127499457e-02,-1.516668270096663551e-01,1.143916199348862239e-01,-1.505517659937508079e-01,1.696661904520367636e-01,5.652468950585122498e-02,8.992598197241552516e-02,-9.024679961549774559e-03,-5.604632361633881538e-02,-5.421759263171150450e-02,5.116531124699083208e-03,-4.324636649198357330e-02,2.045478898067296797e-02,1.791191164855217982e-02,-1.964971231072854332e-02,1.167819453153207468e-02
2.780653778550905009e-01,-1.728873036921271256e-01,3.798318806584320972e-01,2.004901019145108043e-01,-6.891543269545999384e-02,2.323456409867900863e-02,5.227806078631321851e-01,8.150190973856069609e-02,1.492932885592624694e-02,5.238946640687557055e-02,0.000000000000000000e+00,2.771506149903271154e-01,6.254516103234156743e-01,2.981077408967947040e-01,2.100339137057352923e-01,3.148485747277930402e-01,3.084018387240344272e-01,2.233557528603419273e-01,7.093054469448416277e-02,8.610460975358276425e-02,6.271162032200630621e-02,2.042152369926940880e-01,3.276665217120677820e-01,3.385983851746647844e-01,1.961754655014271154e-01,1.212555591387438486e-01,-1.454553115856088985e-01,-8.750129511864712661e-02,5.612647501823584406e-01,4.443521652498824692e-01,4.536720000001094877e-01,3.988657435226271031e-01,1.070932678017283007e-01,3.813803433858153208e-02,-2.705297741616110030e-01,-3.081896133776301228e-01,-3.090493332067059673e-01,-1.884062986710959564e-01,-4.442282251632951873e-01,-2.324088253021611705e-01,-2.878867038287254501e-02,2.639052996887214508e-01,-4.109467252843797547e-01,-4.494826434112844660e-01,-3.265823985212488179e-01,-3.743438546239707954e-01,-4.040933990874687742e-01,-4.326537451008530821e-01,-2.768030825004737516e-01,-2.369609303847452220e-01,-2.959566653989468277e-01,-3.087607074518932126e-01,-1.869922293800721225e-01,-1.211820689561094039e-01,-9.780447705452541274e-02,-3.551190060567427920e-01,9.723731244479456859e-03,-2.268261489258025787e-01,-2.474425468472255529e-01,-2.792474387909674727e-01,-1.948973562585038510e-01,-4.194195882396510866e-01,-1.990092788268776891e-01,-2.639825846831800882e-01,-1.853153021284658919e-01,-2.424209548376067280e-01,-2.150337341112367462e-01,-4.186982848730675943e-01,-1.232896465153609095e-01,-1.705726785446561311e-01,5.288973832557972710e-01,4.337340408085241239e-01,3.731839535956996134e-01,3.957969876034250767e-01,1.865551415638006527e-01,2.976257852986864960e-01,1.236603133993806336e-01,5.920293237312839602e-02,-1.689533743069454030e-01,-1.879805470015450536e-02,-1.448363287135963628e-01,-5.416734713744566360e-02,2.398353995509646674e-01,2.226286610407949840e-01,-2.430989548636712794e-01,-3.338564469834023885e-01,-2.274259428427424234e-01,-4.861332858284496752e-03,-3.462116051685270590e-01,-2.154507741275645538e-01,-2.123579065197169768e-01,-3.087623156152740633e-01,-2.854694594486403489e-02,-1.731814969739383370e-01,-2.567558471884782145e-01,-2.751808594973319533e-01,-3.176048014260498542e-01,-3.488511643149745933e-01,-2.649478155326542295e-01,-3.844915423047198244e-01,-1.275405668174608709e-01,-2.156501815933428157e-01,-4.314710535548605709e-03,-2.317482843240844248e-01,4.942996253055258193e-02,-2.301869325241497760e-02,-2.925405764895979144e-01,-3.287344290443435790e-01,-7.972132882089713601e-02,-2.758095460167037105e-01,-3.248098358331303337e-01,-4.663940493570239432e-01,-3.882523571395096046e-02,-1.290399364991509645e-02,-1.557850085925972794e-01,-2.926680288453608059e-01
1.843948806943672295e-04,3.357976294876786061e-01,1.566890655663618626e-01,3.067347427881008670e-01,-1.921599289307096003e-01,-1.769694792997436594e-01,1.833355223698641401e-01,5.296603266470412130e-01,-1.760168235187156982e-01,-1.320342309063514130e-01,2.771506149903271154e-01,0.000000000000000000e+00,2.081906348883458269e-01,5.974349679515171818e-01,2.489479616725987984e-02,1.576289577237893202e-01,-1.600860216048098361e-01,3.476139690475588684e-01,9.292212070184503736e-02,1.875333910640595847e-01,-1.382258471577218761e-01,1.509506798770407221e-01,2.465320432151151264e-01,1.485810044341339398e-01,-2.233528285845996081e-02,-1.520572376750267685e-01,-1.780190006075757780e-01,-1.026431114850696463e-01,1.223298760817036063e-01,4.835978902033236659e-01,2.845151340000027229e-01,2.193176141179111749e-01,3.726303849175555127e-02,1.509642084965537867e-01,-3.601664085003556948e-01,-3.462010166283063239e-01,-4.934846460646473143e-01,-2.709124117757633066e-01,-3.133633460728481590e-01,4.885790905128265665e-02,-1.095190361315102889e-01,2.489446931850561595e-01,-1.914233275794397782e-01,-2.834715567769283684e-01,-3.651203002639181322e-02,-9.426077920042356950e-02,-3.909500132495645763e-01,-3.104826048198220390e-01,-5.652549883171946368e-04,-1.802905087346438201e-02,-8.398758406836580315e-02,1.494535231077664126e-03,-2.275372551762553097e-01,1.300678300127278419e-01,-3.612490804803366595e-01,-5.196960461697342631e-02,-1.733606635436416576e-01,2.218263661380412421e-01,6.072863283511372584e-02,6.689274463228608511e-03,-1.782836651668960049e-01,-1.519160168506418773e-01,-2.386438957329863886e-01,-1.366649402864692116e-02,-1.357164793584068330e-01,-5.751890889741100021e-02,8.250254400666356958e-02,-1.514544732859336995e-01,1.266571623756168885e-01,7.316065066004574791e-02,2.868503154487109796e-01,3.392077339911317990e-01,-2.138573685607635111e-02,3.930240290906723555e-01,7.569487759307282591e-03,1.744957116911481643e-01,-3.075203409896367646e-01,-2.109365791417293357e-01,-2.912286410501518930e-01,3.674355603725919239e-02,-2.995508009874628397e-01,7.461500222607678201e-02,1.797640142243559780e-01,3.563309414242502582e-01,-3.441102619695420306e-01,-7.496572434099274540e-02,-7.856609881173425014e-02,2.932910269391704183e-01,-1.794204711228457594e-01,1.589255568763523752e-01,-2.458520082502870241e-01,1.957847573026795518e-01,7.799307453658931022e-02,2.413068201497738652e-01,-4.117855749338684701e-01,-3.313335796449033421e-01,-5.112433914300803517e-01,-3.912417556493311688e-01,-4.435667624603352177e-01,-2.272176383287765888e-01,-1.158940891964471143e-01,4.435670382431738251e-02,-2.352846548907765734e-01,-4.975860686084560176e-03,-2.635736053623958797e-01,-1.280444846012483706e-01,-3.095931402879339434e-01,-2.168282000369874674e-01,-1.928748572298485120e-01,-3.362351574880749205e-01,-4.688297226887724878e-01,-4.001229930715129446e-01,4.709543012700823789e-02,1.300984817353405543e-01,-1.906485297719085203e-01,-3.262918938323543516e-01
7.651470193155840774e-03,-2.570185493288499323e-01,5.810456819690698049e-01,2.398978196917756489e-01,2.520665261961764214e-01,2.618789682704141253e-01,6.960399600672386722e-01,1.195128130823305407e-01,3.697667471300626896e-01,1.919483742300965301e-01,6.254516103234156743e-01,2.081906348883458269e-01,0.000000000000000000e+00,2.441589384935100582e-01,4.903489657768358434e-01,3.641696680080274695e-01,-9.006945011849728372e-03,2.538098336892905538e-01,-1.435493452879700316e-01,-1.352448809266130758e-01,6.601192859711575711e-02,3.738510169381880632e-01,5.629488785040444032e-01,5.627102432908746010e-01,4.485749932913578597e-01,4.075460845833877577e-01,-3.297485040113671412e-02,2.053198830309470660e-02,3.240741344321368400e-01,4.310480856098812819e-01,6.084117274229210448e-01,5.921215177289592679e-01,-6.929696470877537429e-02,-1.057016877582831471e-01,-1.651133841653846246e-01,-1.989288518480786527e-01,-3.370555295026710363e-01,-2.703741789661547879e-01,-3.695940974304509075e-01,-2.191680541902716883e-01,1.900869669231041587e-02,3.598374700301217310e-01,-4.188313158776056921e-01,-4.320222436801279264e-01,-3.081689435787911546e-01,-3.397096533544758379e-01,-4.346851389526155685e-01,-4.983350191223226977e-01,-3.142577813062957803e-01,-2.854738432808422433e-01,-2.415935788794127959e-01,-3.994852696179908569e-01,-1.895944229946397441e-01,-2.691672956780867820e-01,-6.813173162240102054e-02,-4.222440876129314180e-01,-1.600804627899728438e-01,-2.381380716084879334e-01,-2.191371640143633670e-01,-2.763774106125230223e-01,-1.565238005729163995e-01,-4.337502096022693987e-01,-2.828022458336123535e-01,-3.375953452255048282e-01,-6.417955613734595277e-02,-3.470789503690856481e-01,-2.257727920055195014e-01,-2.786587047612515411e-01,-2.401419772950864340e-01,-1.352968582125454733e-01,4.874800356943686519e-01,3.986050841427307145e-01,2.165204583043478515e-01,3.194112962785579102e-01,8.959977383246452154e-02,2.147843123891538530e-01,-4.545422189331170776e-04,-5.487755514624757108e-02,-3.628649230875790610e-01,-8.620644359749954355e-02,-2.788876163437182254e-01,-1.502349202645896220e-01,1.780066695281703470e-01,2.339408691705391896e-01,-2.026258617552152419e-01,-4.405122867591232949e-01,7.435196162569220057e-03,5.972485862734541046e-02,-2.060372181918254109e-01,-2.713986192296234390e-01,-1.811285591371548931e-01,-4.181791104743546317e-01,-1.432432670251245453e-02,-2.555086061462975011e-01,-4.230541560564622938e-01,-2.780256504935212925e-01,-4.195765205303540468e-01,-5.109678750722015383e-01,-3.710216950940393166e-01,-5.192619069841495349e-01,-8.642477309230356397e-02,-3.868347953114743554e-01,8.914153277383761453e-02,-3.123406734898387382e-01,3.661754420693583839e-02,-7.561478104970639769e-02,-2.000460062556950191e-01,-2.958496836719609058e-01,-2.264991093074694151e-01,-2.954783142865919920e-01,-3.402410606253553071e-01,-5.376825807301083282e-01,-2.783572081477974757e-03,2.516190633601950166e-02,-1.547710467840742177e-01,-3.791332154912362418e-01
