0.000000000000000000e+00,2.711475491523742676e-01,2.471743822097778320e-01,7.824822515249252319e-02,-2.911604940891265869e-02,-2.151757292449474335e-02,2.370990365743637085e-01,1.994009502232074738e-02,1.154117006808519363e-02,-2.895414531230926514e-01,1.478073149919509888e-01,8.597373217344284058e-02,-1.477736383676528931e-01,-1.959429681301116943e-01,-2.430496811866760254e-01,-1.458869427442550659e-01,2.956849336624145508e-01,6.941773463040590286e-03,3.840981125831604004e-01,6.142733618617057800e-02,8.471506088972091675e-02,8.418484032154083252e-02,1.617384850978851318e-01,1.035058200359344482e-01,-1.746613159775733948e-02,-4.321594163775444031e-02,3.211850523948669434e-01,1.760550141334533691e-01,1.468598991632461548e-01,-2.678609639406204224e-02,-1.270977873355150223e-02,-6.205868348479270935e-02,2.659704983234405518e-01,4.497412741184234619e-01,1.043851822614669800e-01,1.996468305587768555e-01,2.182028591632843018e-01,6.535352766513824463e-02,1.345578394830226898e-02,-7.133422791957855225e-02,1.233710497617721558e-01,-4.357156902551651001e-02,-1.681360602378845215e-01,-3.077459037303924561e-01,-1.250026822090148926e-01,-4.010888040065765381e-01,-2.081640362739562988e-01,-2.063277512788772583e-01,-2.905679345130920410e-01,-5.239799618721008301e-01,-3.465980291366577148e-01,-3.864364027976989746e-01,-2.960308492183685303e-01,-4.109994769096374512e-01,-1.004874259233474731e-01,-1.912596970796585083e-01,2.128459811210632324e-01,1.391557604074478149e-01,3.717877268791198730e-01,1.477777063846588135e-01,2.599056065082550049e-01,2.930532582104206085e-02,5.328967422246932983e-02,-8.722245693206787109e-03,1.658207774162292480e-01,-2.701881825923919678e-01,3.281804621219635010e-01,2.030511945486068726e-01,4.083095788955688477e-01,1.669826358556747437e-01,-5.241484194993972778e-02,-1.611382365226745605e-01,1.130133271217346191e-01,-1.117758732289075851e-02,1.853496283292770386e-01,1.442974358797073364e-01,3.031417131423950195e-01,2.803430855274200439e-01,-2.024606317281723022e-01,-2.465057969093322754e-01,4.009225219488143921e-02,-9.307421743869781494e-02,6.763444840908050537e-02,-2.665159106254577637e-02,1.776716671884059906e-03,-3.048835396766662598e-01,9.372043609619140625e-02,2.043998837471008301e-01,-4.449056833982467651e-02,-2.249380797147750854e-01,-1.014704033732414246e-01,-2.697072625160217285e-01,-1.341512193903326988e-03,-2.506218850612640381e-01,1.046921238303184509e-01,1.526590287685394287e-01,1.312578022480010986e-01,2.815506607294082642e-02,8.627485483884811401e-02,8.668942376971244812e-03,1.878346651792526245e-01,-2.511879205703735352e-01,2.294121384620666504e-01,2.390822619199752808e-01,1.722473502159118652e-01,8.800927549600601196e-02,1.652057915925979614e-01,1.146178767085075378e-01,3.091889666393399239e-03,1.451325565576553345e-01,-2.083508968353271484e-01,-2.113762348890304565e-01,-4.011220112442970276e-02,-1.644558608531951904e-01,-8.914490044116973877e-02,6.387384980916976929e-02
2.711475491523742676e-01,0.000000000000000000e+00,-1.069834753870964050e-01,-3.864150121808052063e-02,3.780381977558135986e-01,3.029875457286834717e-01,-2.112671136856079102e-01,-1.896601542830467224e-02,2.635044455528259277e-01,-2.657544799149036407e-02,-3.437124788761138916e-01,2.001127749681472778e-01,-4.207566678524017334e-01,8.312479592859745026e-03,-5.321347340941429138e-02,6.634081155061721802e-02,2.792705595493316650e-01,4.057167172431945801e-01,5.070714950561523438e-01,4.819333553314208984e-01,3.129319250583648682e-01,2.602611780166625977e-01,-2.052374035120010376e-01,-1.568292379379272461e-01,1.634145081043243408e-01,3.660499751567840576e-01,4.384350776672363281e-01,3.042976558208465576e-01,1.648820638656616211e-01,2.369333058595657349e-01,-1.173289045691490173e-01,-2.601879835128784180e-01,1.875905692577362061e-01,3.443264663219451904e-01,1.722553819417953491e-01,4.411056041717529297e-01,2.249089330434799194e-01,1.501697748899459839e-01,-5.412675812840461731e-02,-2.027814686298370361e-01,4.174371436238288879e-02,7.131273299455642700e-02,-2.325686216354370117e-01,-2.684426605701446533e-01,-1.328665167093276978e-01,-1.990495771169662476e-01,-1.266255527734756470e-01,-5.401257798075675964e-02,-4.921895265579223633e-01,-3.409731686115264893e-01,-5.407132506370544434e-01,-4.337672293186187744e-01,-4.763559699058532715e-01,-4.172395765781402588e-01,-1.576569080352783203e-01,-9.899966418743133545e-02,4.513159990310668945e-01,6.634945273399353027e-01,3.755400776863098145e-01,4.086935222148895264e-01,1.175478845834732056e-02,1.922682374715805054e-01,1.075358018279075623e-01,4.202648699283599854e-01,-2.251558154821395874e-01,-1.863393932580947876e-01,3.044511675834655762e-01,3.552650213241577148e-01,5.980932116508483887e-01,4.781149923801422119e-01,-5.953808128833770752e-02,-4.190906882286071777e-03,-4.927953705191612244e-02,5.195087939500808716e-02,1.634820252656936646e-01,8.352261036634445190e-02,3.430487215518951416e-01,4.983969032764434814e-01,-2.193099558353424072e-01,-1.267866790294647217e-01,-7.562355697154998779e-02,2.874929606914520264e-01,5.291808396577835083e-02,2.313419729471206665e-01,-2.382663041353225708e-01,-2.381902784109115601e-01,7.739544659852981567e-02,1.509846150875091553e-01,-2.681148052215576172e-01,-2.062202394008636475e-01,-3.160050883889198303e-02,-1.209187433123588562e-01,-8.488754928112030029e-02,-1.224429458379745483e-01,2.255757302045822144e-01,2.708112299442291260e-01,4.227097332477569580e-01,2.656322121620178223e-01,3.167086243629455566e-01,3.895823061466217041e-01,3.585668802261352539e-01,1.175333857536315918e-01,3.393478989601135254e-01,3.797848820686340332e-01,3.371673226356506348e-01,2.913140952587127686e-01,2.766880989074707031e-01,1.369543224573135376e-01,-1.209121569991111755e-01,1.219023168087005615e-01,-5.951577797532081604e-02,-1.263166368007659912e-01,-7.157029211521148682e-02,-1.510520726442337036e-01,-1.852731853723526001e-01,7.883354276418685913e-02
2.471743822097778320e-01,-1.069834753870964050e-01,0.000000000000000000e+00,7.071178555488586426e-01,-1.195494160056114197e-01,-3.892953693866729736e-02,7.508645653724670410e-01,6.519115567207336426e-01,-1.502129882574081421e-01,-1.481791883707046509e-01,3.174244761466979980e-01,2.753672897815704346e-01,3.732780814170837402e-01,2.311996221542358398e-01,-3.790431618690490723e-01,-3.523397743701934814e-01,-3.434600681066513062e-02,5.540057644248008728e-02,-5.465127527713775635e-02,-4.705766960978507996e-02,-1.456545144319534302e-01,-7.506130635738372803e-02,7.351373434066772461e-01,7.639527916908264160e-01,9.045702219009399414e-02,3.497892245650291443e-02,-1.731270924210548401e-02,-3.035262599587440491e-02,-3.748441115021705627e-02,-2.792356908321380615e-02,5.209422111511230469e-01,6.907407045364379883e-01,2.764447033405303955e-01,2.845982909202575684e-01,-2.092058956623077393e-01,-8.029904216527938843e-02,-1.829100251197814941e-01,-2.557671964168548584e-01,-4.064880609512329102e-01,-3.613843917846679688e-01,-1.640919297933578491e-01,-1.255576163530349731e-01,-1.620315164327621460e-01,-3.123788237571716309e-01,1.422487478703260422e-02,-9.806766360998153687e-02,-4.011162519454956055e-01,-3.776665925979614258e-01,1.564587056636810303e-01,-9.396417438983917236e-02,-9.164177626371383667e-02,-1.828565299510955811e-01,-2.387953996658325195e-01,-2.729091942310333252e-01,-5.125051736831665039e-01,-4.092763364315032959e-01,-8.610358834266662598e-02,2.120248973369598389e-03,2.557788193225860596e-01,1.843848228454589844e-01,-9.933515638113021851e-02,-1.413140147924423218e-01,-1.348720043897628784e-01,2.599057555198669434e-02,1.928661316633224487e-01,2.190807648003101349e-02,1.611636728048324585e-01,9.240737557411193848e-02,-1.674515195190906525e-02,2.352244919165968895e-03,2.232188880443572998e-01,6.414582580327987671e-02,-2.615162730216979980e-02,4.570629075169563293e-02,-8.647591620683670044e-02,-2.875300496816635132e-02,-1.290814429521560669e-01,-2.289312779903411865e-01,-1.783574223518371582e-01,-3.532002270221710205e-01,-2.624702155590057373e-01,-2.149136066436767578e-01,-2.741964459419250488e-01,-3.373164832592010498e-01,-3.191816210746765137e-01,-3.861835002899169922e-01,-2.558367252349853516e-01,-1.967847496271133423e-01,-3.020350039005279541e-01,-4.840757846832275391e-01,-2.208844870328903198e-01,-3.199736773967742920e-01,-3.547660708427429199e-01,-4.628807306289672852e-01,-1.964292079210281372e-01,-2.118367701768875122e-01,-2.171372175216674805e-01,-3.962033689022064209e-01,-1.889351457357406616e-01,-3.588803112506866455e-01,1.211708933115005493e-01,-3.554778993129730225e-01,1.115231961011886597e-01,-1.261412166059017181e-02,1.807435750961303711e-01,7.839883863925933838e-02,1.315332353115081787e-01,-5.979146435856819153e-02,1.125234439969062805e-01,9.879910200834274292e-02,-5.074866414070129395e-01,-3.894695341587066650e-01,-3.784653246402740479e-01,-3.245252966880798340e-01,-6.763499230146408081e-02,9.549824148416519165e-02
7.824822515249252319e-02,-3.864150121808052063e-02,7.071178555488586426e-01,0.000000000000000000e+00,-2.469640523195266724e-01,-1.710979044437408447e-01,7.415949106216430664e-01,7.384667396545410156e-01,-2.708075642585754395e-01,-1.719216555356979370e-01,3.540922105312347412e-01,3.812487125396728516e-01,4.653745591640472412e-01,4.368652105331420898e-01,-3.666114509105682373e-01,-3.922995626926422119e-01,1.170426513999700546e-02,1.344417631626129150e-01,-1.043834816664457321e-02,2.068348973989486694e-01,-1.828113645315170288e-01,-1.092107594013214111e-01,6.114383339881896973e-01,7.584896683692932129e-01,6.019210442900657654e-02,-5.901546031236648560e-02,-3.618723154067993164e-02,9.005199372768402100e-02,-3.463299572467803955e-02,-6.609839200973510742e-02,5.210868716239929199e-01,6.362074017524719238e-01,2.514686584472656250e-01,1.486711651086807251e-01,-1.900271624326705933e-01,-2.486905641853809357e-02,-2.836085259914398193e-01,-2.930807471275329590e-01,-3.648529648780822754e-01,-4.779914021492004395e-01,-2.103673666715621948e-01,-9.823158383369445801e-02,-8.461757004261016846e-02,-2.453461885452270508e-01,1.695309281349182129e-01,3.157944232225418091e-02,-2.679118812084197998e-01,-2.179869562387466431e-01,2.009249031543731689e-01,2.529798075556755066e-02,-7.247667014598846436e-02,-1.013553217053413391e-01,-1.789681017398834229e-01,-1.999493390321731567e-01,-5.412400364875793457e-01,-2.602861225605010986e-01,7.037564367055892944e-02,4.707289487123489380e-02,2.323488742113113403e-01,2.662926614284515381e-01,-4.949753358960151672e-02,7.289499975740909576e-03,6.510083377361297607e-02,1.285577267408370972e-01,8.095356076955795288e-02,5.327977612614631653e-02,1.638149023056030273e-01,1.841555833816528320e-01,1.369429379701614380e-02,1.195517405867576599e-01,2.406085282564163208e-01,3.721893206238746643e-02,-8.838140219449996948e-02,8.650055527687072754e-02,-7.966948300600051880e-02,3.379818052053451538e-02,-2.639553844928741455e-01,-2.317977100610733032e-01,9.716480039060115814e-03,-1.890770047903060913e-01,-2.059115022420883179e-01,-8.656573295593261719e-02,-1.771095842123031616e-01,-2.526904642581939697e-01,-3.424755930900573730e-01,-3.421649336814880371e-01,-2.964558005332946777e-01,-2.905527651309967041e-01,-3.769410550594329834e-01,-4.787824451923370361e-01,-1.268093585968017578e-01,-2.111172527074813843e-01,-3.214848935604095459e-01,-4.281785786151885986e-01,-2.094005346298217773e-01,-3.030789494514465332e-01,-2.366478890180587769e-01,-3.701685369014739990e-01,-8.868068456649780273e-02,-2.460941821336746216e-01,1.190639957785606384e-01,-2.889376282691955566e-01,4.044014587998390198e-02,-6.973636895418167114e-02,1.154221966862678528e-01,4.478664323687553406e-02,7.733045518398284912e-02,5.831099301576614380e-02,1.616282574832439423e-02,-5.684523284435272217e-02,-5.172221064567565918e-01,-2.291437685489654541e-01,-3.285852074623107910e-01,-3.772168457508087158e-01,-1.075040847063064575e-01,5.851811543107032776e-02
-2.911604940891265869e-02,3.780381977558135986e-01,-1.195494160056114197e-01,-2.469640523195266724e-01,0.000000000000000000e+00,7.042156457901000977e-01,-3.062269985675811768e-01,-1.336430609226226807e-01,6.756432652473449707e-01,4.202429056167602539e-01,-4.429101049900054932e-01,-7.543898373842239380e-02,-3.847207129001617432e-01,-1.318874359130859375e-01,2.617269158363342285e-01,3.651792109012603760e-01,8.583500236272811890e-02,1.540074795484542847e-01,1.648856103420257568e-01,7.084251940250396729e-02,3.654192984104156494e-01,1.629627496004104614e-01,-8.049573749303817749e-02,-1.941426247358322144e-01,5.144896507263183594e-01,7.119749188423156738e-01,4.812261164188385010e-01,2.313697934150695801e-01,2.240366041660308838e-01,3.263762295246124268e-01,5.547186359763145447e-02,-1.263622343540191650e-01,-4.730346426367759705e-02,1.500485688447952271e-01,-1.147920042276382446e-01,3.459616005420684814e-02,1.359820812940597534e-01,4.557674005627632141e-02,-1.757974028587341309e-01,5.767903849482536316e-02,1.184527426958084106e-01,4.406720399856567383e-02,-2.606838941574096680e-01,-2.217207998037338257e-01,-3.921199440956115723e-01,-2.053806334733963013e-01,-2.017933875322341919e-01,-2.432963401079177856e-01,-5.029550790786743164e-01,-2.134841680526733398e-01,-3.985308110713958740e-01,-3.041040003299713135e-01,-3.504461646080017090e-01,-1.751541793346405029e-01,7.694905623793601990e-03,-7.306521385908126831e-02,7.831581681966781616e-02,3.012393712997436523e-01,-3.083576820790767670e-02,6.835352629423141479e-02,-3.208497762680053711e-01,-1.136160865426063538e-01,-6.002674251794815063e-02,2.516572177410125732e-01,-3.966272473335266113e-01,-2.559140622615814209e-01,-1.705027669668197632e-01,-1.119055822491645813e-01,1.919451355934143066e-01,-9.713825769722461700e-03,1.522969156503677368e-01,2.164523750543594360e-01,-2.010928699746727943e-03,-6.782089173793792725e-02,-2.731012739241123199e-02,-5.754347890615463257e-02,1.779518574476242065e-01,2.344978451728820801e-01,-1.620517820119857788e-01,5.133196245878934860e-03,1.204365584999322891e-02,2.226903736591339111e-01,-1.401676684617996216e-01,1.073611527681350708e-01,-2.160821557044982910e-01,1.118139177560806274e-02,6.914306432008743286e-02,1.289723813533782959e-01,-5.741196125745773315e-02,9.920935332775115967e-02,-2.729106843471527100e-01,-2.055655270814895630e-01,-2.206250131130218506e-01,-2.125443145632743835e-02,1.370685845613479614e-01,2.356806546449661255e-01,2.121004462242126465e-01,1.653960198163986206e-01,-1.266678608953952789e-02,8.781865984201431274e-02,1.367748230695724487e-01,2.336346954107284546e-01,2.220544070005416870e-01,3.246878981590270996e-01,2.585625648498535156e-01,2.393967658281326294e-01,1.321381926536560059e-01,-1.387388259172439575e-01,7.511240895837545395e-03,1.941522508859634399e-01,6.966723501682281494e-02,-1.673848778009414673e-01,1.087666768580675125e-02,1.075170785188674927e-01,-1.283364892005920410e-01,-9.626120328903198242e-02
-2.151757292449474335e-02,3.029875457286834717e-01,-3.892953693866729736e-02,-1.710979044437408447e-01,7.042156457901000977e-01,0.000000000000000000e+00,-1.913631856441497803e-01,-3.592588007450103760e-03,6.956493258476257324e-01,4.109265506267547607e-01,-3.393505811691284180e-01,4.328530654311180115e-02,-3.049224317073822021e-01,4.695909470319747925e-02,1.636625528335571289e-01,3.093771040439605713e-01,1.107208505272865295e-01,3.309644460678100586e-01,1.559370309114456177e-01,-1.311981678009033203e-02,2.687492966651916504e-01,9.476248919963836670e-02,9.029598534107208252e-02,-3.108949773013591766e-02,4.627631902694702148e-01,6.131522059440612793e-01,4.234869182109832764e-01,1.566567122936248779e-01,1.881135851144790649e-01,4.917890429496765137e-01,4.770972952246665955e-02,-3.844829276204109192e-02,-3.069443255662918091e-02,2.646896839141845703e-01,-7.169698178768157959e-02,7.620376348495483398e-02,1.544363200664520264e-01,1.285582482814788818e-01,-1.922114789485931396e-01,3.526323661208152771e-02,2.055046409368515015e-01,9.938089549541473389e-02,-2.568147182464599609e-01,-1.682831197977066040e-01,-2.403669208288192749e-01,-1.070977747440338135e-01,-1.479634642601013184e-01,-1.483326703310012817e-01,-4.238396286964416504e-01,-2.478565871715545654e-01,-3.710884451866149902e-01,-2.914211452007293701e-01,-3.253937065601348877e-01,-1.998956054449081421e-01,-6.078997626900672913e-02,-1.972193457186222076e-02,-3.460290282964706421e-02,3.234591484069824219e-01,8.863152470439672470e-04,8.739329874515533447e-02,-2.557660937309265137e-01,-2.421299740672111511e-02,-1.123621389269828796e-01,2.608499526977539062e-01,-2.362426817417144775e-01,-1.213477104902267456e-01,-8.602968603372573853e-02,-4.916994646191596985e-02,1.534011662006378174e-01,-9.192357957363128662e-02,9.035540372133255005e-02,2.408760040998458862e-01,4.115966707468032837e-02,7.943562418222427368e-02,-1.744370311498641968e-01,-7.705100812017917633e-03,2.029738128185272217e-01,2.401777505874633789e-01,-2.166599482297897339e-01,-1.611184626817703247e-01,-8.291499316692352295e-02,3.014623522758483887e-01,-1.134759038686752319e-01,1.122873276472091675e-01,-2.213763743638992310e-01,5.355166271328926086e-02,3.249821439385414124e-02,1.484725326299667358e-01,-3.516904637217521667e-02,8.260362595319747925e-02,-3.266225457191467285e-01,-1.931142359972000122e-01,-2.722321450710296631e-01,-2.633683197200298309e-02,7.977321743965148926e-02,2.446223497390747070e-01,2.378558069467544556e-01,2.014238983392715454e-01,8.103916794061660767e-02,1.084667220711708069e-01,2.219361215829849243e-01,2.092648893594741821e-01,2.704066932201385498e-01,2.895576357841491699e-01,3.206593394279479980e-01,1.663459390401840210e-01,1.190562248229980469e-01,-1.502317935228347778e-01,-3.591474890708923340e-02,2.006999254226684570e-01,3.114157170057296753e-02,-1.895084828138351440e-01,2.106052997987717390e-04,1.434028595685958862e-01,-1.208353601396083832e-02,-3.339862078428268433e-02
2.370990365743637085e-01,-2.112671136856079102e-01,7.508645653724670410e-01,7.415949106216430664e-01,-3.062269985675811768e-01,-1.913631856441497803e-01,0.000000000000000000e+00,6.714441776275634766e-01,-2.677300274372100830e-01,-2.420964837074279785e-01,4.795921742916107178e-01,2.820508182048797607e-01,4.882568418979644775e-01,2.811816036701202393e-01,-3.907053172588348389e-01,-4.194088578224182129e-01,-1.672302186489105225e-02,-1.006264053285121918e-02,-5.722374096512794495e-02,1.728429086506366730e-02,-2.378946542739868164e-01,-1.375963687896728516e-01,6.637886166572570801e-01,7.538003921508789062e-01,-1.637849584221839905e-02,-1.936967521905899048e-01,-6.527438759803771973e-02,3.635308146476745605e-02,-1.030802074819803238e-02,-9.031242132186889648e-02,5.250815749168395996e-01,6.360124349594116211e-01,2.686126828193664551e-01,2.060042023658752441e-01,-2.113325893878936768e-01,-1.322251707315444946e-01,-2.382222563028335571e-01,-2.862137556076049805e-01,-2.529218196868896484e-01,-3.403199613094329834e-01,-1.387118548154830933e-01,-5.382253602147102356e-02,-8.031753450632095337e-02,-2.245883941650390625e-01,1.411098390817642212e-01,-3.005328774452209473e-02,-1.973514407873153687e-01,-2.170330733060836792e-01,2.368557602167129517e-01,-7.693912088871002197e-02,1.070328522473573685e-02,-8.675333112478256226e-02,-6.114372611045837402e-02,-1.846959888935089111e-01,-3.739320039749145508e-01,-2.501620352268218994e-01,-7.381758838891983032e-02,-1.572698205709457397e-01,1.608564555644989014e-01,1.123559549450874329e-01,1.145238131284713745e-01,-5.448713526129722595e-02,4.915692284703254700e-02,-6.489427387714385986e-02,2.152879834175109863e-01,1.393801998347043991e-02,1.369815170764923096e-01,9.490621834993362427e-02,-8.465471118688583374e-02,-5.026990547776222229e-02,2.475882768630981445e-01,3.557811304926872253e-02,1.315703243017196655e-02,6.868340820074081421e-02,-1.140788346529006958e-01,1.667593605816364288e-02,-2.291616648435592651e-01,-3.064557909965515137e-01,2.946654707193374634e-02,-2.224928885698318481e-01,-1.266392618417739868e-01,-2.331008017063140869e-01,-1.368691474199295044e-01,-2.694306671619415283e-01,-1.804460436105728149e-01,-3.144027888774871826e-01,-2.290432751178741455e-01,-2.337414920330047607e-01,-1.749409437179565430e-01,-4.235298037528991699e-01,-1.093971133232116699e-01,-2.292913645505905151e-01,-2.309696972370147705e-01,-3.999612033367156982e-01,-1.871504783630371094e-01,-2.314560711383819580e-01,-2.660211622714996338e-01,-3.723901808261871338e-01,-1.234180927276611328e-01,-2.948109805583953857e-01,3.070105426013469696e-02,-4.434722065925598145e-01,1.840598694980144501e-02,-1.475639194250106812e-01,5.118311941623687744e-02,-6.552309542894363403e-02,3.842602297663688660e-02,5.297162756323814392e-02,1.914540678262710571e-02,-1.383576076477766037e-02,-4.513604640960693359e-01,-1.982019692659378052e-01,-2.127687036991119385e-01,-2.986964881420135498e-01,-9.518234059214591980e-03,3.774780780076980591e-02
1.994009502232074738e-02,-1.896601542830467224e-02,6.519115567207336426e-01,7.384667396545410156e-01,-1.336430609226226807e-01,-3.592588007450103760e-03,6.714441776275634766e-01,0.000000000000000000e+00,-1.467326432466506958e-01,-5.568286776542663574e-02,3.418603241443634033e-01,5.595371127128601074e-01,4.715980291366577148e-01,5.665692687034606934e-01,-3.378092050552368164e-01,-3.523584604263305664e-01,-1.080866008996963501e-01,1.683124601840972900e-01,-5.242160707712173462e-02,7.553351670503616333e-02,-2.190715372562408447e-01,-1.727060675621032715e-01,6.195127367973327637e-01,7.088206410408020020e-01,6.912098079919815063e-02,9.141206741333007812e-03,-6.588403880596160889e-02,-3.006578236818313599e-02,-6.412280350923538208e-02,9.547819942235946655e-02,4.690065383911132812e-01,6.131458282470703125e-01,2.232021391391754150e-01,1.869308352470397949e-01,-2.509621083736419678e-01,-9.581796079874038696e-02,-3.365620672702789307e-01,-3.069288134574890137e-01,-3.997447192668914795e-01,-4.057753086090087891e-01,-2.020389586687088013e-01,-5.149405449628829956e-02,-7.945886999368667603e-02,-1.578296124935150146e-01,1.029253005981445312e-01,1.774891465902328491e-01,-2.095405608415603638e-01,-1.553003638982772827e-01,1.959079951047897339e-01,9.666851907968521118e-02,-1.101854443550109863e-02,-1.242337864823639393e-03,-9.456121176481246948e-02,-6.217982992529869080e-02,-4.837855994701385498e-01,-2.158325016498565674e-01,-1.674976497888565063e-01,-3.019552212208509445e-03,1.001349315047264099e-01,2.185899019241333008e-01,2.177311666309833527e-02,1.987428665161132812e-01,-8.120949566364288330e-02,1.926692575216293335e-01,-4.005014896392822266e-02,1.410844326019287109e-01,1.288797892630100250e-02,1.048066690564155579e-01,-1.076840534806251526e-01,9.315510280430316925e-03,3.107968270778656006e-01,2.190240919589996338e-01,6.217972375452518463e-03,1.926266103982925415e-01,-2.158865183591842651e-01,1.278319489210844040e-02,-2.420292496681213379e-01,-2.418039590120315552e-01,3.584620729088783264e-02,-1.431528180837631226e-01,-2.293927222490310669e-01,2.132397145032882690e-02,-2.866417467594146729e-01,-2.623830735683441162e-01,-3.346986472606658936e-01,-1.840786337852478027e-01,-3.686457276344299316e-01,-3.725981712341308594e-01,-2.591432929039001465e-01,-3.228536844253540039e-01,-1.498658657073974609e-01,-1.249421387910842896e-01,-3.649642467498779297e-01,-2.935231029987335205e-01,-1.656865775585174561e-01,-1.861044019460678101e-01,-2.708560526371002197e-01,-3.809546232223510742e-01,-1.551528722047805786e-01,-2.705045640468597412e-01,3.922610729932785034e-02,-2.090820074081420898e-01,-2.320753224194049835e-02,-1.290277391672134399e-01,6.943155825138092041e-02,-3.093129023909568787e-02,-5.636459682136774063e-03,-1.326413266360759735e-02,-9.361250326037406921e-03,2.477766480296850204e-03,-4.304856657981872559e-01,-1.912100762128829956e-01,-2.923807203769683838e-01,-2.926461696624755859e-01,-3.055180190131068230e-03,2.074410952627658844e-02
1.154117006808519363e-02,2.635044455528259277e-01,-1.502129882574081421e-01,-2.708075642585754395e-01,6.756432652473449707e-01,6.956493258476257324e-01,-2.677300274372100830e-01,-1.467326432466506958e-01,0.000000000000000000e+00,4.748484790325164795e-01,-3.496202230453491211e-01,-4.144831094890832901e-03,-3.716736435890197754e-01,-4.550795629620552063e-02,4.426780641078948975e-01,5.263313055038452148e-01,1.582483053207397461e-01,2.449051439762115479e-01,1.247568875551223755e-01,-5.318935215473175049e-02,2.690334320068359375e-01,8.501453697681427002e-02,-3.553654253482818604e-02,-1.617387384176254272e-01,5.103912353515625000e-01,5.295459628105163574e-01,4.627848863601684570e-01,2.120219320058822632e-01,2.655415236949920654e-01,3.886841237545013428e-01,-4.198654741048812866e-02,-1.750130504369735718e-01,1.779637299478054047e-02,2.246102690696716309e-01,-6.823597848415374756e-02,-2.858921652659773827e-03,1.938713937997817993e-01,1.245997548103332520e-01,-1.604681164026260376e-01,2.906494541093707085e-03,2.765732705593109131e-01,-1.169562246650457382e-02,-2.692964076995849609e-01,-1.976452916860580444e-01,-2.781696915626525879e-01,-1.414241343736648560e-01,-1.190625727176666260e-01,-1.895967572927474976e-01,-4.211171269416809082e-01,-2.280880361795425415e-01,-3.473767936229705811e-01,-2.838951647281646729e-01,-2.724629342555999756e-01,-1.926299184560775757e-01,3.891103342175483704e-02,8.799561299383640289e-03,1.701043732464313507e-02,2.280698418617248535e-01,-1.892262138426303864e-02,5.457925423979759216e-02,-2.265280038118362427e-01,-4.279387369751930237e-02,-4.073467478156089783e-02,1.969861537218093872e-01,-2.430705428123474121e-01,-2.185398191213607788e-01,-1.341160386800765991e-01,-9.301306307315826416e-02,1.609449386596679688e-01,-7.699698209762573242e-02,-7.499152794480323792e-03,1.216460168361663818e-01,6.249762699007987976e-02,-4.637578874826431274e-02,-8.458101749420166016e-02,-2.562577836215496063e-02,1.771269440650939941e-01,1.890318989753723145e-01,-2.083605229854583740e-01,-9.070917218923568726e-02,-3.047371096909046173e-02,1.504802703857421875e-01,-6.035408377647399902e-02,1.411146968603134155e-01,-1.718525886535644531e-01,3.977852314710617065e-02,4.274552688002586365e-02,2.324330061674118042e-01,5.651934072375297546e-03,1.260921806097030640e-01,-3.206564188003540039e-01,-2.019353061914443970e-01,-2.040255963802337646e-01,1.875650696456432343e-02,1.223733425140380859e-01,2.578347325325012207e-01,2.440010160207748413e-01,2.113052159547805786e-01,1.866009272634983063e-02,9.058669209480285645e-02,1.985880881547927856e-01,2.545852661132812500e-01,2.766006290912628174e-01,4.070274829864501953e-01,2.245944738388061523e-01,2.224576920270919800e-01,1.068014502525329590e-01,-2.006656974554061890e-01,4.871265962719917297e-02,2.765270173549652100e-01,7.211655378341674805e-02,-1.934443265199661255e-01,1.514918636530637741e-02,1.875115931034088135e-01,-6.206150352954864502e-02,-6.138698011636734009e-02
-2.895414531230926514e-01,-2.657544799149036407e-02,-1.481791883707046509e-01,-1.719216555356979370e-01,4.202429056167602539e-01,4.109265506267547607e-01,-2.420964837074279785e-01,-5.568286776542663574e-02,4.748484790325164795e-01,0.000000000000000000e+00,-1.198241636157035828e-01,5.592558160424232483e-02,3.013331443071365356e-02,1.457072049379348755e-01,4.548073709011077881e-01,5.621510744094848633e-01,-1.906135529279708862e-01,1.445130538195371628e-02,-8.672387897968292236e-02,-1.137872561812400818e-01,1.490149050951004028e-01,-2.759316936135292053e-02,-1.046588346362113953e-01,-1.059260889887809753e-01,4.038706719875335693e-01,3.286545872688293457e-01,2.977548912167549133e-02,-3.129835426807403564e-02,4.075658693909645081e-02,2.131651937961578369e-01,3.781436011195182800e-02,-1.096394937485456467e-02,-1.319609284400939941e-01,-1.722922176122665405e-01,-2.979300171136856079e-02,-1.514056324958801270e-01,-1.797785311937332153e-01,-1.413559764623641968e-01,-2.260924428701400757e-01,-5.525727942585945129e-02,4.889367893338203430e-02,-5.422879010438919067e-02,4.455123841762542725e-02,9.838577359914779663e-02,-1.821349561214447021e-01,3.357976675033569336e-02,2.533269114792346954e-02,-2.802200615406036377e-02,-1.408275514841079712e-01,4.381483793258666992e-02,1.625839620828628540e-02,3.182523325085639954e-02,4.635426774621009827e-02,1.348809748888015747e-01,-7.850893586874008179e-02,3.867055848240852356e-02,-1.563885509967803955e-01,-4.207465052604675293e-02,-2.434317022562026978e-01,-1.450587809085845947e-01,-1.219006106257438660e-01,3.216240555047988892e-02,-8.892507851123809814e-02,1.591193675994873047e-02,-1.527045220136642456e-01,3.895960375666618347e-02,-2.022133618593215942e-01,-1.518807858228683472e-01,-1.051878184080123901e-01,-1.974728852510452271e-01,1.361904442310333252e-01,2.430811375379562378e-01,1.096351742744445801e-01,7.919186353683471680e-02,-9.382902085781097412e-02,1.869876496493816376e-02,-1.934752166271209717e-01,-9.847991913557052612e-02,1.399408578872680664e-01,2.176707834005355835e-01,1.007010638713836670e-01,6.831578910350799561e-02,-7.292681187391281128e-02,8.102023601531982422e-02,-2.513585798442363739e-02,1.695341914892196655e-01,-1.456158608198165894e-01,-3.887879848480224609e-02,1.062362492084503174e-01,1.511646211147308350e-01,-1.474633663892745972e-01,-2.531508356332778931e-02,-1.417568325996398926e-01,5.329607799649238586e-02,-1.547132153064012527e-02,-5.271453782916069031e-02,-8.565842360258102417e-02,-1.473572701215744019e-01,-2.371498793363571167e-01,-7.229936867952346802e-02,-2.843228541314601898e-02,3.111306428909301758e-01,-8.081970363855361938e-02,2.337575517594814301e-02,4.558538272976875305e-02,-3.579562157392501831e-02,-1.753619760274887085e-01,-2.793222367763519287e-01,5.617231130599975586e-02,7.872608304023742676e-02,4.153494536876678467e-02,-8.283525705337524414e-03,4.869798198342323303e-02,2.478284537792205811e-01,-1.599196344614028931e-02,-4.300675168633460999e-02
1.478073149919509888e-01,-3.437124788761138916e-01,3.174244761466979980e-01,3.540922105312347412e-01,-4.429101049900054932e-01,-3.393505811691284180e-01,4.795921742916107178e-01,3.418603241443634033e-01,-3.496202230453491211e-01,-1.198241636157035828e-01,0.000000000000000000e+00,3.490732908248901367e-01,6.864355206489562988e-01,3.146309852600097656e-01,-1.696001142263412476e-01,-2.835491597652435303e-01,-5.028621852397918701e-02,-2.389770746231079102e-01,-6.491442024707794189e-02,-8.907397277653217316e-03,-3.541218638420104980e-01,-3.338286280632019043e-01,3.423405289649963379e-01,4.099059402942657471e-01,-1.374838799238204956e-01,-3.321641683578491211e-01,-2.473868280649185181e-01,-5.653517320752143860e-02,-3.828956931829452515e-02,-2.931285202503204346e-01,2.969127297401428223e-01,4.110053479671478271e-01,1.334417313337326050e-01,-6.756642460823059082e-02,-5.602638423442840576e-02,-1.550784260034561157e-01,-4.162406325340270996e-01,-3.931884169578552246e-01,-8.644978702068328857e-02,-1.219914108514785767e-01,-2.616365551948547363e-01,3.957725688815116882e-02,2.675098180770874023e-01,1.208265721797943115e-01,2.043524831533432007e-01,1.499620079994201660e-01,4.207683727145195007e-02,1.120466515421867371e-01,4.104943871498107910e-01,1.600187122821807861e-01,3.731127381324768066e-01,2.579998970031738281e-01,2.172253131866455078e-01,1.957171112298965454e-01,-1.651936918497085571e-01,-1.719135046005249023e-02,-7.715619355440139771e-02,-3.570751845836639404e-01,-7.081857323646545410e-02,-1.574796736240386963e-01,4.095972180366516113e-01,1.027183979749679565e-01,1.050155758857727051e-01,-1.674597859382629395e-01,3.497671782970428467e-01,1.321965754032135010e-01,-4.881353676319122314e-02,-8.788428455591201782e-02,-1.852445006370544434e-01,-1.780822724103927612e-01,1.787447184324264526e-01,5.517240241169929504e-02,4.123644158244132996e-02,-3.729985281825065613e-02,-1.592512577772140503e-01,-2.286796085536479950e-02,-2.809001505374908447e-01,-2.961310744285583496e-01,2.579901516437530518e-01,7.832315564155578613e-02,1.420438140630722046e-01,-1.836822926998138428e-01,-2.209542132914066315e-02,-2.852586805820465088e-01,1.694156974554061890e-01,-1.358198467642068863e-02,-2.938509583473205566e-01,-3.812204599380493164e-01,6.408630311489105225e-02,-1.232174634933471680e-01,1.381814330816268921e-01,1.021299660205841064e-01,2.659854851663112640e-02,-4.511543363332748413e-02,-3.075264990329742432e-01,-3.019340932369232178e-01,-3.984070420265197754e-01,-3.480071127414703369e-01,-2.555547952651977539e-01,-2.815064787864685059e-01,-1.539263427257537842e-01,-2.097153365612030029e-01,-2.377731651067733765e-01,-2.746486365795135498e-01,-1.457746624946594238e-01,-2.216575890779495239e-01,-1.971059888601303101e-01,5.206840485334396362e-02,-1.258135885000228882e-01,-8.783619105815887451e-02,-2.314269691705703735e-01,6.654396653175354004e-03,-4.830418899655342102e-02,-1.526963114738464355e-01,1.288095712661743164e-01,-3.062066622078418732e-02
8.597373217344284058e-02,2.001127749681472778e-01,2.753672897815704346e-01,3.812487125396728516e-01,-7.543898373842239380e-02,4.328530654311180115e-02,2.820508182048797607e-01,5.595371127128601074e-01,-4.144831094890832901e-03,5.592558160424232483e-02,3.490732908248901367e-01,0.000000000000000000e+00,3.138953745365142822e-01,6.097075939178466797e-01,-9.878521412611007690e-02,-9.904122352600097656e-02,-5.588841065764427185e-02,2.110544741153717041e-01,1.445265710353851318e-01,2.270167022943496704e-01,-1.882429718971252441e-01,-1.842596530914306641e-01,2.967709898948669434e-01,3.501274585723876953e-01,-5.884701386094093323e-04,1.357573270797729492e-02,4.144734144210815430e-02,3.877779468894004822e-02,-7.127813994884490967e-02,9.445545822381973267e-02,1.635095179080963135e-01,2.458370178937911987e-01,1.997550576925277710e-01,1.702662557363510132e-01,-9.646584279835224152e-03,6.402616202831268311e-02,-3.051806688308715820e-01,-2.485781610012054443e-01,-3.087442517280578613e-01,-3.816559612751007080e-01,-1.844167113304138184e-01,-1.945318095386028290e-02,1.149420291185379028e-01,-1.180960889905691147e-02,7.643000036478042603e-02,1.776663064956665039e-01,-1.117859408259391785e-01,1.856612600386142731e-02,5.327904224395751953e-02,5.620129406452178955e-02,-1.685105636715888977e-02,6.734449416399002075e-02,-8.739256858825683594e-02,1.741404831409454346e-02,-3.389688432216644287e-01,-1.060023903846740723e-01,-1.174470037221908569e-01,1.054888218641281128e-01,4.950805008411407471e-02,1.577994972467422485e-01,1.959072798490524292e-01,4.262762665748596191e-01,-1.336674112826585770e-02,2.970420122146606445e-01,-2.206018194556236267e-02,1.792668104171752930e-01,-3.720120294019579887e-03,7.117021828889846802e-02,-1.211161073297262192e-02,3.548046946525573730e-02,1.666716486215591431e-01,1.623553782701492310e-01,3.803014755249023438e-03,1.522100567817687988e-01,-1.389990001916885376e-01,4.625766351819038391e-02,-1.077147275209426880e-01,-1.161674130707979202e-02,6.623691320419311523e-02,-4.696344956755638123e-02,-1.370173692703247070e-01,1.629291772842407227e-01,-1.737402677536010742e-01,-7.550830394029617310e-02,-1.411454230546951294e-01,-5.086870491504669189e-02,-3.180747628211975098e-01,-2.692304253578186035e-01,-1.339584589004516602e-01,-2.080753296613693237e-01,-3.768330067396163940e-02,2.138464711606502533e-02,-1.697717159986495972e-01,-9.821909479796886444e-03,-1.805489659309387207e-01,-1.162159144878387451e-01,-2.314597070217132568e-01,-2.547503411769866943e-01,-1.723590046167373657e-01,-8.323203027248382568e-02,4.513958469033241272e-02,-2.296759746968746185e-02,-9.438762813806533813e-02,-5.907598882913589478e-02,9.353043138980865479e-02,2.133716642856597900e-02,-6.288799643516540527e-02,-2.881041914224624634e-02,-1.808735579252243042e-01,3.254067897796630859e-02,-3.085756897926330566e-01,-1.334666460752487183e-01,-1.930337846279144287e-01,-1.943635791540145874e-01,7.945675402879714966e-02,2.123450115323066711e-02
-1.477736383676528931e-01,-4.207566678524017334e-01,3.732780814170837402e-01,4.653745591640472412e-01,-3.847207129001617432e-01,-3.049224317073822021e-01,4.882568418979644775e-01,4.715980291366577148e-01,-3.716736435890197754e-01,3.013331443071365356e-02,6.864355206489562988e-01,3.138953745365142822e-01,0.000000000000000000e+00,4.588019549846649170e-01,-1.594911664724349976e-01,-2.833255231380462646e-01,-1.291947662830352783e-01,-1.662890166044235229e-01,-2.004347890615463257e-01,-4.033495113253593445e-02,-3.427988886833190918e-01,-2.861850857734680176e-01,3.887858688831329346e-01,4.918861985206604004e-01,-2.467072568833827972e-03,-2.336779087781906128e-01,-3.805648386478424072e-01,-1.283454596996307373e-01,8.894534781575202942e-03,-2.108982354402542114e-01,4.287163019180297852e-01,5.628683567047119141e-01,7.583089172840118408e-02,-1.956136375665664673e-01,-2.179724574089050293e-01,-2.626799046993255615e-01,-4.969408214092254639e-01,-4.312048852443695068e-01,-1.771603822708129883e-01,-1.855637729167938232e-01,-3.119446933269500732e-01,1.485890522599220276e-02,2.565582096576690674e-01,1.639277637004852295e-01,1.710895746946334839e-01,2.420086562633514404e-01,-6.693696137517690659e-03,5.590556934475898743e-02,4.825853407382965088e-01,3.382737338542938232e-01,4.246453344821929932e-01,2.989184558391571045e-01,2.404697090387344360e-01,2.484819740056991577e-01,-2.695183157920837402e-01,-5.127169191837310791e-02,-1.275083273649215698e-01,-3.784839212894439697e-01,-1.327603161334991455e-01,-1.322583705186843872e-01,2.200203686952590942e-01,1.572737284004688263e-02,1.849725656211376190e-02,-1.171131283044815063e-01,1.966681629419326782e-01,1.994843482971191406e-01,-1.605401784181594849e-01,-1.354854702949523926e-01,-3.055594265460968018e-01,-2.158081531524658203e-01,2.958117723464965820e-01,1.352168619632720947e-01,6.489180028438568115e-02,7.188563048839569092e-02,-2.245537489652633667e-01,-3.809050098061561584e-02,-4.417163133621215820e-01,-4.366737008094787598e-01,3.586109876632690430e-01,1.198683083057403564e-01,1.568564176559448242e-01,-1.742475479841232300e-01,-8.540786057710647583e-02,-3.350777328014373779e-01,5.076705291867256165e-02,7.586879190057516098e-03,-3.565819263458251953e-01,-4.964084625244140625e-01,-1.986304298043251038e-02,-1.398524343967437744e-01,4.499409347772598267e-02,5.652284622192382812e-02,-1.540389209985733032e-01,-1.447800993919372559e-01,-3.140297234058380127e-01,-3.774994313716888428e-01,-4.305273890495300293e-01,-4.321380853652954102e-01,-2.929983735084533691e-01,-4.023397862911224365e-01,-1.783689707517623901e-01,-1.532347500324249268e-01,-2.952873706817626953e-01,-3.377476632595062256e-01,-1.496590822935104370e-01,-2.415074110031127930e-01,-2.172288745641708374e-01,4.201481863856315613e-02,-2.762894704937934875e-02,-1.134396865963935852e-01,-2.295405864715576172e-01,-5.452309735119342804e-03,-1.310553699731826782e-01,-1.141328215599060059e-01,9.249348938465118408e-02,-5.311402305960655212e-02
