0.000000000000000000e+00,4.696761667728424072e-01,3.685144484043121338e-01,2.183820307254791260e-01,4.135416820645332336e-02,2.122894972562789917e-01,3.775690197944641113e-01,1.127835810184478760e-01,-1.851957440376281738e-01,-6.089650839567184448e-02,3.594858050346374512e-01,3.498291671276092529e-01,2.198642939329147339e-01,7.095359265804290771e-02,-2.043553590774536133e-01,-2.156286686658859253e-01,9.620428830385208130e-02,5.466535314917564392e-02,2.980778515338897705e-01,4.374086856842041016e-01,-5.947814881801605225e-02,1.115805432200431824e-01,-1.111099049448966980e-01,-3.601480275392532349e-02,-3.068853542208671570e-02,-3.997754305601119995e-02,-1.236301586031913757e-01,2.898830361664295197e-02,-2.738380245864391327e-02,-1.116564795374870300e-01,1.278790086507797241e-01,-9.147982299327850342e-02,1.576541215181350708e-01,1.339388042688369751e-01,1.973529718816280365e-02,1.260470747947692871e-01,-1.091783270239830017e-01,-1.090238541364669800e-01,-8.416160196065902710e-02,-2.725910022854804993e-02,-2.448946610093116760e-02,6.836529821157455444e-02,-1.417286396026611328e-01,-2.904686331748962402e-01,-3.698267741128802299e-03,-4.757127165794372559e-02,-8.622879534959793091e-02,-7.397927343845367432e-02,2.019670233130455017e-02,1.095033288002014160e-01,-1.247798651456832886e-01,-1.276467144489288330e-01,3.498182445764541626e-02,-2.151306420564651489e-01,7.595787197351455688e-02,4.019127041101455688e-02,3.167169094085693359e-01,2.208465039730072021e-01,3.031064867973327637e-01,1.755079180002212524e-01,2.994014918804168701e-01,7.480040937662124634e-02,2.199348062276840210e-01,3.082608580589294434e-01,9.092306345701217651e-02,-7.271265983581542969e-02,8.762633055448532104e-02,2.719095647335052490e-01,3.196147084236145020e-01,2.513002753257751465e-01,2.355880588293075562e-01,-5.260959267616271973e-03,8.577284216880798340e-02,-9.487669914960861206e-03,2.087513171136379242e-02,-2.284983694553375244e-01,-7.051893323659896851e-02,-5.249562487006187439e-02,-1.943867281079292297e-02,4.560700803995132446e-02,3.303298028185963631e-03,-1.761127114295959473e-01,-1.980172097682952881e-01,-2.954614758491516113e-01,-1.234526112675666809e-01,-3.222355246543884277e-01,-9.773960709571838379e-02,-9.540849179029464722e-02,2.736229263246059418e-02,1.345928478986024857e-02,-1.857228428125381470e-01,-2.929258048534393311e-01,-4.137259125709533691e-01,-2.499139904975891113e-01,-4.144024103879928589e-02,-1.139401830732822418e-02,1.688122451305389404e-01,2.088755965232849121e-01,1.005586460232734680e-01,4.834307357668876648e-02,-2.224815189838409424e-01,-3.185779750347137451e-01,1.383742839097976685e-01,-4.527588933706283569e-02,1.459071934223175049e-01,-6.539734452962875366e-02,4.668607190251350403e-02,1.853531152009963989e-01,1.685758829116821289e-01,1.604609936475753784e-01,2.069858014583587646e-01,-6.494273245334625244e-02,2.326437085866928101e-02,1.526902765035629272e-01,-1.519311815500259399e-01,-3.406664729118347168e-02
4.696761667728424072e-01,0.000000000000000000e+00,2.301029860973358154e-01,1.272570788860321045e-01,-1.677959710359573364e-01,-1.828859560191631317e-02,2.324527055025100708e-01,5.109136179089546204e-02,-1.432008743286132812e-01,-8.721996098756790161e-02,2.296568155288696289e-01,2.230921238660812378e-01,8.100733906030654907e-02,2.398595213890075684e-02,-2.215444445610046387e-01,-2.315925061702728271e-01,8.668803609907627106e-03,1.848792773671448231e-03,2.038570046424865723e-01,4.033144712448120117e-01,-5.864969268441200256e-02,-6.236434914171695709e-03,-5.052528530359268188e-02,2.893329598009586334e-02,-9.618397802114486694e-02,-9.335672855377197266e-02,-3.034373000264167786e-02,8.613958954811096191e-02,-8.062877506017684937e-02,-1.450521647930145264e-01,8.982142060995101929e-02,3.668113425374031067e-02,3.102587759494781494e-01,2.477070391178131104e-01,2.177592925727367401e-02,-4.577737674117088318e-02,-6.592497974634170532e-02,2.805622294545173645e-02,-9.638378024101257324e-02,-1.040340960025787354e-01,-1.077482476830482483e-01,-5.185405723750591278e-03,-1.269753873348236084e-01,-1.404999047517776489e-01,9.070195257663726807e-02,1.911684684455394745e-02,-1.199717894196510315e-01,-9.865503013134002686e-02,4.964278265833854675e-02,7.977603375911712646e-02,-5.411193892359733582e-02,-1.458741724491119385e-01,2.812756923958659172e-03,-1.388396173715591431e-01,-1.340599358081817627e-01,-1.269282847642898560e-01,5.277931690216064453e-01,4.489139020442962646e-01,2.006711214780807495e-01,5.152824521064758301e-02,1.656014919281005859e-01,1.454172283411026001e-01,1.459645032882690430e-01,1.376495212316513062e-01,-1.409217366017401218e-04,-9.192356467247009277e-02,1.671037077903747559e-01,5.033145099878311157e-02,2.984497547149658203e-01,2.117140144109725952e-01,8.307760208845138550e-02,2.768180333077907562e-02,1.233052238821983337e-01,7.519844919443130493e-02,5.226279050111770630e-02,-2.953273430466651917e-02,7.801266014575958252e-02,1.098455041646957397e-01,-8.768916875123977661e-02,1.030437462031841278e-02,-4.972239956259727478e-02,-6.159127503633499146e-02,-1.174239590764045715e-01,-1.784539371728897095e-01,-1.913197338581085205e-01,-1.936055868864059448e-01,-7.341384887695312500e-02,-6.515717506408691406e-02,-1.347293257713317871e-01,-9.999847412109375000e-02,-1.154919713735580444e-01,-1.386606991291046143e-01,-1.211397349834442139e-01,-6.083063036203384399e-02,-7.735476642847061157e-02,-3.128828108310699463e-02,2.221090197563171387e-01,1.240692809224128723e-01,1.239873841404914856e-01,3.144860267639160156e-03,-7.213699072599411011e-02,-2.137362807989120483e-01,-3.348665684461593628e-02,-1.246264800429344177e-01,-1.016321852803230286e-01,-8.643051236867904663e-02,1.913567259907722473e-02,2.100172080099582672e-02,2.207065001130104065e-02,1.721619665622711182e-01,8.766750991344451904e-02,1.118233334273099899e-02,2.495462074875831604e-02,3.602647781372070312e-02,-1.000891923904418945e-01,1.754716970026493073e-02
3.685144484043121338e-01,2.301029860973358154e-01,0.000000000000000000e+00,2.259591817855834961e-01,-1.942310295999050140e-02,3.066337108612060547e-01,5.621089935302734375e-01,6.409277766942977905e-02,-9.522750228643417358e-02,5.786422640085220337e-02,2.339868694543838501e-01,3.579497709870338440e-02,2.854505777359008789e-01,2.444663271307945251e-02,9.548790752887725830e-03,-1.507746279239654541e-01,-5.377190560102462769e-02,-5.617616698145866394e-02,3.098149597644805908e-01,3.082048296928405762e-01,6.534475088119506836e-02,-3.925691545009613037e-02,3.189705908298492432e-01,3.607395291328430176e-01,-1.051667556166648865e-01,8.688721060752868652e-02,2.901215478777885437e-02,-4.355811700224876404e-02,-8.096495270729064941e-02,-1.685949414968490601e-01,2.409276813268661499e-01,1.238913089036941528e-01,3.368093669414520264e-01,2.641673684120178223e-01,2.206313312053680420e-01,6.974786520004272461e-02,-5.595357157289981842e-03,-1.489115208387374878e-01,-5.145160481333732605e-02,6.054985802620649338e-03,3.759179636836051941e-02,7.671110332012176514e-02,-2.655388414859771729e-01,-3.045786321163177490e-01,1.501977890729904175e-01,-1.612609922885894775e-01,-1.769249290227890015e-01,-1.965251415967941284e-01,-3.321403264999389648e-02,-1.202902644872665405e-01,-2.840107083320617676e-01,-3.699219524860382080e-01,-4.362294077873229980e-02,-2.793191075325012207e-01,-6.502195610664784908e-04,-4.933155700564384460e-02,1.574111878871917725e-01,2.088310010731220245e-02,9.763506054878234863e-02,-1.935873366892337799e-02,2.357077598571777344e-01,-4.729590564966201782e-02,1.768615245819091797e-01,7.918731123208999634e-02,4.217799603939056396e-01,9.067758172750473022e-02,3.107531070709228516e-01,1.266946941614151001e-01,2.919027209281921387e-01,1.282528787851333618e-01,2.512557208538055420e-01,6.403584033250808716e-02,3.918746858835220337e-02,-4.490379244089126587e-02,-9.844961762428283691e-02,-2.271946370601654053e-01,1.117634624242782593e-01,1.041057556867599487e-01,-8.410923182964324951e-02,-4.810736328363418579e-02,2.760942839086055756e-02,-1.213111951947212219e-01,-7.454988360404968262e-02,-8.602833002805709839e-02,9.890406578779220581e-02,-3.048778176307678223e-01,9.283626079559326172e-02,2.499785646796226501e-02,3.111268021166324615e-02,-1.758863776922225952e-01,-3.461451455950737000e-02,-1.645115762948989868e-01,-3.268798291683197021e-01,-1.061975508928298950e-01,-3.057186119258403778e-02,-1.775368899106979370e-01,1.532526873052120209e-02,8.502381294965744019e-02,-6.194402277469635010e-02,1.006808727979660034e-01,-2.036478370428085327e-01,-1.748791188001632690e-01,1.258523464202880859e-01,-1.447812374681234360e-02,2.504116892814636230e-01,-7.925408892333507538e-03,-1.534177828580141068e-02,1.472645252943038940e-01,1.277088075876235962e-01,-1.147119794040918350e-02,3.899774700403213501e-02,-7.408472895622253418e-02,-1.003275066614151001e-01,2.167091965675354004e-01,-7.136169075965881348e-02,-1.407646089792251587e-01
2.183820307254791260e-01,1.272570788860321045e-01,2.259591817855834961e-01,0.000000000000000000e+00,1.058809012174606323e-01,7.369415462017059326e-02,3.685396015644073486e-01,5.847293734550476074e-01,-4.035215079784393311e-02,2.256195526570081711e-03,5.628871917724609375e-02,5.495760589838027954e-02,9.786798059940338135e-02,2.922241343185305595e-03,-1.743243038654327393e-01,-2.361777573823928833e-01,-1.960647106170654297e-01,-2.644122838973999023e-01,1.544932723045349121e-01,2.082694768905639648e-01,6.532863527536392212e-02,-1.726285070180892944e-01,1.572524607181549072e-01,2.578640878200531006e-01,-1.121500786393880844e-02,-3.796419128775596619e-02,-1.185527630150318146e-02,-1.201631203293800354e-01,-2.062397301197052002e-01,-1.354959756135940552e-01,-5.269026011228561401e-02,5.123950168490409851e-02,4.331410862505435944e-03,1.414713710546493530e-01,1.306694746017456055e-01,9.560739994049072266e-02,-1.508302688598632812e-01,-1.337317228317260742e-01,-5.522010847926139832e-02,7.841613888740539551e-02,-1.482366472482681274e-01,-2.358317561447620392e-02,-1.838341206312179565e-01,-1.058522090315818787e-01,2.452013269066810608e-02,2.133731544017791748e-02,-1.973313540220260620e-01,-2.227457612752914429e-01,-3.048375062644481659e-02,-2.606115303933620453e-03,-1.789293736219406128e-01,-9.624958783388137817e-02,-5.165497958660125732e-02,3.521522879600524902e-02,-3.994802013039588928e-02,-7.380183786153793335e-02,1.072079315781593323e-01,9.075065702199935913e-02,2.803556807339191437e-02,1.108539551496505737e-01,1.484655588865280151e-01,3.300580680370330811e-01,-9.658799320459365845e-02,8.885478973388671875e-02,1.751758307218551636e-01,3.406976461410522461e-01,-7.043673098087310791e-02,-2.868625707924365997e-02,1.305130124092102051e-01,-5.063771456480026245e-02,9.484710544347763062e-02,4.098099097609519958e-02,-5.236025154590606689e-02,-1.730555668473243713e-02,3.253764659166336060e-02,-5.496317148208618164e-02,-6.541908718645572662e-03,-7.223535329103469849e-02,-1.948598623275756836e-01,-2.387579530477523804e-01,-2.005915641784667969e-01,-7.623887807130813599e-02,-1.224710643291473389e-01,-2.153260856866836548e-01,-8.951799571514129639e-02,-3.543544188141822815e-02,-1.877160817384719849e-01,-5.904250964522361755e-02,-1.068181917071342468e-01,-3.440072759985923767e-02,2.685098536312580109e-02,-3.679208829998970032e-02,-6.268672645092010498e-02,6.760765612125396729e-02,-1.032756567001342773e-01,-2.942157983779907227e-01,-7.111279666423797607e-02,-2.373445592820644379e-02,1.976537145674228668e-02,-8.064129948616027832e-02,3.313314542174339294e-02,3.964702412486076355e-02,7.386562973260879517e-02,9.734781086444854736e-02,2.127626985311508179e-01,-2.952898107469081879e-02,-8.904956281185150146e-02,3.844831371679902077e-03,9.470051527023315430e-02,-2.091035246849060059e-02,5.269444733858108521e-02,-8.110810071229934692e-02,1.872410327196121216e-01,8.906297385692596436e-02,-1.042398512363433838e-01,-8.617024868726730347e-02
4.135416820645332336e-02,-1.677959710359573364e-01,-1.942310295999050140e-02,1.058809012174606323e-01,0.000000000000000000e+00,1.391748487949371338e-01,1.311273574829101562e-01,8.901986479759216309e-02,1.288868933916091919e-01,1.835191696882247925e-01,-1.003243122249841690e-02,2.651287801563739777e-02,-5.248448625206947327e-02,5.102284718304872513e-03,-1.646228581666946411e-01,-1.200214698910713196e-01,-3.190430998802185059e-02,2.586412429809570312e-02,9.978393465280532837e-02,-7.288911193609237671e-02,8.995186537504196167e-02,1.081520020961761475e-01,7.092218101024627686e-02,8.293202519416809082e-02,4.062208831310272217e-01,2.673132717609405518e-01,-1.899226941168308258e-02,3.975084424018859863e-02,-4.443092737346887589e-03,1.805812306702136993e-02,9.206171333789825439e-02,1.536612026393413544e-02,-1.915876418352127075e-01,-6.881300359964370728e-02,1.070733144879341125e-01,1.550626009702682495e-01,-2.907634340226650238e-02,3.601885959506034851e-02,1.605225801467895508e-01,1.386924386024475098e-01,-6.596300750970840454e-02,-4.661275446414947510e-02,-1.030275318771600723e-02,-8.707599341869354248e-02,-6.769680976867675781e-02,-4.502946883440017700e-02,-1.430092751979827881e-01,-5.262067914009094238e-02,9.759584814310073853e-02,1.465758308768272400e-02,-1.207578480243682861e-01,-6.760896742343902588e-02,-3.216413781046867371e-02,-7.849473506212234497e-02,1.359965186566114426e-02,-1.283449232578277588e-01,-1.227695643901824951e-01,-1.545853912830352783e-01,-1.245666593313217163e-01,-7.455626968294382095e-03,-2.068109251558780670e-02,-7.182695716619491577e-02,-2.848089858889579773e-02,1.075407639145851135e-01,4.189956188201904297e-02,1.309805661439895630e-01,-8.124181628227233887e-02,7.010084390640258789e-02,-1.346035003662109375e-01,-2.138539403676986694e-02,1.350553333759307861e-01,9.783879667520523071e-02,-6.103599071502685547e-02,-5.615788325667381287e-02,-1.403080374002456665e-01,-1.322372853755950928e-01,-2.774162031710147858e-02,-1.620686501264572144e-01,1.911483891308307648e-02,-1.426067855209112167e-02,-6.864444166421890259e-02,-1.334755420684814453e-01,-5.243251100182533264e-02,-1.220873072743415833e-01,-3.434537351131439209e-02,-1.806966513395309448e-01,9.231868200004100800e-03,-6.220996752381324768e-02,3.712158650159835815e-02,-1.746004563756287098e-04,-1.480082720518112183e-01,-1.557158827781677246e-01,-9.591031819581985474e-02,-1.674994826316833496e-01,1.108781173825263977e-01,-1.124624046497046947e-03,-1.306329369544982910e-01,1.341407932341098785e-02,-5.554251000285148621e-02,-1.273866593837738037e-01,-2.722560241818428040e-02,-8.679964393377304077e-02,6.464496254920959473e-02,2.920984290540218353e-02,7.833369076251983643e-02,1.314473003149032593e-01,1.308045387268066406e-01,2.214956134557723999e-01,1.554588824510574341e-01,-2.160722762346267700e-01,-6.459970772266387939e-02,-6.292920559644699097e-02,-5.701224133372306824e-02,4.178553819656372070e-02,-1.188110839575529099e-02,-3.203819692134857178e-02
2.122894972562789917e-01,-1.828859560191631317e-02,3.066337108612060547e-01,7.369415462017059326e-02,1.391748487949371338e-01,0.000000000000000000e+00,1.989879906177520752e-01,3.443288430571556091e-02,3.690060973167419434e-02,2.572776675224304199e-01,8.457736670970916748e-02,6.130095198750495911e-02,7.692125439643859863e-02,6.077865138649940491e-02,9.426979720592498779e-02,-4.169740900397300720e-02,4.506848007440567017e-02,7.716928422451019287e-02,2.149708420038223267e-01,1.740099936723709106e-01,6.558929383754730225e-02,1.233143135905265808e-01,9.206980466842651367e-02,2.347815334796905518e-01,-8.077660202980041504e-02,3.481650948524475098e-01,-6.208580732345581055e-02,-8.305395394563674927e-02,5.477734282612800598e-02,2.220045961439609528e-02,3.135449588298797607e-01,2.144661247730255127e-01,1.350900232791900635e-01,1.366471648216247559e-01,2.010425925254821777e-01,1.814271658658981323e-01,-1.590311527252197266e-02,-9.615713357925415039e-02,1.346546411514282227e-01,1.767903417348861694e-01,5.981802940368652344e-02,5.187187716364860535e-02,-1.223035901784896851e-01,-2.645965814590454102e-01,5.199792236089706421e-02,-8.497954905033111572e-02,-1.362077593803405762e-01,-9.262283146381378174e-02,5.434315185993909836e-03,-3.069830313324928284e-02,-2.359469980001449585e-01,-1.809166371822357178e-01,-3.015025705099105835e-02,-3.030992150306701660e-01,1.158912479877471924e-01,5.497564747929573059e-02,5.638617277145385742e-02,-8.315825462341308594e-02,-1.365547813475131989e-02,3.071421571075916290e-02,1.213509216904640198e-01,-5.681338161230087280e-02,1.132953986525535583e-01,6.511811912059783936e-02,2.290798425674438477e-01,9.788990020751953125e-02,6.788931041955947876e-02,1.158177405595779419e-01,8.526041358709335327e-02,5.912115424871444702e-02,2.835633754730224609e-01,2.910742908716201782e-02,8.121103793382644653e-02,4.894271865487098694e-02,-1.069095209240913391e-01,-2.889321744441986084e-01,-3.070600097998976707e-03,-5.250449851155281067e-02,8.790057152509689331e-02,8.174196630716323853e-02,1.066978573799133301e-01,-1.839310973882675171e-01,2.699902839958667755e-02,-3.904856741428375244e-02,8.148407191038131714e-02,-2.281009852886199951e-01,1.874128282070159912e-01,1.129889562726020813e-01,1.373708695173263550e-01,-1.049433555454015732e-02,-4.593748133629560471e-03,-2.663912475109100342e-01,-3.416661620140075684e-01,-2.266907989978790283e-01,2.439722232520580292e-02,-1.269926503300666809e-02,-6.649383902549743652e-02,8.153901249170303345e-02,5.745320022106170654e-02,7.462059706449508667e-02,-1.339263916015625000e-01,-1.786438971757888794e-01,1.403287202119827271e-01,5.017487332224845886e-02,1.455050706863403320e-01,6.275792419910430908e-02,6.115395203232765198e-02,2.138665765523910522e-01,8.807278424501419067e-02,-6.766365468502044678e-02,-3.564600646495819092e-02,-3.519624099135398865e-02,-7.024039514362812042e-03,8.509484678506851196e-02,4.691092669963836670e-02,1.832125522196292877e-02
3.775690197944641113e-01,2.324527055025100708e-01,5.621089935302734375e-01,3.685396015644073486e-01,1.311273574829101562e-01,1.989879906177520752e-01,0.000000000000000000e+00,2.767201662063598633e-01,-3.957258909940719604e-02,2.783671952784061432e-02,2.582814693450927734e-01,3.112935274839401245e-02,2.788573503494262695e-01,3.630283847451210022e-02,-1.732610911130905151e-01,-2.348536998033523560e-01,-8.422156423330307007e-02,-9.671285003423690796e-02,2.767777740955352783e-01,2.231335788965225220e-01,-1.056780144572257996e-01,-4.661387577652931213e-02,3.443091213703155518e-01,3.515999019145965576e-01,7.940253615379333496e-02,8.682128787040710449e-02,-1.232486888766288757e-01,2.471289038658142090e-02,-9.409574419260025024e-02,-1.487260907888412476e-01,1.784301400184631348e-01,1.512379497289657593e-01,2.578606903553009033e-01,2.962731122970581055e-01,3.148785233497619629e-01,7.455594092607498169e-02,-1.079392582178115845e-01,-9.331129491329193115e-02,-9.136714786291122437e-02,-4.345905035734176636e-02,4.379750695079565048e-03,-6.107831746339797974e-02,-2.937450408935546875e-01,-2.941000163555145264e-01,6.638841331005096436e-02,-1.913528889417648315e-01,-4.018135070800781250e-01,-2.942512035369873047e-01,-2.018857300281524658e-01,-2.124674022197723389e-01,-3.391385972499847412e-01,-3.461670279502868652e-01,-2.086449116468429565e-01,-1.634544134140014648e-01,-1.133489310741424561e-01,-2.005490362644195557e-01,2.062953114509582520e-01,1.267163902521133423e-01,-8.219074457883834839e-03,-1.003366708755493164e-01,2.475773096084594727e-01,7.127632200717926025e-02,8.620395511388778687e-02,5.412050336599349976e-02,4.620032012462615967e-01,2.930059134960174561e-01,2.540028989315032959e-01,-6.514803972095251083e-04,1.982080489397048950e-01,1.174384430050849915e-01,3.196263909339904785e-01,1.896479427814483643e-01,1.398993283510208130e-01,8.150749653577804565e-02,2.959710545837879181e-02,-5.608083680272102356e-02,1.261104643344879150e-01,6.066612899303436279e-02,-1.053408235311508179e-01,-2.445364929735660553e-02,-3.995047509670257568e-02,-7.842893153429031372e-02,-1.133182719349861145e-01,-2.403952926397323608e-01,7.901155203580856323e-02,-2.243045717477798462e-01,-6.694099307060241699e-02,-1.133351475000381470e-01,-9.446889907121658325e-02,-1.372024863958358765e-01,-2.001688480377197266e-01,-1.164144873619079590e-01,-2.768436670303344727e-01,-2.599661797285079956e-02,-5.330217070877552032e-03,-1.687956899404525757e-01,-4.989146068692207336e-02,-6.061812397092580795e-03,-1.074256300926208496e-01,-8.856336027383804321e-02,-2.339229732751846313e-01,-1.203729063272476196e-01,2.307049185037612915e-02,-2.573732845485210419e-02,1.050053834915161133e-01,8.349808305501937866e-02,8.286961913108825684e-02,1.579134017229080200e-01,1.575562953948974609e-01,-1.185066252946853638e-02,-2.188232168555259705e-02,-4.608842730522155762e-02,-8.744563907384872437e-03,2.094249613583087921e-02,-1.101918071508407593e-01,-1.220681220293045044e-01
1.127835810184478760e-01,5.109136179089546204e-02,6.409277766942977905e-02,5.847293734550476074e-01,8.901986479759216309e-02,3.443288430571556091e-02,2.767201662063598633e-01,0.000000000000000000e+00,-4.554481431841850281e-02,2.627080865204334259e-02,4.349328577518463135e-02,1.077577397227287292e-01,3.753915056586265564e-02,7.381483912467956543e-02,-2.421772629022598267e-01,-2.687142789363861084e-01,-3.377628028392791748e-01,-3.343228697776794434e-01,-6.311421096324920654e-02,3.212529048323631287e-02,2.876373380422592163e-02,-7.398995757102966309e-02,8.742059767246246338e-02,1.645673066377639771e-01,1.780181378126144409e-02,-6.834208220243453979e-02,2.144971676170825958e-02,-2.698433771729469299e-02,-3.176270425319671631e-01,-2.389597743749618530e-01,-5.093053728342056274e-02,2.356576360762119293e-02,5.484613403677940369e-02,2.265103757381439209e-01,1.297897994518280029e-01,-2.922874130308628082e-02,-1.338475346565246582e-01,-1.419680565595626831e-01,-6.470870226621627808e-02,-2.127061598002910614e-02,-7.158859074115753174e-02,-1.189896687865257263e-01,-1.510747522115707397e-01,-6.671020388603210449e-02,6.630382686853408813e-02,6.198875606060028076e-02,-2.520166933536529541e-01,-2.351720482110977173e-01,-2.014579949900507927e-03,6.490168720483779907e-02,5.487452074885368347e-02,7.151919603347778320e-02,3.387060388922691345e-02,8.237165212631225586e-02,-1.805023849010467529e-02,-5.039444193243980408e-02,2.964469790458679199e-02,2.058717012405395508e-01,9.013263136148452759e-02,1.689980775117874146e-01,3.124020099639892578e-01,4.702177345752716064e-01,-1.926475018262863159e-01,1.235972642898559570e-01,8.138654381036758423e-02,3.454732596874237061e-01,-3.995615616440773010e-02,-8.183261007070541382e-02,1.420774776488542557e-02,-1.302281767129898071e-01,1.402770131826400757e-01,7.068018615245819092e-02,-1.190156713128089905e-01,5.195279791951179504e-02,6.263619661331176758e-02,7.256546616554260254e-02,4.614421166479587555e-03,2.546262927353382111e-02,-3.092432618141174316e-01,-3.147162497043609619e-01,-2.985639274120330811e-01,-1.231604814529418945e-01,-1.521358937025070190e-01,-3.417286872863769531e-01,-9.003620594739913940e-02,5.468419194221496582e-02,-2.522995471954345703e-01,-1.736238747835159302e-01,-2.235228568315505981e-01,-5.922242533415555954e-03,-5.748562887310981750e-02,2.301498875021934509e-02,6.454927474260330200e-02,4.349907487630844116e-02,-1.342921704053878784e-01,-3.300272524356842041e-01,2.708516083657741547e-02,-9.578180499374866486e-03,-5.519213899970054626e-02,-2.417259663343429565e-01,1.382171809673309326e-01,2.911272644996643066e-02,5.003183335065841675e-02,1.144573092460632324e-02,9.847305715084075928e-02,-1.050591394305229187e-01,-7.813841849565505981e-02,-1.102962419390678406e-01,3.155570477247238159e-02,7.073083519935607910e-02,6.022407114505767822e-02,-1.209958270192146301e-01,2.143345028162002563e-01,1.440973021090030670e-02,-1.669967919588088989e-01,-1.259641069918870926e-02
-1.851957440376281738e-01,-1.432008743286132812e-01,-9.522750228643417358e-02,-4.035215079784393311e-02,1.288868933916091919e-01,3.690060973167419434e-02,-3.957258909940719604e-02,-4.554481431841850281e-02,0.000000000000000000e+00,1.297170370817184448e-01,-5.081759020686149597e-02,-6.447036564350128174e-02,6.711004674434661865e-02,-3.884029015898704529e-02,2.023248672485351562e-01,6.255796551704406738e-02,-1.566858142614364624e-01,-1.414780169725418091e-01,-1.049713939428329468e-01,-1.515522003173828125e-01,-1.797249540686607361e-02,-5.645773559808731079e-02,5.196755379438400269e-02,-2.931154565885663033e-03,1.748210936784744263e-01,2.339493185281753540e-01,-4.190452769398689270e-02,-3.761512786149978638e-02,-7.590416073799133301e-02,-1.171465963125228882e-01,1.167296767234802246e-01,8.035432547330856323e-02,-8.947894722223281860e-02,-2.175666205585002899e-02,9.476333856582641602e-02,3.110193274915218353e-02,-2.661533281207084656e-02,-3.456998616456985474e-02,-1.524292826652526855e-01,-1.816929131746292114e-01,-1.045023724436759949e-01,-1.042473763227462769e-01,7.776103168725967407e-02,1.821533888578414917e-01,6.511406600475311279e-02,2.532863058149814606e-02,-3.074515797197818756e-02,-5.328924581408500671e-02,3.060903586447238922e-02,-1.389724202454090118e-03,8.132776618003845215e-02,1.166751384735107422e-01,6.613651756197214127e-03,6.174948066473007202e-02,-1.627629697322845459e-01,-2.045188397169113159e-01,-1.196492016315460205e-01,-1.810248196125030518e-01,-1.576043479144573212e-02,-3.262044861912727356e-02,-2.937668934464454651e-02,8.153340779244899750e-03,-1.928818672895431519e-01,-6.526405364274978638e-02,2.082894556224346161e-02,1.491456571966409683e-02,4.955985024571418762e-02,-9.329067170619964600e-02,-1.475870162248611450e-01,-6.565151363611221313e-02,2.061398886144161224e-02,4.411259200423955917e-03,7.618490606546401978e-02,1.765774935483932495e-01,-3.243241086602210999e-02,5.180395022034645081e-02,1.095584183931350708e-01,-2.202949672937393188e-02,-5.301488935947418213e-02,-1.256152540445327759e-01,-1.517924368381500244e-01,-4.064501076936721802e-02,-8.593233302235603333e-03,4.951243847608566284e-02,1.001090183854103088e-01,3.302017971873283386e-02,-2.701039798557758331e-02,-1.189434304833412170e-01,-6.535995006561279297e-02,9.026048937812447548e-04,-3.684478998184204102e-02,1.136021241545677185e-01,1.302289217710494995e-01,1.018451675772666931e-01,2.554617263376712799e-02,-1.448124051094055176e-01,-7.164100557565689087e-02,-7.994405925273895264e-02,-1.255291402339935303e-01,-5.609852448105812073e-02,7.525375485420227051e-02,1.938483119010925293e-01,1.343004256486892700e-01,7.505443692207336426e-02,-3.229010850191116333e-02,4.001921042799949646e-02,-1.327879261225461960e-02,9.408876299858093262e-02,-2.579053863883018494e-03,-9.503513574600219727e-02,5.928884446620941162e-02,-1.957209035754203796e-02,-3.545213490724563599e-03,-1.212619990110397339e-01,1.033866032958030701e-01,-1.380937695503234863e-01
-6.089650839567184448e-02,-8.721996098756790161e-02,5.786422640085220337e-02,2.256195526570081711e-03,1.835191696882247925e-01,2.572776675224304199e-01,2.783671952784061432e-02,2.627080865204334259e-02,1.297170370817184448e-01,0.000000000000000000e+00,-5.922462325543165207e-03,8.041066117584705353e-03,1.731948703527450562e-01,2.942381501197814941e-01,1.782466471195220947e-01,3.139854073524475098e-01,-1.324956864118576050e-01,-5.099990963935852051e-02,-8.739730715751647949e-02,-4.964250326156616211e-02,1.212258487939834595e-01,1.645431369543075562e-01,4.962410777807235718e-02,1.595227271318435669e-01,1.595148295164108276e-01,2.160483300685882568e-01,1.905193924903869629e-02,-1.934811472892761230e-02,-1.142885237932205200e-01,-4.800079390406608582e-02,6.751002371311187744e-02,1.009923517704010010e-01,7.160667330026626587e-03,-3.724307939410209656e-02,1.038525328040122986e-01,6.598629057407379150e-02,5.882703140377998352e-02,-2.460915781557559967e-02,-1.400781446136534214e-03,2.726670913398265839e-02,1.196126863360404968e-01,7.984703779220581055e-02,-1.913201510906219482e-01,-6.396330893039703369e-02,-5.763461440801620483e-02,-1.642650663852691650e-01,-1.846812069416046143e-01,-1.742560565471649170e-01,-8.429554849863052368e-02,-1.350816488265991211e-01,-7.550592720508575439e-02,-1.429299563169479370e-01,-1.164566166698932648e-02,-3.269695043563842773e-01,-1.782394759356975555e-02,-1.822002083063125610e-01,-1.240874752402305603e-01,-4.768769815564155579e-02,-1.142163202166557312e-01,-2.921534515917301178e-02,1.207761764526367188e-01,5.625709518790245056e-02,-1.234816163778305054e-01,5.156571418046951294e-02,1.161619573831558228e-01,1.043393909931182861e-01,-7.828313112258911133e-02,-7.745686918497085571e-02,-1.778241097927093506e-01,8.014642447233200073e-02,2.170186638832092285e-01,6.983996927738189697e-02,-1.027399790473282337e-03,-4.876121133565902710e-02,3.126742318272590637e-02,-1.766379177570343018e-02,-5.155921354889869690e-02,-8.733006566762924194e-02,4.479441791772842407e-02,2.643544413149356842e-02,3.004449792206287384e-02,-3.138405270874500275e-03,-5.733320116996765137e-02,1.600362956523895264e-01,2.558865249156951904e-01,-1.457261741161346436e-01,1.391919702291488647e-01,6.993573904037475586e-02,-2.802956663072109222e-02,-7.408314943313598633e-02,8.898361027240753174e-02,-1.094973236322402954e-01,-3.579456126317381859e-03,-1.736460775136947632e-01,-8.944971859455108643e-02,-6.651762127876281738e-02,3.050046041607856750e-02,-6.304011493921279907e-02,5.247857794165611267e-02,5.775723978877067566e-02,-3.218420967459678650e-02,-4.719723016023635864e-02,8.478373289108276367e-02,-4.114568699151277542e-03,-9.425533004105091095e-03,-9.507818520069122314e-02,-2.263167500495910645e-02,-2.417142316699028015e-02,-5.083651095628738403e-02,-1.688354462385177612e-02,8.072147518396377563e-02,-7.250476628541946411e-02,4.085133597254753113e-02,2.392135187983512878e-02,9.545110911130905151e-02,-8.751524239778518677e-02
3.594858050346374512e-01,2.296568155288696289e-01,2.339868694543838501e-01,5.628871917724609375e-02,-1.003243122249841690e-02,8.457736670970916748e-02,2.582814693450927734e-01,4.349328577518463135e-02,-5.081759020686149597e-02,-5.922462325543165207e-03,0.000000000000000000e+00,3.944950699806213379e-01,5.064257979393005371e-01,3.657923042774200439e-01,7.503901422023773193e-02,-2.488714084029197693e-02,1.394155770540237427e-01,1.352993100881576538e-01,1.934078931808471680e-01,1.060209572315216064e-01,-5.946907401084899902e-02,4.975872114300727844e-02,1.848651021718978882e-01,1.187646314501762390e-01,-1.523393988609313965e-01,-2.234771251678466797e-01,-1.389298141002655029e-01,5.327016115188598633e-02,-2.078957296907901764e-02,-1.992561072111129761e-01,2.306873649358749390e-01,8.577295392751693726e-02,1.835026592016220093e-01,1.489374488592147827e-01,1.434358656406402588e-01,2.085673511028289795e-01,-5.029846727848052979e-02,-2.957622334361076355e-02,-2.130328565835952759e-01,-2.146571874618530273e-01,9.325996041297912598e-02,1.086504235863685608e-01,8.793383091688156128e-02,-1.929751038551330566e-01,-1.642400622367858887e-01,-1.601652940735220909e-03,-9.616933763027191162e-02,4.951731488108634949e-02,-1.197036430239677429e-01,-3.388632461428642273e-02,-7.897268235683441162e-02,-1.024836227297782898e-01,-5.767891183495521545e-02,-6.726342439651489258e-02,-1.572767049074172974e-01,-1.938167661428451538e-01,1.882320493459701538e-01,1.752311736345291138e-01,1.229345500469207764e-01,-1.305242255330085754e-02,2.911459505558013916e-01,2.547227777540683746e-02,2.154887765645980835e-01,3.226289153099060059e-01,3.046838939189910889e-01,1.552725397050380707e-02,1.226260587573051453e-01,1.579459160566329956e-01,7.712406665086746216e-02,2.304839640855789185e-01,2.116724252700805664e-01,5.286890640854835510e-02,-2.709282748401165009e-02,-2.242587506771087646e-02,6.360062211751937866e-02,-4.119168221950531006e-02,-6.831840425729751587e-02,8.834784850478172302e-03,-8.695547282695770264e-02,4.659835249185562134e-02,-1.724850684404373169e-01,-1.563589274883270264e-01,-2.065090686082839966e-01,-2.318050861358642578e-01,8.581866510212421417e-03,-2.193224281072616577e-01,8.885497227311134338e-03,2.131745219230651855e-02,-5.722659826278686523e-02,-1.522344537079334259e-02,-2.830425500869750977e-01,-8.930959552526473999e-02,-2.426501214504241943e-01,-1.497979462146759033e-01,6.718891672790050507e-03,3.712617978453636169e-02,1.403748691082000732e-01,8.176946640014648438e-02,-1.431711465120315552e-01,-8.297309279441833496e-02,-2.586605548858642578e-01,-2.248275876045227051e-01,-4.559594392776489258e-02,-3.017295897006988525e-01,-5.218166112899780273e-02,-1.770855188369750977e-01,-6.123990938067436218e-02,-3.400519862771034241e-02,1.735623478889465332e-01,1.718355864286422729e-01,1.869710981845855713e-01,-1.399362087249755859e-01,-1.497830897569656372e-01,-2.074342453852295876e-03,-2.470079362392425537e-01,-4.490717127919197083e-02
3.498291671276092529e-01,2.230921238660812378e-01,3.579497709870338440e-02,5.495760589838027954e-02,2.651287801563739777e-02,6.130095198750495911e-02,3.112935274839401245e-02,1.077577397227287292e-01,-6.447036564350128174e-02,8.041066117584705353e-03,3.944950699806213379e-01,0.000000000000000000e+00,2.552620470523834229e-01,3.878970444202423096e-01,-2.667456679046154022e-02,-6.448308378458023071e-02,1.513514965772628784e-01,1.356832832098007202e-01,-2.548209764063358307e-02,4.530046507716178894e-02,5.881497263908386230e-02,1.189307868480682373e-01,-1.257893741130828857e-01,-9.343624860048294067e-02,-1.286672651767730713e-01,-2.249456495046615601e-01,-3.617534786462783813e-02,-5.631189420819282532e-02,-3.072124905884265900e-02,-1.366686671972274780e-01,1.076301112771034241e-01,-1.553408522158861160e-02,1.045020148158073425e-01,3.974854946136474609e-02,1.052900683134794235e-02,2.957229018211364746e-01,-7.745659351348876953e-02,-1.627822220325469971e-02,-1.639813482761383057e-01,-5.879963934421539307e-02,4.457707982510328293e-03,1.633513867855072021e-01,1.710491031408309937e-01,-1.706784516572952271e-01,-1.681935340166091919e-01,1.422981619834899902e-01,1.065357029438018799e-02,4.508106783032417297e-02,3.875377774238586426e-02,2.338832616806030273e-01,1.067528277635574341e-01,1.933754384517669678e-01,5.150500312447547913e-02,-9.494823962450027466e-02,-2.532856166362762451e-02,-9.717433154582977295e-02,9.901422262191772461e-02,2.760133147239685059e-01,3.221142590045928955e-01,3.364348709583282471e-01,3.374792039394378662e-01,2.644160687923431396e-01,2.117966711521148682e-01,5.268213152885437012e-01,-1.151317451149225235e-02,-3.978565335273742676e-03,5.263121053576469421e-02,3.649502098560333252e-01,5.194921791553497314e-02,2.201927304267883301e-01,4.967080056667327881e-02,-7.266407459974288940e-02,-1.428666412830352783e-01,-6.633701175451278687e-02,6.151368468999862671e-02,-8.375247567892074585e-02,-2.295744866132736206e-01,-9.399928152561187744e-02,-1.765488460659980774e-02,-2.035254240036010742e-02,-2.156080752611160278e-01,-2.349361479282379150e-01,-3.273951709270477295e-01,-2.486175298690795898e-01,-2.004822343587875366e-01,-9.319959580898284912e-02,-1.775087267160415649e-01,3.915880247950553894e-02,6.328149139881134033e-02,1.213353797793388367e-01,-2.321292459964752197e-01,-2.906199395656585693e-01,-1.562783122062683105e-01,-2.223405092954635620e-01,2.016562223434448242e-02,2.944400161504745483e-02,4.076958075165748596e-02,1.095465868711471558e-01,-8.362967520952224731e-02,-1.020879223942756653e-01,-1.475797891616821289e-01,-1.924327015876770020e-01,2.166016213595867157e-02,-1.854048967361450195e-01,7.001132518053054810e-02,-1.228295117616653442e-01,-1.337282359600067139e-01,1.150267869234085083e-01,2.522436678409576416e-01,1.101645752787590027e-01,2.152593284845352173e-01,-1.339224874973297119e-01,-1.004094853997230530e-01,3.151143714785575867e-02,-9.531914442777633667e-02,-6.548663228750228882e-02
2.198642939329147339e-01,8.100733906030654907e-02,2.854505777359008789e-01,9.786798059940338135e-02,-5.248448625206947327e-02,7.692125439643859863e-02,2.788573503494262695e-01,3.753915056586265564e-02,6.711004674434661865e-02,1.731948703527450562e-01,5.064257979393005371e-01,2.552620470523834229e-01,0.000000000000000000e+00,4.337739348411560059e-01,3.753655850887298584e-01,1.279562711715698242e-01,-5.008128657937049866e-02,-1.081906184554100037e-01,-2.341439947485923767e-02,-7.801367435604333878e-03,6.023226305842399597e-02,-4.029770940542221069e-02,2.687290310859680176e-01,2.391481548547744751e-01,-1.756721585988998413e-01,-1.287604272365570068e-01,-6.589932367205619812e-03,7.902099192142486572e-02,-1.916339844465255737e-01,-2.915503978729248047e-01,2.416641563177108765e-01,2.434976249933242798e-01,1.764815747737884521e-01,1.493470519781112671e-01,1.651038229465484619e-01,1.440544575452804565e-01,4.892965033650398254e-02,-5.498092994093894958e-02,-2.163574844598770142e-01,-2.255309075117111206e-01,1.259518563747406006e-01,1.353236138820648193e-01,-7.184351980686187744e-02,-1.576265990734100342e-01,-7.413469254970550537e-02,-8.905881643295288086e-02,-1.240776404738426208e-01,-1.047418937087059021e-01,-1.927961409091949463e-01,-7.716792076826095581e-02,-7.262882590293884277e-02,-9.903319180011749268e-02,1.495526917278766632e-02,-8.992443233728408813e-02,-2.157787978649139404e-01,-8.784437179565429688e-02,4.231213405728340149e-02,6.968262046575546265e-02,2.725481986999511719e-02,-7.526390999555587769e-02,2.986854314804077148e-01,7.250386476516723633e-02,-2.699737437069416046e-02,1.737495958805084229e-01,3.821455836296081543e-01,1.267852485179901123e-01,9.731490164995193481e-02,6.322070211172103882e-02,1.102697849273681641e-01,2.243444174528121948e-01,1.285728961229324341e-01,1.837116852402687073e-02,-8.801592141389846802e-02,-6.402380019426345825e-02,3.362680226564407349e-02,5.419325083494186401e-02,-6.421721726655960083e-02,2.919201552867889404e-02,-1.513847559690475464e-01,-8.380478620529174805e-02,-1.979013830423355103e-01,-8.123654127120971680e-02,-1.491998285055160522e-01,-6.191202439367771149e-03,2.474917471408843994e-01,-1.727855056524276733e-01,1.007676199078559875e-01,1.040327772498130798e-01,4.556709900498390198e-02,-2.388461865484714508e-02,-1.713872849941253662e-01,-1.721410080790519714e-02,-1.255658417940139771e-01,-4.217608645558357239e-02,-2.957833744585514069e-02,-1.685603857040405273e-01,-3.957759588956832886e-03,2.948060818016529083e-02,-2.722323834896087646e-01,-7.222402840852737427e-02,-1.953567117452621460e-01,-1.168095991015434265e-01,-9.728069603443145752e-02,-2.752012610435485840e-01,5.522106960415840149e-02,-2.215735465288162231e-01,-1.837969571352005005e-01,3.079446032643318176e-02,9.341495484113693237e-02,8.584970235824584961e-02,1.675516813993453979e-01,-3.169346451759338379e-01,-1.227132976055145264e-01,-1.915822550654411316e-02,-2.452337592840194702e-01,-6.405197829008102417e-02
