0.000000000000000000e+00,4.698403179645538330e-01,8.018668740987777710e-02,1.088958606123924255e-01,-1.979606300592422485e-01,-1.041980274021625519e-02,1.170962676405906677e-01,1.076068207621574402e-01,-8.172999322414398193e-02,-1.428997963666915894e-01,2.659215629100799561e-01,1.887031495571136475e-01,5.134480074048042297e-02,-8.987938985228538513e-03,-7.348630577325820923e-02,-1.979153305292129517e-01,-1.648292541503906250e-01,4.667686298489570618e-02,2.913553118705749512e-01,3.652605712413787842e-01,9.952431172132492065e-02,2.046685293316841125e-02,-4.521506372839212418e-03,-1.598131842911243439e-02,-1.472541093826293945e-01,1.407251507043838501e-01,-1.355074495077133179e-01,-4.649512097239494324e-02,-1.035438627004623413e-01,-5.630207806825637817e-02,4.812397435307502747e-02,7.138220965862274170e-02,1.326520740985870361e-01,6.918412446975708008e-02,-5.952441599220037460e-03,-5.463107302784919739e-02,1.191779598593711853e-02,-1.963135153055191040e-01,-1.132833361625671387e-01,1.040407791733741760e-01,-6.821615248918533325e-02,-4.894271492958068848e-02,4.578141495585441589e-02,7.435722742229700089e-03,8.302503079175949097e-02,5.387724936008453369e-02,6.608328968286514282e-02,7.460992783308029175e-02,-2.488009259104728699e-02,5.830731987953186035e-02,-1.113183051347732544e-02,4.870366677641868591e-02,-1.342102736234664917e-01,-2.017382830381393433e-01,-4.871184378862380981e-02,-6.657768785953521729e-02,3.866262435913085938e-01,3.397688865661621094e-01,2.547126412391662598e-01,2.468709051609039307e-01,8.417122066020965576e-02,4.159186407923698425e-02,1.393971592187881470e-01,1.422484219074249268e-01,-2.604755759239196777e-01,-1.333155333995819092e-01,-4.848195984959602356e-02,1.410943455994129181e-02,4.785447120666503906e-01,3.862386345863342285e-01,3.224373236298561096e-02,-5.581714678555727005e-03,7.856594026088714600e-02,6.496185064315795898e-02,9.700033068656921387e-02,1.397986561059951782e-01,1.997276693582534790e-01,1.880322396755218506e-01,-1.881793588399887085e-01,-7.531910086981952190e-04,-7.793315500020980835e-02,-1.109769791364669800e-01,-5.524390190839767456e-02,-1.947690695524215698e-01,-2.318408042192459106e-01,-2.618460655212402344e-01,-3.721571294590830803e-03,-8.905832469463348389e-02,-1.718741655349731445e-01,-2.436185926198959351e-01,-1.276648193597793579e-01,-2.756994664669036865e-01,-2.828124910593032837e-03,-1.284096986055374146e-01,2.044738456606864929e-02,-1.328703314065933228e-01,1.284285187721252441e-01,6.554771214723587036e-02,1.112816706299781799e-01,1.489963382482528687e-01,1.362679600715637207e-01,1.675557941198348999e-01,1.280418187379837036e-01,8.026587218046188354e-02,-1.056151241064071655e-01,-8.290008455514907837e-02,4.811162129044532776e-02,-1.921644620597362518e-02,-8.229466527700424194e-02,-4.757841676473617554e-02,-8.002918213605880737e-02,-1.266510486602783203e-01,5.164036899805068970e-02,-3.987630456686019897e-02,-1.725337356328964233e-01,-1.298607978969812393e-02
4.698403179645538330e-01,0.000000000000000000e+00,-8.963410556316375732e-02,-4.125018045306205750e-02,1.517871301621198654e-02,1.313028037548065186e-01,-2.665498554706573486e-01,-9.009960293769836426e-02,-2.177377641201019287e-01,-2.808937430381774902e-01,1.788267046213150024e-01,1.498202532529830933e-01,-2.789063453674316406e-01,-5.291245132684707642e-02,-1.184112727642059326e-01,-1.840800344944000244e-01,1.118924170732498169e-01,2.745705842971801758e-01,7.343067973852157593e-02,5.141635537147521973e-01,1.235938221216201782e-01,3.363127261400222778e-02,-2.188577130436897278e-02,-3.137660771608352661e-02,-5.108759924769401550e-02,2.156094610691070557e-01,-5.254684388637542725e-02,8.498303592205047607e-02,2.275435999035835266e-02,1.114915087819099426e-01,2.130718231201171875e-01,8.382271975278854370e-02,1.356905698776245117e-01,1.742250919342041016e-01,-1.684126853942871094e-01,-9.295773506164550781e-02,-1.742339581251144409e-01,-2.155729532241821289e-01,-9.872289746999740601e-02,4.733040183782577515e-02,-1.007179990410804749e-01,8.111343532800674438e-02,1.229805499315261841e-01,7.278318516910076141e-03,1.805339753627777100e-01,1.423445343971252441e-01,6.482512503862380981e-02,8.808363229036331177e-02,-5.930691212415695190e-02,-4.604330658912658691e-02,4.128971695899963379e-02,5.506506189703941345e-02,-5.159969627857208252e-02,-1.771205812692642212e-01,2.511133067309856415e-02,6.489013880491256714e-02,5.908928513526916504e-01,6.799345612525939941e-01,1.782390326261520386e-01,1.084104850888252258e-01,-5.905924830585718155e-03,9.897225350141525269e-02,2.351047843694686890e-01,4.446139931678771973e-01,-3.905891478061676025e-01,-3.936955630779266357e-01,-1.063065677881240845e-01,-1.210284158587455750e-01,4.877240359783172607e-01,5.087443590164184570e-01,-2.006468828767538071e-03,-5.286323837935924530e-03,5.776185542345046997e-02,2.042191475629806519e-01,2.212049663066864014e-01,2.000344544649124146e-01,2.481438368558883667e-01,2.099245190620422363e-01,-1.673783510923385620e-01,1.239425912499427795e-01,5.461346358060836792e-02,6.726275384426116943e-02,-1.140265632420778275e-02,-1.434467136859893799e-01,-4.587179422378540039e-01,-4.228718280792236328e-01,-3.356560692191123962e-02,5.557305365800857544e-02,-3.483049869537353516e-01,-3.412125110626220703e-01,-2.915499210357666016e-01,-3.201082348823547363e-01,4.831271618604660034e-02,-1.513258516788482666e-01,-7.236271351575851440e-02,-2.043893374502658844e-02,1.732300370931625366e-01,1.453945636749267578e-01,2.199112325906753540e-01,8.891539275646209717e-02,2.159952819347381592e-01,2.145090997219085693e-01,1.519003212451934814e-01,9.421467781066894531e-02,2.487121708691120148e-02,9.026632644236087799e-03,1.936948485672473907e-02,4.954233765602111816e-02,9.378392249345779419e-03,-1.964036375284194946e-02,-4.650129750370979309e-02,-1.055991463363170624e-02,-1.222478598356246948e-02,-1.922748982906341553e-01,2.475894428789615631e-02,1.998427957296371460e-01
8.018668740987777710e-02,-8.963410556316375732e-02,0.000000000000000000e+00,5.059343576431274414e-01,4.832894727587699890e-02,-2.115273624658584595e-01,5.111961364746093750e-01,9.488929063081741333e-02,6.672535091638565063e-02,1.217442527413368225e-01,3.755119815468788147e-02,-3.010425716638565063e-03,4.374988079071044922e-01,9.487362205982208252e-02,1.183103621006011963e-01,7.629258930683135986e-02,-1.955875009298324585e-01,-1.163089573383331299e-01,4.390387237071990967e-01,1.594734042882919312e-01,-1.110535766929388046e-02,3.492979332804679871e-02,6.422498226165771484e-01,5.717850923538208008e-01,2.537253201007843018e-01,1.453208476305007935e-01,8.603624999523162842e-02,-7.507314532995223999e-02,-8.387379348278045654e-02,-7.123976945877075195e-02,8.378004282712936401e-02,3.007803559303283691e-01,6.904948502779006958e-02,2.784469351172447205e-02,5.420715212821960449e-01,3.676587641239166260e-01,-1.160632744431495667e-01,-1.851558238267898560e-01,-2.747297286987304688e-01,-3.262903094291687012e-01,8.354408666491508484e-03,-2.514748573303222656e-01,-2.226879149675369263e-01,-1.356414407491683960e-01,-2.249512970447540283e-01,-3.714113533496856689e-01,-2.322326898574829102e-01,-2.480605244636535645e-01,-2.802264690399169922e-01,-2.835444509983062744e-01,-2.722003757953643799e-01,-3.260761797428131104e-01,-2.089132815599441528e-01,-1.720119416713714600e-01,-3.511332571506500244e-01,-3.743454515933990479e-01,-1.512807756662368774e-01,-1.664299964904785156e-01,-2.037622779607772827e-01,-2.746014297008514404e-01,-1.499742567539215088e-01,-1.572577953338623047e-01,-2.725450694561004639e-01,-3.345400393009185791e-01,3.610580861568450928e-01,2.328093647956848145e-01,4.499887824058532715e-01,2.184245884418487549e-01,2.364283204078674316e-01,1.053594127297401428e-01,1.479931324720382690e-01,2.394812852144241333e-01,2.172659933567047119e-01,-1.526588201522827148e-02,1.563989557325839996e-03,-1.006113067269325256e-01,2.107412926852703094e-02,6.090617924928665161e-02,6.572154909372329712e-02,-1.221674904227256775e-01,-2.893230617046356201e-01,-2.750634849071502686e-01,-2.309865504503250122e-01,-2.939044237136840820e-01,1.239848658442497253e-01,6.703245639801025391e-02,-1.277765929698944092e-01,8.784161508083343506e-02,-2.839665394276380539e-03,-3.762927139177918434e-03,-1.117067560553550720e-01,2.659387886524200439e-01,-1.185410767793655396e-01,2.818839251995086670e-01,-1.518121212720870972e-01,-1.287026107311248779e-01,-8.693858981132507324e-02,-1.266484558582305908e-01,-3.908676505088806152e-01,-3.315781652927398682e-01,-2.592762112617492676e-01,2.310346066951751709e-02,-2.848594188690185547e-01,-1.980899870395660400e-01,-1.154551208019256592e-01,-1.856957525014877319e-01,5.949741229414939880e-02,-5.679276213049888611e-02,1.660232432186603546e-02,1.732843369245529175e-01,1.192583516240119934e-01,4.810917377471923828e-02,-2.410192228853702545e-02,1.805043071508407593e-01,1.016524527221918106e-02,-1.368468999862670898e-01
1.088958606123924255e-01,-4.125018045306205750e-02,5.059343576431274414e-01,0.000000000000000000e+00,-2.153638601303100586e-01,-3.744562715291976929e-02,4.989606440067291260e-01,4.960950613021850586e-01,2.041877806186676025e-01,1.846759021282196045e-01,-9.474030137062072754e-02,9.261193871498107910e-02,2.776598930358886719e-01,2.603589892387390137e-01,3.116883337497711182e-02,5.124073475599288940e-02,-2.905389666557312012e-01,-2.451291382312774658e-01,4.320215582847595215e-01,3.750296831130981445e-01,-1.074908897280693054e-01,-7.795489579439163208e-02,2.590172588825225830e-01,3.326638042926788330e-01,-1.065373048186302185e-01,-6.455026566982269287e-02,-1.582046300172805786e-01,-1.770118027925491333e-01,-2.841296195983886719e-01,-1.674445718526840210e-01,-2.288115918636322021e-01,6.964804232120513916e-02,8.539861440658569336e-02,4.399380460381507874e-02,3.456208705902099609e-01,3.675872683525085449e-01,-2.785748243331909180e-01,-3.549222350120544434e-01,-2.504987120628356934e-01,-1.839527934789657593e-01,-9.861984103918075562e-02,-1.896173357963562012e-01,-1.666464060544967651e-01,-1.611876487731933594e-01,-1.776635348796844482e-01,-1.877265423536300659e-01,-2.087878733873367310e-01,-1.817964613437652588e-01,-4.749057814478874207e-02,-4.261143505573272705e-02,-2.356438152492046356e-02,-1.307483017444610596e-01,6.178466975688934326e-02,-8.733248710632324219e-02,-2.549594044685363770e-01,-2.116851806640625000e-01,-1.908480972051620483e-01,-1.972256302833557129e-01,7.417046278715133667e-02,1.249979957938194275e-01,1.515094540081918240e-03,1.562312841415405273e-01,-1.792686879634857178e-01,-2.716753482818603516e-01,1.928119808435440063e-01,2.114152610301971436e-01,2.004338800907135010e-01,1.908333897590637207e-01,3.290477097034454346e-01,1.817138046026229858e-01,-1.085857599973678589e-01,-5.764846224337816238e-03,2.397349290549755096e-02,6.594227254390716553e-02,-5.853564664721488953e-02,-5.658945068717002869e-02,-1.652631349861621857e-02,-2.057257108390331268e-02,-9.161800891160964966e-02,-7.890940457582473755e-02,-2.778629362583160400e-01,-2.376398146152496338e-01,-1.255625039339065552e-01,-2.935396730899810791e-01,1.010374203324317932e-01,1.626203358173370361e-01,-1.485899239778518677e-01,-1.268031150102615356e-01,7.465586811304092407e-02,1.180160492658615112e-01,1.118453815579414368e-01,2.821476459503173828e-01,8.091646432876586914e-02,1.656486243009567261e-01,-2.217990458011627197e-01,-1.325832754373550415e-01,-2.210881114006042480e-01,-2.244230657815933228e-01,-2.966859638690948486e-01,-3.665165007114410400e-01,-1.920989751815795898e-01,-1.061804294586181641e-01,-2.559180259704589844e-01,-2.183866053819656372e-01,-1.090108826756477356e-01,-1.596038341522216797e-01,7.774015516042709351e-02,-1.082453802227973938e-01,-3.231769055128097534e-02,-2.505953609943389893e-02,6.365362554788589478e-02,-9.457267075777053833e-02,2.205932140350341797e-02,5.157951638102531433e-02,6.506615877151489258e-02,-4.521996527910232544e-02
-1.979606300592422485e-01,1.517871301621198654e-02,4.832894727587699890e-02,-2.153638601303100586e-01,0.000000000000000000e+00,3.459188044071197510e-01,-9.668681025505065918e-02,-2.514380812644958496e-01,9.065373241901397705e-02,1.353690177202224731e-01,-4.943469166755676270e-02,-7.865273207426071167e-02,-3.483840078115463257e-02,-9.220765531063079834e-02,2.262783199548721313e-01,2.178029119968414307e-01,2.515991330146789551e-01,1.753585189580917358e-01,-1.592765152454376221e-01,-8.342299610376358032e-02,1.768007501959800720e-02,-1.191224716603755951e-02,1.191970184445381165e-01,-4.258468747138977051e-02,2.875572144985198975e-01,1.078250929713249207e-01,3.746614158153533936e-01,2.710238695144653320e-01,9.980375319719314575e-02,2.012450397014617920e-01,2.324692010879516602e-01,1.421270221471786499e-01,-2.463184297084808350e-03,1.059348955750465393e-01,1.698730484349653125e-04,-5.622787773609161377e-02,4.573141224682331085e-03,6.325987726449966431e-02,2.563490718603134155e-02,-1.113366782665252686e-01,-2.563291788101196289e-01,6.292613595724105835e-02,-2.193851023912429810e-01,-1.901942938566207886e-01,-1.487574428319931030e-01,-1.035885512828826904e-01,-1.708908826112747192e-01,-7.427208125591278076e-02,-2.432684153318405151e-01,-2.531375885009765625e-01,-1.971504241228103638e-01,-1.494498699903488159e-01,-1.824497878551483154e-01,1.982757076621055603e-02,-9.889397770166397095e-04,-1.578144580125808716e-01,2.644929103553295135e-03,1.008576452732086182e-01,-3.572448492050170898e-01,-3.057187199592590332e-01,-1.549665033817291260e-01,1.867987588047981262e-02,-5.791261419653892517e-02,6.858927756547927856e-02,5.385827273130416870e-02,-1.692444533109664917e-01,-7.874942570924758911e-02,-1.304317861795425415e-01,-1.641450822353363037e-01,-7.212084531784057617e-02,2.627623677253723145e-01,1.687371432781219482e-01,-3.440405055880546570e-02,5.041282996535301208e-02,6.512848287820816040e-02,-1.150034964084625244e-01,-5.434121936559677124e-02,-3.894956037402153015e-02,1.755888611078262329e-01,7.077405601739883423e-02,2.385121732950210571e-01,2.455690503120422363e-01,9.594513475894927979e-02,4.151117429137229919e-02,3.339017182588577271e-02,-1.937509165145456791e-03,5.673661082983016968e-02,1.549862623214721680e-01,-1.875545084476470947e-02,-1.779312267899513245e-02,-1.845322400331497192e-01,-6.242040544748306274e-02,-1.341408193111419678e-01,-8.577677421271800995e-03,2.237830460071563721e-01,2.635620534420013428e-01,2.427295222878456116e-02,-3.740315511822700500e-02,3.143980354070663452e-02,2.581709623336791992e-02,-5.995330587029457092e-02,9.697493910789489746e-02,-1.930913887917995453e-03,1.015802938491106033e-02,4.560381174087524414e-02,2.280642837285995483e-02,-9.055619686841964722e-02,-5.446659270091913640e-05,9.931012243032455444e-02,1.894559413194656372e-01,1.018215715885162354e-01,3.416437655687332153e-02,-1.008777916431427002e-01,-2.579904533922672272e-02,2.623929828405380249e-02,1.301834285259246826e-01
-1.041980274021625519e-02,1.313028037548065186e-01,-2.115273624658584595e-01,-3.744562715291976929e-02,3.459188044071197510e-01,0.000000000000000000e+00,-3.939219564199447632e-02,1.485763937234878540e-01,3.845799267292022705e-01,3.722089827060699463e-01,-6.586606800556182861e-02,9.531451016664505005e-02,-1.058999076485633850e-01,1.943016946315765381e-01,1.665304303169250488e-01,2.948864996433258057e-01,-6.404295563697814941e-02,-5.091350898146629333e-02,-1.033366322517395020e-01,1.591381877660751343e-01,3.443551436066627502e-02,-2.920055389404296875e-02,-2.037954628467559814e-01,-2.336191236972808838e-01,-9.240077435970306396e-02,1.625214703381061554e-02,8.615215122699737549e-02,2.121141254901885986e-01,-1.741677522659301758e-01,4.432106390595436096e-03,4.054071754217147827e-02,-9.130736812949180603e-03,1.292757987976074219e-01,1.725341826677322388e-01,-1.674976199865341187e-01,-6.981703639030456543e-02,-1.429455131292343140e-01,-1.661283522844314575e-01,8.591493219137191772e-02,1.785484403371810913e-01,-1.241904795169830322e-01,1.582822054624557495e-01,-1.763035058975219727e-01,-2.740662395954132080e-01,-1.276546120643615723e-01,3.109578229486942291e-02,-1.830680370330810547e-01,-4.050093516707420349e-02,-1.383651793003082275e-01,-5.546434596180915833e-02,-7.668287307024002075e-02,-2.475343458354473114e-02,-2.259859815239906311e-02,-2.130426838994026184e-02,-3.087437897920608521e-02,-6.229914724826812744e-03,5.606270208954811096e-02,9.416586905717849731e-02,-1.499998266808688641e-03,1.726603657007217407e-01,-4.321122169494628906e-02,3.652427792549133301e-01,-7.416030019521713257e-02,1.206387430429458618e-01,-2.503504157066345215e-01,-2.274341136217117310e-01,-2.851866781711578369e-01,-1.790582388639450073e-01,2.118369564414024353e-03,-1.597491279244422913e-02,1.140616089105606079e-01,1.027488708496093750e-02,-5.904800817370414734e-02,1.721776425838470459e-01,3.772397339344024658e-02,-1.880108495242893696e-03,8.352675475180149078e-03,-3.756711259484291077e-02,-5.083641037344932556e-02,1.672547757625579834e-01,1.862987279891967773e-01,1.822206377983093262e-01,2.095950096845626831e-01,9.986992925405502319e-02,-2.220372669398784637e-02,-9.554835036396980286e-03,1.955764740705490112e-01,2.363243373110890388e-03,-1.062069553881883621e-02,9.067875333130359650e-03,-4.534536227583885193e-02,1.764492318034172058e-02,7.176925987005233765e-02,-6.643310189247131348e-02,3.010889329016208649e-02,8.333857357501983643e-02,-6.492884829640388489e-03,3.304659947752952576e-02,1.868689619004726410e-02,-1.038527395576238632e-02,-3.505683504045009613e-03,3.008448751643300056e-03,-9.396255761384963989e-02,-9.732776135206222534e-02,-5.703602731227874756e-02,-4.274467006325721741e-02,-7.143811136484146118e-02,9.366507083177566528e-02,-4.659538343548774719e-02,-3.157766535878181458e-02,-2.466979809105396271e-02,-1.647166609764099121e-01,-1.856542974710464478e-01,-2.232260257005691528e-01,1.067151352763175964e-01,3.451324105262756348e-01
1.170962676405906677e-01,-2.665498554706573486e-01,5.111961364746093750e-01,4.989606440067291260e-01,-9.668681025505065918e-02,-3.939219564199447632e-02,0.000000000000000000e+00,5.018537640571594238e-01,2.883892953395843506e-01,3.465011119842529297e-01,1.423184573650360107e-01,1.680688410997390747e-01,6.166784167289733887e-01,2.426981478929519653e-01,1.516354084014892578e-01,1.350217610597610474e-01,-3.913725018501281738e-01,-3.594252765178680420e-01,5.089639425277709961e-01,1.108982339501380920e-01,-3.050759248435497284e-02,2.106124907732009888e-02,1.714141219854354858e-01,1.039719283580780029e-01,-1.654064953327178955e-01,-2.146528512239456177e-01,-9.076302498579025269e-02,-1.801050305366516113e-01,-2.205158174037933350e-01,-1.918758600950241089e-01,-2.099982798099517822e-01,6.137190014123916626e-02,-2.365743555128574371e-02,-7.004081457853317261e-02,3.078035116195678711e-01,1.454300731420516968e-01,6.089276075363159180e-02,-1.481787115335464478e-01,-2.452507615089416504e-02,-2.188516035676002502e-02,-3.071468137204647064e-02,-2.283568531274795532e-01,-3.399920463562011719e-01,-1.271980404853820801e-01,-3.354732990264892578e-01,-3.458774387836456299e-01,-2.740046381950378418e-01,-2.886200547218322754e-01,-1.631155461072921753e-01,-1.488402187824249268e-01,-2.395433038473129272e-01,-3.049953579902648926e-01,-1.041743755340576172e-01,-1.378593593835830688e-01,-2.984082400798797607e-01,-4.193220138549804688e-01,-3.761468231678009033e-01,-3.672738969326019287e-01,-3.575976192951202393e-02,9.098652750253677368e-02,9.858908504247665405e-02,6.623949855566024780e-02,-3.181684911251068115e-01,-4.845882654190063477e-01,2.303313761949539185e-01,1.822387725114822388e-01,8.967564254999160767e-02,3.394301980733871460e-02,2.271696552634239197e-02,-1.335536092519760132e-01,1.190361902117729187e-01,1.619776189327239990e-01,1.104737743735313416e-01,5.552251264452934265e-02,-8.248622529208660126e-03,-9.878645092248916626e-02,-6.580566614866256714e-02,-6.701333820819854736e-02,6.959880888462066650e-02,-1.665670722723007202e-01,-1.957803368568420410e-01,-2.812823355197906494e-01,2.384778298437595367e-02,-1.803122609853744507e-01,2.559553682804107666e-01,1.291500926017761230e-01,-5.412615463137626648e-02,-1.393129229545593262e-01,2.399192750453948975e-01,1.850957125425338745e-01,1.107384040951728821e-01,2.407015264034271240e-01,-8.655846863985061646e-02,2.199203521013259888e-01,-1.223773509263992310e-01,-2.136584669351577759e-01,-1.861435323953628540e-01,-2.218121141195297241e-01,-3.375113904476165771e-01,-2.007962018251419067e-01,-2.515894174575805664e-01,-7.610355503857135773e-03,-2.895207703113555908e-01,-2.330589592456817627e-01,-1.780619770288467407e-01,-2.090210020542144775e-01,1.135075092315673828e-01,-1.701722145080566406e-01,-8.597164601087570190e-02,-1.428557932376861572e-01,-9.904774278402328491e-02,-2.253244817256927490e-01,5.745902657508850098e-03,8.706172555685043335e-02,-7.940166443586349487e-02,-2.330495864152908325e-01
1.076068207621574402e-01,-9.009960293769836426e-02,9.488929063081741333e-02,4.960950613021850586e-01,-2.514380812644958496e-01,1.485763937234878540e-01,5.018537640571594238e-01,0.000000000000000000e+00,2.532171905040740967e-01,2.267174720764160156e-01,3.367609530687332153e-02,3.002768754959106445e-01,3.122821152210235596e-01,4.477828145027160645e-01,7.079367525875568390e-03,1.166514214128255844e-02,-3.591464757919311523e-01,-3.012253046035766602e-01,3.083795309066772461e-01,3.368290066719055176e-01,-1.753770858049392700e-01,-1.332241743803024292e-01,-2.053355425596237183e-01,-1.867770403623580933e-01,-4.762485325336456299e-01,-3.550903201103210449e-01,-4.046300351619720459e-01,-3.123740255832672119e-01,-3.202779889106750488e-01,-2.222342044115066528e-01,-2.925041913986206055e-01,-4.864187538623809814e-02,1.134627833962440491e-01,1.208435595035552979e-01,-6.974477320909500122e-02,-4.711326211690902710e-02,-8.363898843526840210e-02,-2.101826816797256470e-01,-3.846247866749763489e-02,6.247482821345329285e-02,-1.654525250196456909e-01,-1.458510905504226685e-01,-1.528386771678924561e-01,-2.884023264050483704e-02,-9.259642660617828369e-02,5.748647451400756836e-02,-1.333073079586029053e-01,-1.667083054780960083e-01,1.687794178724288940e-01,2.238104790449142456e-01,2.143974006175994873e-01,4.035132937133312225e-03,2.861002087593078613e-01,-8.897325024008750916e-03,-1.460216343402862549e-01,-1.736160218715667725e-01,-3.181673586368560791e-01,-2.849729657173156738e-01,1.810407191514968872e-01,4.356457293033599854e-01,2.008752375841140747e-01,4.163084924221038818e-01,-1.348497718572616577e-01,-1.254555881023406982e-01,-3.840958699584007263e-02,2.056209929287433624e-02,-2.340206503868103027e-01,-2.774333953857421875e-02,5.956802144646644592e-02,-1.689949817955493927e-02,-3.471089899539947510e-02,-1.341599822044372559e-01,-3.730689361691474915e-02,1.855495423078536987e-01,2.770645730197429657e-02,1.961562409996986389e-02,-7.909879088401794434e-02,-7.624279707670211792e-02,-1.327206194400787354e-01,-1.133624091744422913e-01,-6.944677233695983887e-02,-9.771388769149780273e-02,4.284783080220222473e-02,-1.783839166164398193e-01,2.120342999696731567e-01,5.695427954196929932e-02,-1.344168782234191895e-01,-3.668790757656097412e-01,1.961263269186019897e-01,-1.148798689246177673e-02,1.560041457414627075e-01,1.017338261008262634e-01,2.474493384361267090e-01,-1.561899762600660324e-02,-1.768158823251724243e-01,-2.482177764177322388e-01,-2.832343280315399170e-01,-2.826630175113677979e-01,-2.443410903215408325e-01,-2.330915480852127075e-01,-1.623181998729705811e-01,-2.178245633840560913e-01,-2.557868063449859619e-01,-2.854423820972442627e-01,-1.879639625549316406e-01,-2.208064049482345581e-01,4.148009419441223145e-02,-2.519061267375946045e-01,-2.085206843912601471e-02,-1.835723221302032471e-01,-1.870032846927642822e-01,-3.841694593429565430e-01,-1.623531132936477661e-01,-2.349369674921035767e-01,-5.486581847071647644e-02,-4.185535013675689697e-02
-8.172999322414398193e-02,-2.177377641201019287e-01,6.672535091638565063e-02,2.041877806186676025e-01,9.065373241901397705e-02,3.845799267292022705e-01,2.883892953395843506e-01,2.532171905040740967e-01,0.000000000000000000e+00,6.513926386833190918e-01,-1.535909175872802734e-01,-6.522712111473083496e-02,1.886087805032730103e-01,3.121135830879211426e-01,3.968753218650817871e-01,3.420852720737457275e-01,-3.110795021057128906e-01,-2.350376248359680176e-01,-1.112655270844697952e-02,-8.222087472677230835e-02,-4.529545083642005920e-02,-5.079563334584236145e-02,4.818797111511230469e-02,4.952296987175941467e-02,4.467110335826873779e-02,7.218872755765914917e-02,1.868430227041244507e-01,2.041257917881011963e-02,-1.923612803220748901e-01,-1.043995991349220276e-01,-9.461392462253570557e-02,-1.232425030320882797e-02,1.922926306724548340e-01,1.362615078687667847e-01,9.807765483856201172e-02,1.034794598817825317e-01,-7.633026689291000366e-02,-2.157952040433883667e-01,1.380994468927383423e-01,5.782524868845939636e-02,-1.851102686487138271e-03,-7.857769727706909180e-03,-2.242691218852996826e-01,-2.304620593786239624e-01,-3.629737198352813721e-01,-1.865515261888504028e-01,-2.599276900291442871e-01,-2.152095586061477661e-01,-1.931470334529876709e-01,-1.475927382707595825e-01,-1.859515607357025146e-01,-2.155609279870986938e-01,-2.126610092818737030e-02,-1.523998975753784180e-01,-1.949443519115447998e-01,-1.107121556997299194e-01,-1.970427036285400391e-01,-2.568002641201019287e-01,-7.043202221393585205e-02,1.556746959686279297e-01,1.664496026933193207e-02,2.407978326082229614e-01,-2.303470522165298462e-01,-2.551646232604980469e-01,2.848201058804988861e-02,2.153493463993072510e-01,-2.611716464161872864e-02,9.254292398691177368e-02,-1.207179576158523560e-01,-2.281672954559326172e-01,1.911809444427490234e-01,-2.392759546637535095e-02,2.302078343927860260e-02,7.609158754348754883e-02,6.378100719302892685e-03,-1.734817028045654297e-02,2.092724665999412537e-02,-3.673910349607467651e-02,8.387681841850280762e-02,1.846526414155960083e-01,-5.178555473685264587e-02,-5.611618608236312866e-02,1.463544368743896484e-01,-1.083955019712448120e-01,2.345309853553771973e-01,1.389493197202682495e-01,2.062238603830337524e-01,5.693284329026937485e-03,2.283385545015335083e-01,1.134605929255485535e-01,1.342504024505615234e-01,2.761929631233215332e-01,4.464933648705482483e-02,1.932756416499614716e-02,-2.028655074536800385e-02,-2.520162425935268402e-02,-8.965484052896499634e-02,4.452432692050933838e-02,-2.765591442584991455e-01,-1.973109394311904907e-01,-1.013417169451713562e-01,-1.543144434690475464e-01,-2.222206145524978638e-01,-2.403380721807479858e-01,-1.281054615974426270e-01,-1.408686190843582153e-01,-7.833068817853927612e-02,1.008761078119277954e-01,5.506796389818191528e-02,-1.913845306262373924e-03,-2.367420494556427002e-02,-1.502711027860641479e-01,-1.986401379108428955e-01,-9.559419006109237671e-03,1.293621510267257690e-01,9.370862692594528198e-02
-1.428997963666915894e-01,-2.808937430381774902e-01,1.217442527413368225e-01,1.846759021282196045e-01,1.353690177202224731e-01,3.722089827060699463e-01,3.465011119842529297e-01,2.267174720764160156e-01,6.513926386833190918e-01,0.000000000000000000e+00,-1.259203106164932251e-01,-7.421542704105377197e-02,2.552470266819000244e-01,2.268415689468383789e-01,2.648258507251739502e-01,3.965723812580108643e-01,-3.042842447757720947e-01,-3.171957731246948242e-01,8.186572045087814331e-02,-9.636533260345458984e-02,-3.800999000668525696e-02,2.778438292443752289e-02,6.332363933324813843e-02,2.560415677726268768e-02,8.235072018578648567e-04,-3.903549909591674805e-02,1.990146040916442871e-01,9.925157576799392700e-02,-2.489984631538391113e-01,-1.706550568342208862e-01,-1.609264463186264038e-01,-2.462983131408691406e-02,3.051165491342544556e-02,2.956771850585937500e-02,1.890489608049392700e-01,1.099671125411987305e-01,-8.483793586492538452e-02,-1.749221980571746826e-01,1.103228330612182617e-01,6.155588105320930481e-02,-5.890649743378162384e-03,-4.124081879854202271e-02,-2.895512580871582031e-01,-2.197621315717697144e-01,-3.805838227272033691e-01,-2.766258716583251953e-01,-3.322735130786895752e-01,-2.172109037637710571e-01,-2.112432718276977539e-01,-2.211906313896179199e-01,-2.400031238794326782e-01,-2.651329338550567627e-01,-1.044017896056175232e-01,-8.121335506439208984e-02,-2.521336376667022705e-01,-2.142550647258758545e-01,-3.139668405055999756e-01,-2.933731377124786377e-01,-1.042466908693313599e-01,6.500942260026931763e-02,5.765036493539810181e-02,1.260781884193420410e-01,-3.550564050674438477e-01,-4.001394212245941162e-01,7.816834747791290283e-02,1.355682015419006348e-01,-5.497991293668746948e-02,-3.169861156493425369e-03,-1.942651122808456421e-01,-3.257172107696533203e-01,1.409891843795776367e-01,1.039339900016784668e-01,-5.003875494003295898e-02,2.367851883172988892e-02,-6.798753142356872559e-02,-4.492280632257461548e-02,-1.063678860664367676e-01,-1.059442088007926941e-01,1.385388374328613281e-01,3.447899967432022095e-02,-1.902782171964645386e-02,-1.102094054222106934e-01,2.008961439132690430e-01,-1.233585644513368607e-02,2.690513134002685547e-01,1.956601291894912720e-01,1.492552906274795532e-01,4.067307710647583008e-02,2.453336566686630249e-01,2.575831413269042969e-01,2.143911570310592651e-01,2.847444713115692139e-01,-1.385749224573373795e-02,1.645427197217941284e-01,-4.558048397302627563e-02,-1.572125405073165894e-02,-1.024644523859024048e-01,-4.012608528137207031e-02,-2.984625697135925293e-01,-2.084486037492752075e-01,-1.988819986581802368e-01,-1.066060587763786316e-01,-2.707975804805755615e-01,-2.390017211437225342e-01,-3.515521064400672913e-02,-7.559582591056823730e-02,4.337015375494956970e-02,7.894052565097808838e-02,-1.018713712692260742e-01,-6.428492814302444458e-02,-6.686978787183761597e-02,-1.126165762543678284e-01,-1.304032504558563232e-01,8.845976740121841431e-02,1.387752741575241089e-01,-6.724858540110290051e-04
2.659215629100799561e-01,1.788267046213150024e-01,3.755119815468788147e-02,-9.474030137062072754e-02,-4.943469166755676270e-02,-6.586606800556182861e-02,1.423184573650360107e-01,3.367609530687332153e-02,-1.535909175872802734e-01,-1.259203106164932251e-01,0.000000000000000000e+00,4.268513917922973633e-01,3.783911466598510742e-01,2.085162997245788574e-01,1.345484554767608643e-01,-3.927898779511451721e-02,9.951562434434890747e-02,5.015409737825393677e-02,2.394607514142990112e-01,1.344403624534606934e-01,3.418917953968048096e-01,1.027467846870422363e-01,5.906689912080764771e-02,-5.434777215123176575e-02,5.858090147376060486e-02,1.002438589930534363e-01,-1.568040549755096436e-01,-9.124185144901275635e-02,1.949156522750854492e-01,8.744645863771438599e-02,3.980288803577423096e-01,2.963095903396606445e-01,5.272088572382926941e-02,1.162713691592216492e-01,-8.279601484537124634e-02,-1.917656213045120239e-01,3.154335618019104004e-01,5.114006251096725464e-02,1.476777344942092896e-01,1.837487071752548218e-01,8.168646693229675293e-02,-1.187090724706649780e-01,-1.407285928726196289e-01,1.807624124921858311e-03,-5.364634841680526733e-02,-1.042205542325973511e-01,6.103774160146713257e-02,-1.893161237239837646e-02,-1.685136109590530396e-01,-1.764398217201232910e-01,-1.144942492246627808e-01,-1.763708740472793579e-01,-2.238151244819164276e-02,-2.062578797340393066e-01,-1.899274736642837524e-01,-2.484964877367019653e-01,1.230214983224868774e-01,2.084447145462036133e-01,-1.118926703929901123e-01,-6.891530752182006836e-02,2.612114548683166504e-01,7.668571174144744873e-02,8.659733831882476807e-02,1.182122603058815002e-01,-4.958368837833404541e-02,-1.992014646530151367e-01,-1.396697163581848145e-01,-1.609766483306884766e-01,6.007613986730575562e-02,-8.736521936953067780e-03,2.994095347821712494e-02,1.149730607867240906e-01,6.291586160659790039e-02,1.615592688322067261e-01,1.399947553873062134e-01,1.264519393444061279e-01,3.798840939998626709e-02,1.041100025177001953e-01,-7.065239548683166504e-02,-2.257602810859680176e-01,-1.268593408167362213e-02,-1.475668698549270630e-02,2.137129753828048706e-02,-6.708088796585798264e-03,-4.106013104319572449e-02,-1.989918947219848633e-01,1.624183729290962219e-02,-1.826875954866409302e-01,-7.067228853702545166e-02,-1.528049260377883911e-01,-1.967560648918151855e-01,-1.107906624674797058e-01,-1.247532591223716736e-01,-1.404803693294525146e-01,1.274792402982711792e-01,-2.327325046062469482e-01,2.281959950923919678e-01,1.877849698066711426e-01,-7.838532328605651855e-02,3.291781619191169739e-02,5.645197629928588867e-02,4.952112957835197449e-02,-3.489344939589500427e-02,-8.671785891056060791e-02,-2.881166934967041016e-01,-2.769353687763214111e-01,5.095349997282028198e-02,-1.579843163490295410e-01,-1.063294801861047745e-02,-6.402046233415603638e-02,-1.066854968667030334e-01,-2.104903012514114380e-01,-1.976654082536697388e-01,-2.914634346961975098e-01,-1.856907010078430176e-01,-1.432293951511383057e-01
1.887031495571136475e-01,1.498202532529830933e-01,-3.010425716638565063e-03,9.261193871498107910e-02,-7.865273207426071167e-02,9.531451016664505005e-02,1.680688410997390747e-01,3.002768754959106445e-01,-6.522712111473083496e-02,-7.421542704105377197e-02,4.268513917922973633e-01,0.000000000000000000e+00,3.133067488670349121e-01,4.004417955875396729e-01,4.806207865476608276e-02,-7.912377268075942993e-02,-3.646595776081085205e-02,8.539123833179473877e-02,3.027072548866271973e-01,3.144541680812835693e-01,1.014445945620536804e-01,1.771700195968151093e-02,-8.381379395723342896e-02,-1.322904378175735474e-01,-1.215516552329063416e-01,2.742406213656067848e-03,-3.219011425971984863e-01,-1.697376221418380737e-01,3.757281228899955750e-02,1.412402391433715820e-01,1.676568090915679932e-01,1.595901101827621460e-01,6.290781497955322266e-02,1.398928910493850708e-01,-1.031669452786445618e-01,-1.135078221559524536e-01,1.342993602156639099e-02,-9.835694730281829834e-02,-1.923468858003616333e-01,7.494764775037765503e-02,-1.891492456197738647e-01,-1.473485957831144333e-02,-1.287218928337097168e-01,-8.363670110702514648e-02,9.746538847684860229e-02,1.490774005651473999e-01,1.388923227787017822e-01,1.505301743745803833e-01,1.117968037724494934e-01,1.214023530483245850e-01,5.720070749521255493e-02,9.094749391078948975e-02,4.873120412230491638e-02,1.039721593260765076e-01,-3.157593309879302979e-02,-8.891646564006805420e-02,-1.020456403493881226e-01,5.387338995933532715e-02,3.005502931773662567e-02,2.263819873332977295e-01,1.612022519111633301e-01,2.253910303115844727e-01,1.150779351592063904e-01,2.099987715482711792e-01,-1.327484399080276489e-01,-2.069177627563476562e-01,-2.300964295864105225e-01,-1.342484951019287109e-01,8.567040413618087769e-02,8.151247352361679077e-02,4.587102681398391724e-02,2.196436375379562378e-02,-1.106773409992456436e-02,1.490642726421356201e-01,1.216953340917825699e-02,-9.204471483826637268e-03,-3.426070883870124817e-02,8.895783103071153164e-04,-2.841897308826446533e-01,-1.134160384535789490e-01,-1.615534126758575439e-01,-4.865625500679016113e-02,-6.947638839483261108e-02,-2.245191931724548340e-01,-1.579899191856384277e-01,-6.667692214250564575e-02,-1.348859071731567383e-01,-1.600541621446609497e-01,-8.797668665647506714e-02,1.673069223761558533e-02,-1.290426552295684814e-01,-1.734699308872222900e-01,-2.641283906996250153e-02,-1.381062567234039307e-01,4.962998628616333008e-02,-2.147737592458724976e-01,-5.234173685312271118e-02,-7.154576480388641357e-02,-4.757324978709220886e-02,-1.729511842131614685e-02,5.010119080543518066e-02,-5.374643020331859589e-03,-1.897844485938549042e-02,-2.145130559802055359e-02,-2.421206831932067871e-01,-1.918120831251144409e-01,2.536075003445148468e-02,-2.123898118734359741e-01,-4.998925328254699707e-02,-5.209769681096076965e-02,-1.170767247676849365e-01,-3.185473382472991943e-01,-4.122925549745559692e-02,-2.491925507783889771e-01,-2.027065008878707886e-01,-8.798822015523910522e-02
5.134480074048042297e-02,-2.789063453674316406e-01,4.374988079071044922e-01,2.776598930358886719e-01,-3.483840078115463257e-02,-1.058999076485633850e-01,6.166784167289733887e-01,3.122821152210235596e-01,1.886087805032730103e-01,2.552470266819000244e-01,3.783911466598510742e-01,3.133067488670349121e-01,0.000000000000000000e+00,3.750690817832946777e-01,2.471199482679367065e-01,1.492297947406768799e-01,-1.644740551710128784e-01,-1.650028675794601440e-01,4.955737888813018799e-01,3.147436305880546570e-02,4.294950887560844421e-02,-2.411361597478389740e-02,3.174845576286315918e-01,1.931431889533996582e-01,8.907948434352874756e-02,-1.298436243087053299e-02,-1.082865744829177856e-01,-1.831744015216827393e-01,-1.158202067017555237e-02,-1.986201852560043335e-03,1.101099476218223572e-01,2.920641005039215088e-01,9.842559695243835449e-02,1.459808647632598877e-01,3.290846645832061768e-01,8.033210784196853638e-02,1.282713413238525391e-01,-3.820017725229263306e-02,-2.409739978611469269e-02,-5.546503886580467224e-02,-1.310629025101661682e-02,-1.799363493919372559e-01,-3.503976166248321533e-01,-1.452854722738265991e-01,-2.893055379390716553e-01,-3.068028986454010010e-01,-1.600219160318374634e-01,-2.042925953865051270e-01,-1.796225011348724365e-01,-2.025073915719985962e-01,-1.768732815980911255e-01,-2.829446196556091309e-01,-3.155447170138359070e-02,-8.486068993806838989e-02,-3.820569217205047607e-01,-4.337893724441528320e-01,-3.139791190624237061e-01,-2.942220568656921387e-01,-2.287868857383728027e-01,-1.078426837921142578e-01,1.025836691260337830e-01,9.977378882467746735e-03,-1.991695910692214966e-01,-3.400045931339263916e-01,3.326179087162017822e-01,1.508268564939498901e-01,8.171866834163665771e-02,-1.353904791176319122e-02,-5.761746689677238464e-02,-1.800941079854965210e-01,2.206037342548370361e-01,2.317391484975814819e-01,1.752619743347167969e-01,5.932272225618362427e-02,4.589786753058433533e-02,-7.993821986019611359e-03,1.245824154466390610e-02,5.236586928367614746e-02,3.608042374253273010e-02,-1.345154494047164917e-01,-1.515839844942092896e-01,-1.378807425498962402e-01,-1.118247210979461670e-01,-1.625326573848724365e-01,2.702561318874359131e-01,7.426126301288604736e-02,-8.520039170980453491e-02,-1.492667794227600098e-01,9.130484610795974731e-02,8.049395680427551270e-02,-7.085570693016052246e-02,2.466251403093338013e-01,-1.433289796113967896e-01,1.374808996915817261e-01,3.479073569178581238e-02,-1.867011934518814087e-01,-4.158924147486686707e-02,-6.057000532746315002e-02,-4.101198911666870117e-01,-2.042376697063446045e-01,-2.634028494358062744e-01,-1.165018305182456970e-01,-3.948882818222045898e-01,-3.440751433372497559e-01,-3.564174771308898926e-01,-3.987289369106292725e-01,5.133092775940895081e-02,-1.812144517898559570e-01,7.139262557029724121e-02,7.088412344455718994e-02,9.804651141166687012e-03,-2.003862559795379639e-01,-1.788507848978042603e-01,-1.845592446625232697e-02,-1.582945287227630615e-01,-2.363179475069046021e-01
