0.000000000000000000e+00,7.462328672409057617e-01,4.390400946140289307e-01,1.559316962957382202e-01,4.588713645935058594e-01,1.488000154495239258e-01,3.589160740375518799e-01,3.966842591762542725e-01,8.690982311964035034e-02,2.529865205287933350e-01,2.366290837526321411e-01,3.309170901775360107e-01,3.189599812030792236e-01,1.769221872091293335e-01,-6.589603424072265625e-02,-1.708441525697708130e-01,-2.776695787906646729e-01,2.337672114372253418e-01,7.132823467254638672e-01,5.898340344429016113e-01,-2.877839505672454834e-01,-1.512379348278045654e-01,-1.768675632774829865e-02,1.337644755840301514e-01,4.142698943614959717e-01,2.740089595317840576e-01,4.347059130668640137e-01,2.390807718038558960e-01,1.356871873140335083e-01,3.933453857898712158e-01,4.973532855510711670e-01,4.317473769187927246e-01,5.152871608734130859e-01,5.059236288070678711e-01,2.685153856873512268e-02,-7.634747028350830078e-02,-4.064979851245880127e-01,-3.539590835571289062e-01,-3.363792896270751953e-01,-3.283241689205169678e-01,-2.394096851348876953e-01,-2.493519335985183716e-01,-4.488179087638854980e-01,5.759127065539360046e-02,-1.251381188631057739e-01,-4.444387555122375488e-02,-2.724655866622924805e-01,-2.438665181398391724e-01,-3.408883512020111084e-01,-5.209082365036010742e-02,-1.967765539884567261e-01,-4.639158546924591064e-01,-3.231759369373321533e-01,-3.870976269245147705e-01,-3.673205077648162842e-01,-4.227629303932189941e-01,6.705569624900817871e-01,7.040046453475952148e-01,2.441614121198654175e-01,2.200926840305328369e-01,6.076818704605102539e-01,1.414938271045684814e-01,3.682754039764404297e-01,1.214159950613975525e-01,1.320838034152984619e-01,-2.401058226823806763e-01,-1.397139877080917358e-01,-2.965785562992095947e-01,6.429443955421447754e-01,4.918472468852996826e-01,2.799024581909179688e-01,1.629929430782794952e-02,-3.162040561437606812e-02,1.540452092885971069e-01,1.306076943874359131e-01,-1.227229982614517212e-01,1.557383835315704346e-01,1.028220504522323608e-01,3.817686140537261963e-01,1.934792399406433105e-01,2.072346955537796021e-01,-1.840418875217437744e-01,-2.849211096763610840e-01,-2.815074622631072998e-01,2.164492034353315830e-04,-5.802381634712219238e-01,-1.018167138099670410e-01,-1.455357521772384644e-01,-6.707562506198883057e-02,-5.210015773773193359e-01,1.455256994813680649e-02,-4.209652245044708252e-01,-1.385286301374435425e-01,-1.865443140268325806e-01,-1.768335700035095215e-01,-2.662738971412181854e-02,-1.143250092864036560e-01,3.038893453776836395e-02,-2.454780191183090210e-01,-5.637064576148986816e-02,2.158134430646896362e-01,-9.902402758598327637e-02,1.886962652206420898e-01,9.092712774872779846e-03,-2.859414517879486084e-01,-3.733504414558410645e-01,1.177897229790687561e-01,1.546499431133270264e-01,6.497383117675781250e-02,-2.900639176368713379e-01,-1.101378723978996277e-01,-4.606403037905693054e-02,-1.631822735071182251e-01,-1.147157624363899231e-01,-8.777050673961639404e-02,-3.008890748023986816e-01
7.462328672409057617e-01,0.000000000000000000e+00,4.156685471534729004e-01,2.309520542621612549e-01,4.927298128604888916e-01,9.014008194208145142e-02,2.049445807933807373e-01,4.262270629405975342e-01,-5.275706574320793152e-02,1.801939904689788818e-01,9.164986014366149902e-02,3.402291834354400635e-01,1.248523890972137451e-01,1.249302402138710022e-01,-1.484646797180175781e-01,-8.370035886764526367e-02,-2.139145284891128540e-01,3.931993842124938965e-01,6.399013996124267578e-01,6.502517461776733398e-01,-2.707586288452148438e-01,-9.573119133710861206e-02,-1.366552263498306274e-01,1.614731997251510620e-01,4.540959894657135010e-01,2.806143462657928467e-01,4.921365380287170410e-01,2.865323722362518311e-01,1.405956596136093140e-01,5.072796344757080078e-01,5.103814005851745605e-01,4.594066739082336426e-01,5.380367636680603027e-01,6.137127280235290527e-01,-2.409179508686065674e-02,-4.408335313200950623e-03,-4.102522730827331543e-01,-4.031134545803070068e-01,-2.755631804466247559e-01,-2.362101674079895020e-01,-2.542771995067596436e-01,-2.676912248134613037e-01,-4.037615954875946045e-01,6.159811466932296753e-02,-1.031978204846382141e-01,3.286638529971241951e-03,-1.151645854115486145e-01,-1.536538600921630859e-01,-2.895324528217315674e-01,-7.463712245225906372e-02,-1.728646755218505859e-01,-5.091583728790283203e-01,-2.936684191226959229e-01,-5.002273321151733398e-01,-1.863915622234344482e-01,-3.275842964649200439e-01,6.711159944534301758e-01,7.890319824218750000e-01,2.527356445789337158e-01,2.812969386577606201e-01,4.726178050041198730e-01,7.930175960063934326e-02,2.565480768680572510e-01,1.455815881490707397e-01,-7.419066503643989563e-03,-2.092470526695251465e-01,-2.333601005375385284e-02,-9.630665183067321777e-02,7.231172919273376465e-01,6.215711832046508789e-01,2.843446433544158936e-01,-4.279903694987297058e-02,-5.588159710168838501e-02,2.346732318401336670e-01,1.120330914855003357e-01,-2.093095034360885620e-01,1.567006111145019531e-01,1.072275117039680481e-01,4.895070791244506836e-01,3.070158660411834717e-01,3.412370979785919189e-01,-3.398265317082405090e-02,-2.349245697259902954e-01,-1.819154769182205200e-01,3.497547283768653870e-02,-5.307946801185607910e-01,-6.994985044002532959e-02,-4.659856203943490982e-03,-5.663896724581718445e-02,-5.605645179748535156e-01,2.086781524121761322e-02,-5.327446460723876953e-01,-1.093520522117614746e-01,-2.595106363296508789e-01,-2.118185013532638550e-01,-3.660315275192260742e-02,-1.543636322021484375e-01,-1.688737608492374420e-02,-2.494651526212692261e-01,-1.618051677942276001e-01,3.041407167911529541e-01,-1.305335611104965210e-01,2.893288135528564453e-01,7.432067394256591797e-02,-2.718348503112792969e-01,-4.101199507713317871e-01,1.486970484256744385e-01,2.059521377086639404e-01,3.157651051878929138e-02,-3.468063473701477051e-01,-1.018040701746940613e-01,-5.611950904130935669e-02,-3.013036251068115234e-01,-2.085152566432952881e-01,-1.866036802530288696e-01,-3.519918918609619141e-01
4.390400946140289307e-01,4.156685471534729004e-01,0.000000000000000000e+00,4.341057538986206055e-01,6.751002669334411621e-01,2.107078135013580322e-01,6.435103416442871094e-01,6.018553972244262695e-01,-1.135523915290832520e-01,2.982479929924011230e-01,-1.540112495422363281e-01,5.270293354988098145e-02,-3.605499863624572754e-02,-1.437220871448516846e-01,-5.030906200408935547e-01,-5.255702137947082520e-01,-4.569754898548126221e-01,-4.473584890365600586e-02,4.955199956893920898e-01,3.344023525714874268e-01,-2.176065891981124878e-01,-1.562965065240859985e-01,1.446850001811981201e-01,5.035898089408874512e-01,5.244790315628051758e-01,3.810324072837829590e-01,4.913145899772644043e-01,3.153781890869140625e-01,-8.700466901063919067e-02,2.586508989334106445e-01,5.435158610343933105e-01,4.848093092441558838e-01,3.361041545867919922e-01,4.454770386219024658e-01,3.518508672714233398e-01,2.486201822757720947e-01,-3.271551430225372314e-01,-3.622283637523651123e-01,-3.024311959743499756e-01,-3.793648183345794678e-01,-2.324807643890380859e-01,-3.424935936927795410e-01,-2.083265483379364014e-01,1.250069141387939453e-01,-2.442112714052200317e-01,-8.642067760229110718e-02,-8.796942234039306641e-02,-2.326940298080444336e-01,-3.348826467990875244e-01,-2.119956165552139282e-01,-3.264563903212547302e-02,-4.762544035911560059e-01,-1.123380511999130249e-01,-3.170621097087860107e-01,-9.946929663419723511e-02,-2.901856601238250732e-01,1.248553320765495300e-01,3.387028872966766357e-01,6.270395219326019287e-02,1.332612782716751099e-01,3.702807426452636719e-01,7.505702972412109375e-02,3.542481064796447754e-01,1.112702637910842896e-01,3.583691716194152832e-01,9.033527970314025879e-02,3.118472993373870850e-01,5.315542966127395630e-02,3.074800372123718262e-01,1.935284584760665894e-01,4.534311294555664062e-01,2.439679950475692749e-01,-9.649216197431087494e-03,2.065994888544082642e-01,1.474932730197906494e-01,-1.708312481641769409e-01,4.640659093856811523e-01,3.913928270339965820e-01,2.506073415279388428e-01,-1.739224977791309357e-02,7.131248712539672852e-02,-2.546226084232330322e-01,-6.455109715461730957e-01,-3.996559381484985352e-01,-3.740723477676510811e-03,-5.737369656562805176e-01,-4.050978422164916992e-01,-3.636350333690643311e-01,2.271377295255661011e-02,-4.926472604274749756e-01,3.629303872585296631e-01,-1.476532667875289917e-01,2.412638515233993530e-01,1.171945855021476746e-01,5.258012935519218445e-02,7.255478203296661377e-02,-4.787227138876914978e-03,3.505950793623924255e-02,7.700444757938385010e-02,2.993736863136291504e-01,5.896791219711303711e-01,2.127700150012969971e-01,5.633628368377685547e-01,3.578470349311828613e-01,-1.907830387353897095e-01,-3.960623145103454590e-01,3.598508536815643311e-01,4.025683701038360596e-01,6.800793111324310303e-02,-2.621686160564422607e-01,1.132839638739824295e-02,2.043866068124771118e-01,-6.784299015998840332e-02,-1.264878958463668823e-01,-2.349487096071243286e-01,-2.907103300094604492e-01
1.559316962957382202e-01,2.309520542621612549e-01,4.341057538986206055e-01,0.000000000000000000e+00,1.395920813083648682e-01,2.322974503040313721e-01,3.779711723327636719e-01,4.533129334449768066e-01,7.001692056655883789e-02,6.188303232192993164e-02,5.573261901736259460e-02,7.799484580755233765e-02,1.735190674662590027e-02,-4.599680006504058838e-02,-1.141157820820808411e-01,-1.584821790456771851e-01,-6.677573919296264648e-02,-6.039028987288475037e-02,3.486486375331878662e-01,4.524643719196319580e-01,-2.699307799339294434e-01,-1.980006247758865356e-01,3.809180855751037598e-01,5.992533564567565918e-01,3.101202547550201416e-01,3.114275336265563965e-01,8.297561854124069214e-02,3.680178895592689514e-02,8.532593958079814911e-03,1.198069229722023010e-01,3.366835415363311768e-01,3.813962936401367188e-01,3.332737386226654053e-01,4.623503684997558594e-01,7.503547240048646927e-03,7.283797115087509155e-02,-1.712421923875808716e-01,-1.989433169364929199e-01,-2.289242595434188843e-01,-8.432118594646453857e-02,-1.311686336994171143e-01,-2.081300467252731323e-01,-8.347789198160171509e-02,2.747269161045551300e-02,1.029012054204940796e-01,1.565899848937988281e-01,-1.430392861366271973e-01,-4.257209599018096924e-02,-7.487651705741882324e-02,-1.300159990787506104e-01,-2.178652733564376831e-01,-2.025026828050613403e-01,-3.421168923377990723e-01,-2.637272179126739502e-01,-1.943092942237854004e-01,-1.424916684627532959e-01,1.160037368535995483e-01,7.109474390745162964e-02,-8.161658048629760742e-02,-1.086324900388717651e-01,-2.367581985890865326e-02,5.083400756120681763e-02,3.602919727563858032e-02,6.172590702772140503e-02,-1.106078401207923889e-01,1.773454844951629639e-01,1.675097048282623291e-01,2.461795508861541748e-01,1.634117215871810913e-01,1.208434998989105225e-01,7.829128950834274292e-02,9.840434789657592773e-02,8.138526231050491333e-02,2.421656847000122070e-01,1.747313439846038818e-01,1.254287958145141602e-01,1.830892711877822876e-01,1.185278296470642090e-01,7.199119776487350464e-02,7.477644830942153931e-02,-8.373117446899414062e-02,8.416102081537246704e-02,-1.714891344308853149e-01,-1.642694883048534393e-02,-1.503274589776992798e-01,-6.401675939559936523e-02,-2.573783397674560547e-01,-8.428999222815036774e-03,-3.407127857208251953e-01,-1.836632341146469116e-01,-1.359344869852066040e-01,-1.654052287340164185e-01,-2.459437549114227295e-01,-1.197560355067253113e-01,3.100411966443061829e-02,1.116499397903680801e-02,-8.240664750337600708e-02,-5.373879522085189819e-02,-2.192691713571548462e-01,-1.516462713479995728e-01,2.528013475239276886e-02,-1.207875162363052368e-01,4.010890051722526550e-02,-2.310012467205524445e-02,-1.109345406293869019e-01,-2.088396698236465454e-01,-1.736895143985748291e-01,-2.215912006795406342e-02,-1.637250557541847229e-02,-1.000460311770439148e-01,2.316295914351940155e-02,-1.599697023630142212e-01,-2.078636586666107178e-01,-1.107095628976821899e-01,-8.071526885032653809e-02,-1.247836798429489136e-01
4.588713645935058594e-01,4.927298128604888916e-01,6.751002669334411621e-01,1.395920813083648682e-01,0.000000000000000000e+00,2.592925727367401123e-01,4.940138161182403564e-01,6.170131564140319824e-01,-1.519435495138168335e-01,3.518247306346893311e-01,-1.190023347735404968e-01,2.171081304550170898e-01,6.816521752625703812e-03,-1.780370809137821198e-02,-5.633798241615295410e-01,-4.870138764381408691e-01,-4.177311062812805176e-01,9.111272543668746948e-02,3.601462244987487793e-01,2.261873930692672729e-01,-2.303228378295898438e-01,-7.320803403854370117e-02,-1.290597915649414062e-01,2.983146905899047852e-01,5.805501937866210938e-01,4.570322334766387939e-01,6.343523859977722168e-01,4.312921464443206787e-01,8.787112683057785034e-02,4.497754871845245361e-01,5.950772762298583984e-01,5.472666621208190918e-01,3.011166155338287354e-01,4.506044685840606689e-01,2.683313488960266113e-01,1.843362003564834595e-01,-4.346446096897125244e-01,-4.371730983257293701e-01,-2.845319509506225586e-01,-4.079546034336090088e-01,-3.166703879833221436e-01,-3.508426547050476074e-01,-3.000530600547790527e-01,4.865322262048721313e-02,-3.623410761356353760e-01,-2.341820150613784790e-01,2.003110200166702271e-02,-2.558979988098144531e-01,-4.056624174118041992e-01,-3.098654747009277344e-01,2.657702937722206116e-02,-5.183822512626647949e-01,-1.502282451838254929e-02,-3.461572229862213135e-01,1.001385971903800964e-02,-2.724920809268951416e-01,1.999380439519882202e-01,5.062580704689025879e-01,1.263709962368011475e-01,2.375757247209548950e-01,5.049721598625183105e-01,2.230438888072967529e-01,5.079243183135986328e-01,3.276057541370391846e-01,3.690061867237091064e-01,7.958982884883880615e-02,2.414897233247756958e-01,8.923511020839214325e-03,3.693572878837585449e-01,2.844499349594116211e-01,5.454499721527099609e-01,2.777272164821624756e-01,-8.128913491964340210e-02,1.350672096014022827e-01,9.147919714450836182e-02,-3.551728725433349609e-01,4.122385978698730469e-01,3.454114794731140137e-01,4.224668741226196289e-01,7.856260985136032104e-02,1.918972730636596680e-01,-2.958608567714691162e-01,-6.538593769073486328e-01,-4.787316918373107910e-01,-3.194446861743927002e-02,-6.438688635826110840e-01,-4.114777743816375732e-01,-3.710291981697082520e-01,8.441758155822753906e-02,-5.074691176414489746e-01,4.719269573688507080e-01,-1.337034553289413452e-01,3.798416256904602051e-01,1.319418102502822876e-01,-3.924951702356338501e-02,3.758543729782104492e-02,-6.743089109659194946e-02,2.132457681000232697e-02,1.552924811840057373e-01,3.210307657718658447e-01,7.079276442527770996e-01,2.845011651515960693e-01,6.791087388992309570e-01,4.626215100288391113e-01,-2.358852624893188477e-01,-4.157759845256805420e-01,4.799554944038391113e-01,5.191848278045654297e-01,2.172135747969150543e-02,-3.381184041500091553e-01,2.122790180146694183e-02,2.363222688436508179e-01,-7.378365844488143921e-02,-1.518790274858474731e-01,-2.898496389389038086e-01,-3.841550648212432861e-01
1.488000154495239258e-01,9.014008194208145142e-02,2.107078135013580322e-01,2.322974503040313721e-01,2.592925727367401123e-01,0.000000000000000000e+00,2.370089739561080933e-01,3.216283321380615234e-01,4.114321768283843994e-01,1.999545246362686157e-01,1.393604427576065063e-01,3.132388293743133545e-01,2.012324780225753784e-01,3.926424086093902588e-01,9.938279539346694946e-02,1.288765519857406616e-01,-1.139495056122541428e-02,9.056448191404342651e-02,7.958680391311645508e-02,1.496783643960952759e-01,-2.644561231136322021e-01,-3.236152231693267822e-02,2.668913304805755615e-01,4.554953873157501221e-01,4.789813458919525146e-01,5.812848806381225586e-01,1.375902257859706879e-02,2.203888744115829468e-01,2.589238882064819336e-01,3.270146548748016357e-01,3.633138537406921387e-01,4.367771446704864502e-01,2.487531602382659912e-01,3.448039889335632324e-01,4.042143002152442932e-02,9.816964156925678253e-03,-3.800405263900756836e-01,-3.261831402778625488e-01,-2.968792021274566650e-01,-2.984086275100708008e-01,-2.891028225421905518e-01,-2.568564713001251221e-01,-1.565540432929992676e-01,-9.454788267612457275e-02,9.337716549634933472e-02,-3.307536616921424866e-02,-9.523527324199676514e-02,-1.723073273897171021e-01,-1.124656498432159424e-01,-3.168373703956604004e-01,-2.414886057376861572e-01,-3.271661102771759033e-01,2.977148629724979401e-02,-2.323902696371078491e-01,-3.161730766296386719e-01,-4.543112814426422119e-01,9.366414695978164673e-02,6.174562126398086548e-02,-1.989445835351943970e-01,-2.310035824775695801e-01,1.366680711507797241e-01,8.410333096981048584e-02,3.095052838325500488e-01,2.578416764736175537e-01,-6.317512132227420807e-03,-4.712876689154654741e-04,-7.826662808656692505e-02,-1.080717146396636963e-01,1.368243247270584106e-01,-2.089161425828933716e-02,6.416049599647521973e-02,6.330652534961700439e-02,6.630085408687591553e-02,1.202863305807113647e-01,1.810949444770812988e-01,4.006471950560808182e-03,7.797113060951232910e-02,4.570908471941947937e-02,3.277702331542968750e-01,1.221306920051574707e-01,1.299555599689483643e-01,-2.115329355001449585e-02,-7.853492349386215210e-02,-1.794478297233581543e-01,-3.716455772519111633e-03,-1.610430926084518433e-01,-1.234098002314567566e-01,-2.205541431903839111e-01,-3.909013047814369202e-02,-3.346065878868103027e-01,8.981046825647354126e-02,-7.944610714912414551e-02,1.132879927754402161e-01,-1.147676631808280945e-01,-6.236208230257034302e-02,-5.081879347562789917e-02,-9.405764937400817871e-02,-9.793438762426376343e-02,-1.141012907028198242e-01,-2.775703184306621552e-02,8.583805710077285767e-02,-1.648230254650115967e-01,-1.078787539154291153e-02,-1.291832029819488525e-01,7.681526988744735718e-02,-4.357274249196052551e-02,-4.338299110531806946e-02,-1.354513615369796753e-01,4.742442816495895386e-02,-6.685288995504379272e-02,-6.459443829953670502e-03,-1.777647063136100769e-02,1.182498410344123840e-01,2.473775297403335571e-01,1.729856580495834351e-01,-1.825581789016723633e-01
3.589160740375518799e-01,2.049445807933807373e-01,6.435103416442871094e-01,3.779711723327636719e-01,4.940138161182403564e-01,2.370089739561080933e-01,0.000000000000000000e+00,5.210606455802917480e-01,1.672153025865554810e-01,3.577776849269866943e-01,1.430524736642837524e-01,4.794616252183914185e-02,3.673645257949829102e-01,-2.062198519706726074e-02,-3.032390177249908447e-01,-4.796921908855438232e-01,-4.235868453979492188e-01,-2.807501852512359619e-01,4.356772005558013916e-01,2.311618477106094360e-01,-3.163362741470336914e-01,-2.926184237003326416e-01,3.349942564964294434e-01,3.894698321819305420e-01,3.899495005607604980e-01,3.257944881916046143e-01,2.635586857795715332e-01,1.554225087165832520e-01,-1.885429769754409790e-02,7.423314452171325684e-02,5.146418213844299316e-01,4.706831574440002441e-01,3.018668889999389648e-01,3.413228690624237061e-01,2.480472773313522339e-01,3.171936422586441040e-02,-3.612375259399414062e-01,-3.521528244018554688e-01,-3.641271591186523438e-01,-3.310788571834564209e-01,-2.986811399459838867e-01,-3.553593456745147705e-01,-2.330400645732879639e-01,2.244067937135696411e-02,-1.731212884187698364e-01,-9.916539490222930908e-02,-2.541247606277465820e-01,-3.266991674900054932e-01,-2.250114828348159790e-01,-1.471854448318481445e-01,-9.593955241143703461e-03,-2.178458869457244873e-01,-1.912742257118225098e-01,-4.538186639547348022e-02,-2.996022105216979980e-01,-2.928234934806823730e-01,1.572958193719387054e-02,1.237560957670211792e-01,-1.569778472185134888e-02,-1.085770968347787857e-02,3.284296095371246338e-01,2.250229567289352417e-01,3.985342681407928467e-01,2.034399062395095825e-01,4.045274853706359863e-01,1.187482699751853943e-01,1.432394385337829590e-01,-1.224163994193077087e-01,6.700287014245986938e-02,-5.084105953574180603e-02,3.002734482288360596e-01,2.957735359668731689e-01,3.599680960178375244e-02,9.567540884017944336e-02,2.452059239149093628e-01,-4.118149355053901672e-02,3.067289888858795166e-01,2.881297767162322998e-01,9.155731648206710815e-02,2.400730364024639130e-02,-1.486550569534301758e-01,-3.040014207363128662e-01,-5.356912612915039062e-01,-4.563327133655548096e-01,-2.185668349266052246e-01,-4.009331166744232178e-01,-4.392204880714416504e-01,-3.930316269397735596e-01,-2.026488482952117920e-01,-2.301153987646102905e-01,1.494655162096023560e-01,7.286925613880157471e-02,1.168922800570726395e-02,2.157965153455734253e-01,1.760121993720531464e-02,4.924076423048973083e-02,-1.367371976375579834e-01,-2.086756750941276550e-02,-3.932268824428319931e-03,2.606710791587829590e-01,2.936036288738250732e-01,1.819324642419815063e-01,2.822828888893127441e-01,2.190619558095932007e-01,-1.466683000326156616e-01,-1.782251894474029541e-01,1.469473242759704590e-01,2.602365612983703613e-01,6.475228071212768555e-02,-2.780641615390777588e-01,-2.096218802034854889e-02,1.621604561805725098e-01,4.529315978288650513e-02,-7.264992222189903259e-03,1.244044676423072815e-02,-2.027642726898193359e-01
3.966842591762542725e-01,4.262270629405975342e-01,6.018553972244262695e-01,4.533129334449768066e-01,6.170131564140319824e-01,3.216283321380615234e-01,5.210606455802917480e-01,0.000000000000000000e+00,-2.186907641589641571e-02,3.999634385108947754e-01,-8.131037652492523193e-02,3.688135445117950439e-01,7.963088154792785645e-02,1.037916243076324463e-01,-4.031667113304138184e-01,-3.706953227519989014e-01,-4.181133210659027100e-01,7.459681481122970581e-02,4.308679997920989990e-01,3.307180404663085938e-01,-3.041567802429199219e-01,-1.303514093160629272e-01,1.199196204543113708e-01,5.459449291229248047e-01,4.369507133960723877e-01,3.454180359840393066e-01,4.976552724838256836e-01,3.391171693801879883e-01,-4.652027040719985962e-02,3.891262412071228027e-01,5.510487556457519531e-01,6.023128628730773926e-01,3.255076110363006592e-01,5.394586324691772461e-01,2.357504963874816895e-01,2.286631613969802856e-01,-3.955626785755157471e-01,-3.994801938533782959e-01,-2.401015311479568481e-01,-3.882880508899688721e-01,-2.322530299425125122e-01,-2.965606153011322021e-01,-2.541640698909759521e-01,-1.694615185260772705e-02,-2.402906715869903564e-01,-1.923291832208633423e-01,-1.823318749666213989e-01,-3.253186345100402832e-01,-3.156741559505462646e-01,-2.408856004476547241e-01,4.293159022927284241e-02,-4.044391512870788574e-01,-8.997447043657302856e-02,-3.343288898468017578e-01,-9.203832596540451050e-02,-4.016313254833221436e-01,8.799497038125991821e-02,3.645133078098297119e-01,7.764809578657150269e-02,1.250845789909362793e-01,4.619558155536651611e-01,3.150409758090972900e-01,4.525123536586761475e-01,4.405832290649414062e-01,2.889750301837921143e-01,2.464679032564163208e-01,2.435161769390106201e-01,1.121971458196640015e-01,2.650365233421325684e-01,1.221799477934837341e-01,4.813719093799591064e-01,2.069745063781738281e-01,-1.501149404793977737e-02,3.009091615676879883e-01,2.168989628553390503e-01,-1.545438319444656372e-01,4.675563871860504150e-01,4.191279709339141846e-01,3.214399218559265137e-01,9.054140001535415649e-02,8.489648252725601196e-02,-1.757111698389053345e-01,-5.573036074638366699e-01,-3.833480477333068848e-01,-7.023863494396209717e-02,-5.143067836761474609e-01,-4.142863154411315918e-01,-3.287227451801300049e-01,-5.442947521805763245e-02,-5.048090815544128418e-01,2.727520167827606201e-01,-2.554044723510742188e-01,1.554955691099166870e-01,-6.664383411407470703e-02,1.413130387663841248e-02,-9.527129121124744415e-03,-6.019202247262001038e-02,-9.825374931097030640e-02,-3.923440352082252502e-02,1.205679550766944885e-01,5.233779549598693848e-01,2.002798207104206085e-02,4.574610590934753418e-01,2.137255072593688965e-01,-2.010407745838165283e-01,-4.572125673294067383e-01,3.277326524257659912e-01,3.374636471271514893e-01,-3.634501248598098755e-02,-2.596717178821563721e-01,3.467291826382279396e-03,1.004844531416893005e-01,-7.687379419803619385e-02,-1.741510927677154541e-01,-2.607903182506561279e-01,-3.061842620372772217e-01
8.690982311964035034e-02,-5.275706574320793152e-02,-1.135523915290832520e-01,7.001692056655883789e-02,-1.519435495138168335e-01,4.114321768283843994e-01,1.672153025865554810e-01,-2.186907641589641571e-02,0.000000000000000000e+00,2.758908569812774658e-01,1.991968303918838501e-01,1.838668882846832275e-01,4.796827435493469238e-01,3.843045234680175781e-01,5.190736055374145508e-01,2.271021753549575806e-01,5.628819763660430908e-02,-4.946212470531463623e-02,7.586243003606796265e-02,5.613124370574951172e-02,-1.531801968812942505e-01,-1.449626982212066650e-01,3.542776703834533691e-01,6.237580999732017517e-02,1.185861155390739441e-01,2.398737818002700806e-01,-7.814925163984298706e-02,1.062362715601921082e-01,1.318362504243850708e-01,-1.283568516373634338e-02,3.315631672739982605e-02,3.884102404117584229e-02,5.439420044422149658e-02,1.905786804854869843e-02,3.943789750337600708e-02,-1.776621043682098389e-01,-2.149102836847305298e-01,-9.460660070180892944e-02,-1.513171792030334473e-01,-6.707062572240829468e-02,-1.193671450018882751e-01,-1.085329875349998474e-01,-1.484454870223999023e-01,-1.307917833328247070e-01,3.650094941258430481e-02,-1.825304776430130005e-01,-2.760234773159027100e-01,-1.742685437202453613e-01,-2.122466415166854858e-01,-1.767147183418273926e-01,-2.871842682361602783e-01,-1.827968470752239227e-02,-1.227650344371795654e-01,6.893308460712432861e-02,-3.743762969970703125e-01,-1.723028272390365601e-01,5.390860512852668762e-02,-6.934508681297302246e-02,-2.519437968730926514e-01,-2.762716114521026611e-01,7.906412333250045776e-02,1.520049422979354858e-01,1.505275163799524307e-02,4.383876919746398926e-02,1.316292732954025269e-01,-3.985673934221267700e-02,-2.355575412511825562e-01,-3.121708333492279053e-01,-6.705188751220703125e-02,-1.889007836580276489e-01,-1.604332625865936279e-01,5.110427364706993103e-02,8.817569911479949951e-02,-1.062521059066057205e-02,1.806161403656005859e-01,1.477945297956466675e-01,-2.377646416425704956e-01,-1.733918935060501099e-01,4.244837444275617599e-03,5.777344852685928345e-02,-1.386555433273315430e-01,-4.183289408683776855e-02,2.070931047201156616e-01,-6.054914742708206177e-02,-4.730161279439926147e-02,4.649991169571876526e-02,1.038189604878425598e-01,-9.604866057634353638e-02,-2.601090259850025177e-02,5.703559145331382751e-02,-1.758610308170318604e-01,9.399975836277008057e-02,-1.298107206821441650e-01,7.013878971338272095e-02,-5.979016795754432678e-02,-4.084226861596107483e-02,-1.346733123064041138e-01,-1.316093057394027710e-01,-2.084477394819259644e-01,-4.660177603363990784e-02,-3.018105626106262207e-01,-1.318280547857284546e-01,-3.451716005802154541e-01,-2.576313614845275879e-01,9.458816051483154297e-02,2.577388882637023926e-01,-3.205830454826354980e-01,-3.090223968029022217e-01,-3.311424329876899719e-02,-4.024296626448631287e-02,-3.452772274613380432e-02,-1.471150964498519897e-01,5.765139311552047729e-02,1.373438686132431030e-01,2.624508142471313477e-01,3.265113756060600281e-02
2.529865205287933350e-01,1.801939904689788818e-01,2.982479929924011230e-01,6.188303232192993164e-02,3.518247306346893311e-01,1.999545246362686157e-01,3.577776849269866943e-01,3.999634385108947754e-01,2.758908569812774658e-01,0.000000000000000000e+00,-1.831521652638912201e-02,2.631619870662689209e-01,2.807207703590393066e-01,2.256683111190795898e-01,-7.647876441478729248e-02,-1.926260441541671753e-01,-3.454460203647613525e-01,-1.792713403701782227e-01,2.835737168788909912e-01,5.716991052031517029e-02,-1.950594931840896606e-01,-1.076619178056716919e-01,8.382271230220794678e-02,1.260619163513183594e-01,1.085043698549270630e-01,9.787338972091674805e-02,4.888831973075866699e-01,4.475772082805633545e-01,-1.214377358555793762e-01,-1.612020283937454224e-02,2.166954874992370605e-01,1.840926706790924072e-01,9.463274478912353516e-02,1.380816698074340820e-01,1.650047302246093750e-01,8.097431808710098267e-02,-2.590769827365875244e-01,-2.016043066978454590e-01,-8.039413392543792725e-02,-2.477753609418869019e-01,8.169746957719326019e-03,-2.503717876970767975e-02,-3.559657633304595947e-01,-1.593500226736068726e-01,-2.571174204349517822e-01,-2.837606668472290039e-01,-3.289991021156311035e-01,-4.677041769027709961e-01,-3.428525924682617188e-01,-1.598959863185882568e-01,2.237084694206714630e-02,-1.741346269845962524e-01,-8.124437183141708374e-02,-2.962744235992431641e-02,-2.157908678054809570e-01,-2.706542015075683594e-01,-1.452789525501430035e-03,2.043352723121643066e-01,-3.888432309031486511e-02,2.590745314955711365e-02,3.169232904911041260e-01,2.297408580780029297e-01,3.010247349739074707e-01,1.841228306293487549e-01,4.067933857440948486e-01,1.318625062704086304e-01,1.475596148520708084e-02,-1.896717697381973267e-01,4.656656831502914429e-02,2.053298056125640869e-03,3.454173803329467773e-01,2.872200310230255127e-01,-3.034375049173831940e-02,3.669698163866996765e-02,1.891351789236068726e-01,-5.849808081984519958e-02,1.920394301414489746e-01,1.927785575389862061e-01,2.268388168886303902e-03,-3.135244548320770264e-02,-9.896174818277359009e-02,-2.319387048482894897e-01,-3.687549531459808350e-01,-2.672990858554840088e-01,-2.119070105254650116e-02,-2.503588795661926270e-01,-1.722959280014038086e-01,-2.033702731132507324e-01,4.202381707727909088e-03,-5.741233378648757935e-02,1.272466629743576050e-01,-5.426685139536857605e-02,9.958814084529876709e-02,2.669143378734588623e-01,-6.409203261137008667e-02,2.376793324947357178e-02,-1.402616221457719803e-02,-1.345386803150177002e-01,-1.571396738290786743e-02,2.152675539255142212e-01,3.044431805610656738e-01,2.394001334905624390e-01,3.132600784301757812e-01,2.566757500171661377e-01,-1.539647728204727173e-01,-1.405159831047058105e-01,2.350670099258422852e-01,3.346082568168640137e-01,-1.187692880630493164e-01,-1.907054185867309570e-01,-1.354160904884338379e-01,1.122347414493560791e-01,-6.038191542029380798e-02,-1.102153882384300232e-01,-1.280202716588973999e-01,-8.853945881128311157e-02
2.366290837526321411e-01,9.164986014366149902e-02,-1.540112495422363281e-01,5.573261901736259460e-02,-1.190023347735404968e-01,1.393604427576065063e-01,1.430524736642837524e-01,-8.131037652492523193e-02,1.991968303918838501e-01,-1.831521652638912201e-02,0.000000000000000000e+00,2.415056973695755005e-01,6.306458115577697754e-01,3.280364274978637695e-01,2.630754113197326660e-01,2.042697072029113770e-01,3.479860723018646240e-01,1.356736868619918823e-01,2.018641084432601929e-01,2.995152771472930908e-01,-2.251455485820770264e-01,-3.985184431076049805e-02,1.106362715363502502e-01,-9.043195098638534546e-02,5.000897496938705444e-02,1.591253429651260376e-01,-2.090208381414413452e-01,-2.236099541187286377e-01,3.872320055961608887e-01,1.566180437803268433e-01,1.342846006155014038e-01,1.521044820547103882e-01,1.827187985181808472e-01,1.234304830431938171e-01,-3.092193901538848877e-01,-3.634679317474365234e-01,-8.150956779718399048e-02,-9.686841815710067749e-02,-1.426247358322143555e-01,1.121313497424125671e-02,-8.740624040365219116e-02,9.816152602434158325e-02,-2.506000399589538574e-01,-2.753795981407165527e-01,2.725316882133483887e-01,-1.220660004764795303e-02,-3.946269750595092773e-01,-2.044415622949600220e-01,5.061193555593490601e-02,2.345599420368671417e-02,-2.640683352947235107e-01,4.326043277978897095e-02,-3.713446855545043945e-01,-5.809964239597320557e-02,-5.380656719207763672e-01,-3.067408800125122070e-01,3.408435285091400146e-01,1.227972954511642456e-01,2.554710209369659424e-02,-1.037484854459762573e-01,1.418924480676651001e-01,1.696387827396392822e-01,1.891125887632369995e-01,1.605058312416076660e-01,-2.788933813571929932e-01,-2.326825857162475586e-01,-4.715576469898223877e-01,-3.886528611183166504e-01,7.826342433691024780e-02,4.257265850901603699e-02,-1.048962771892547607e-01,1.713370345532894135e-02,2.309431731700897217e-01,1.240605339407920837e-01,7.697624713182449341e-02,2.777639329433441162e-01,-1.885509043931961060e-01,-9.597676992416381836e-02,1.094556227326393127e-01,2.814704775810241699e-01,-2.008024137467145920e-03,1.029851138591766357e-01,2.144936323165893555e-01,6.986060738563537598e-02,-2.558243870735168457e-01,6.607602536678314209e-02,-4.653223324567079544e-03,5.736162886023521423e-02,-4.856381118297576904e-01,8.053916692733764648e-02,-5.171556472778320312e-01,-1.475514769554138184e-01,-5.132722258567810059e-01,-2.118007391691207886e-01,-2.455087900161743164e-01,-1.270646899938583374e-01,-1.742666512727737427e-01,-3.529417887330055237e-02,-3.450322449207305908e-01,-2.911413013935089111e-01,-4.188960492610931396e-01,-3.247081935405731201e-01,-4.059654772281646729e-01,-3.709065914154052734e-01,-2.990039438009262085e-02,1.474341601133346558e-01,-2.866750657558441162e-01,-2.590124011039733887e-01,-4.880963638424873352e-02,-8.240394294261932373e-02,-2.166800200939178467e-01,-3.222509622573852539e-01,-3.897059708833694458e-02,1.769224852323532104e-01,1.934228241443634033e-01,1.934194564819335938e-02
3.309170901775360107e-01,3.402291834354400635e-01,5.270293354988098145e-02,7.799484580755233765e-02,2.171081304550170898e-01,3.132388293743133545e-01,4.794616252183914185e-02,3.688135445117950439e-01,1.838668882846832275e-01,2.631619870662689209e-01,2.415056973695755005e-01,0.000000000000000000e+00,3.290467262268066406e-01,6.313387751579284668e-01,1.559560149908065796e-01,2.473545521497726440e-01,5.431127548217773438e-02,3.537279069423675537e-01,2.355067580938339233e-01,3.393295109272003174e-01,-1.420406401157379150e-01,7.051218301057815552e-02,5.664229393005371094e-02,2.116631269454956055e-01,1.490129828453063965e-01,1.963024884462356567e-01,1.838046461343765259e-01,2.249071002006530762e-01,2.607141733169555664e-01,4.629087448120117188e-01,2.622770667076110840e-01,2.738758921623229980e-01,1.465917676687240601e-01,2.928664088249206543e-01,-1.419055014848709106e-01,-8.864314109086990356e-02,-2.793181538581848145e-01,-2.693842053413391113e-01,-6.407827138900756836e-02,-2.056147754192352295e-01,-1.164340600371360779e-01,-5.206958949565887451e-02,-3.869272172451019287e-01,-3.186827600002288818e-01,-6.662432104349136353e-02,-2.195163220167160034e-01,-2.760250866413116455e-01,-4.167214035987854004e-01,-1.729403585195541382e-01,-2.092283219099044800e-01,-3.544178605079650879e-02,-2.488758862018585205e-01,2.615437842905521393e-02,-2.359227538108825684e-01,-1.296578794717788696e-01,-3.951037526130676270e-01,2.050310075283050537e-01,3.227877318859100342e-01,4.873019084334373474e-02,5.342717468738555908e-02,3.617593944072723389e-01,9.247703105211257935e-02,2.788260579109191895e-01,3.712674081325531006e-01,-6.926306337118148804e-02,-1.871516555547714233e-01,-2.160837054252624512e-01,-2.617904543876647949e-01,1.840203255414962769e-01,9.018567204475402832e-02,1.114395260810852051e-01,-1.256678998470306396e-01,5.465697497129440308e-02,2.195206433534622192e-01,1.095395684242248535e-01,8.912284672260284424e-02,1.633182168006896973e-02,6.478435546159744263e-02,2.674460411071777344e-01,1.258652806282043457e-01,2.440677881240844727e-01,8.721553534269332886e-02,1.751550287008285522e-02,-9.663898497819900513e-02,1.056905984878540039e-01,-1.305642277002334595e-01,6.324408203363418579e-02,4.106268752366304398e-03,8.207278698682785034e-02,-2.272962033748626709e-01,-1.165225654840469360e-01,-3.994719386100769043e-01,-6.108033657073974609e-02,-2.856291830539703369e-01,-2.447740584611892700e-01,-1.120584681630134583e-01,-1.764754951000213623e-01,-3.115246295928955078e-01,-2.700774669647216797e-01,-2.810760736465454102e-01,1.316934525966644287e-01,-2.172122746706008911e-01,2.454349771142005920e-02,-1.785843521356582642e-01,-1.535745710134506226e-01,-2.056279480457305908e-01,5.127807334065437317e-02,1.192187145352363586e-02,-7.332755625247955322e-02,-2.325473576784133911e-01,-2.636744976043701172e-01,-1.903003305196762085e-01,-2.488680779933929443e-01,-9.426233917474746704e-02,-8.214429020881652832e-02,-1.608060896396636963e-01
3.189599812030792236e-01,1.248523890972137451e-01,-3.605499863624572754e-02,1.735190674662590027e-02,6.816521752625703812e-03,2.012324780225753784e-01,3.673645257949829102e-01,7.963088154792785645e-02,4.796827435493469238e-01,2.807207703590393066e-01,6.306458115577697754e-01,3.290467262268066406e-01,0.000000000000000000e+00,4.844455122947692871e-01,3.603837490081787109e-01,1.687471419572830200e-01,3.591630607843399048e-02,-1.575435698032379150e-02,2.867006957530975342e-01,2.055019736289978027e-01,-2.505877315998077393e-01,-8.363407850265502930e-02,2.866583466529846191e-01,-4.097998887300491333e-02,1.133509278297424316e-01,1.633935868740081787e-01,3.601406514644622803e-02,-2.360612154006958008e-02,2.657330334186553955e-01,1.162740662693977356e-01,1.818898022174835205e-01,1.799980103969573975e-01,1.433937400579452515e-01,7.368674129247665405e-02,-1.400954425334930420e-01,-3.150438368320465088e-01,-2.825125157833099365e-01,-2.214272320270538330e-01,-2.275360971689224243e-01,-1.378503888845443726e-01,-1.772808134555816650e-01,-7.978609949350357056e-02,-3.807564973831176758e-01,-3.020265400409698486e-01,8.370196074247360229e-02,-1.599357277154922485e-01,-5.199221372604370117e-01,-3.927710056304931641e-01,-1.597990840673446655e-01,-3.870396316051483154e-02,-2.229432612657546997e-01,3.761848807334899902e-02,-2.563908994197845459e-01,6.587732583284378052e-02,-5.519143939018249512e-01,-3.223345577716827393e-01,2.064102292060852051e-01,1.129866838455200195e-01,-7.752402126789093018e-02,-1.130227223038673401e-01,3.201494514942169189e-01,3.046502768993377686e-01,2.159607410430908203e-01,2.126501649618148804e-01,7.463791966438293457e-02,-1.693278104066848755e-01,-4.397155046463012695e-01,-5.088791847229003906e-01,-2.338611707091331482e-02,-1.222433447837829590e-01,-4.182643815875053406e-02,4.595446586608886719e-02,1.218652427196502686e-01,5.564163997769355774e-02,1.956160068511962891e-01,2.008467614650726318e-01,-1.825085729360580444e-01,-9.878394007682800293e-02,6.660547852516174316e-02,1.232116222381591797e-01,-1.340305656194686890e-01,-7.432581484317779541e-02,8.388235419988632202e-02,-1.444104313850402832e-01,-1.869883686304092407e-01,-8.844650350511074066e-03,-4.616636782884597778e-02,-9.215997159481048584e-02,-2.583918273448944092e-01,1.045559719204902649e-01,-3.372015953063964844e-01,-2.923233434557914734e-02,-3.608501255512237549e-01,-4.457741603255271912e-02,-2.541424334049224854e-01,-7.642159610986709595e-02,-2.343204617500305176e-01,-1.209249496459960938e-01,-3.119438886642456055e-01,-1.548687517642974854e-01,-2.940284013748168945e-01,-2.069446593523025513e-01,-3.090547323226928711e-01,-2.971453368663787842e-01,-7.204755395650863647e-02,1.687003374099731445e-01,-2.305269837379455566e-01,-1.899393349885940552e-01,-1.280024200677871704e-01,-2.365843504667282104e-01,-1.542385071516036987e-01,-2.237343639135360718e-01,-8.808418363332748413e-02,7.395681738853454590e-02,2.199508547782897949e-01,-4.268291592597961426e-02
