0.000000000000000000e+00,6.649568676948547363e-01,4.020134210586547852e-01,4.371907711029052734e-01,5.404933542013168335e-02,6.269449740648269653e-02,4.541167318820953369e-01,1.971135437488555908e-01,1.123060360550880432e-01,6.825280934572219849e-02,1.541884541511535645e-01,1.439952105283737183e-01,1.635858565568923950e-01,-5.376509949564933777e-02,1.200701072812080383e-01,6.542148441076278687e-02,-1.406758576631546021e-01,-1.742517650127410889e-01,5.950620770454406738e-01,6.402060985565185547e-01,-5.556963011622428894e-02,1.256571412086486816e-01,2.924416065216064453e-01,2.789553403854370117e-01,2.161769270896911621e-01,1.479930430650711060e-01,2.404972612857818604e-01,2.042573988437652588e-01,-1.370554268360137939e-01,-2.662868797779083252e-01,2.406970709562301636e-01,1.760235875844955444e-01,5.203716754913330078e-01,3.899784684181213379e-01,-3.633714020252227783e-01,-3.284546434879302979e-01,-2.147883474826812744e-01,-3.689900040626525879e-01,-1.449068039655685425e-01,-7.590591907501220703e-02,-3.705245628952980042e-02,-1.142629534006118774e-01,-5.887497067451477051e-01,-5.368813872337341309e-01,-4.465017020702362061e-01,-3.385774791240692139e-01,-4.524765312671661377e-01,-4.787651598453521729e-01,-3.296324312686920166e-01,-2.521671950817108154e-01,-3.599106371402740479e-01,-2.847020626068115234e-01,-1.881597340106964111e-01,-2.277757376432418823e-01,-8.269813656806945801e-02,-1.215834319591522217e-01,7.253691554069519043e-01,6.205438971519470215e-01,3.656071126461029053e-01,4.813575148582458496e-01,4.507952928543090820e-01,1.496755629777908325e-01,-1.155881658196449280e-01,-1.849311739206314087e-01,-7.239434123039245605e-02,-2.745843827724456787e-01,3.710589930415153503e-02,-1.396516859531402588e-01,6.705501079559326172e-01,4.622551798820495605e-01,1.651073843240737915e-01,2.742956764996051788e-02,-2.433669567108154297e-01,-2.241485416889190674e-01,-4.282506108283996582e-01,-1.854324638843536377e-01,-2.777279317378997803e-01,-3.626481592655181885e-01,3.898334130644798279e-02,-2.296809852123260498e-02,-9.851295500993728638e-02,-2.514867186546325684e-01,-1.197667866945266724e-01,-1.104406714439392090e-01,-1.432220935821533203e-01,-2.684054970741271973e-01,1.397126317024230957e-01,1.068132445216178894e-01,-2.401634678244590759e-02,-2.058839350938796997e-01,-4.513754844665527344e-01,-3.189861178398132324e-01,-1.938191205263137817e-01,-1.264885812997817993e-01,-5.762430280447006226e-02,-9.781448543071746826e-02,-5.056406259536743164e-01,-5.021061897277832031e-01,-3.604842722415924072e-01,-4.590611755847930908e-01,-1.581291258335113525e-01,-9.290112555027008057e-02,-2.001765221357345581e-01,-3.639664053916931152e-01,-1.437202394008636475e-01,-1.066117212176322937e-01,-1.284440159797668457e-01,4.241751506924629211e-02,3.471106663346290588e-02,-2.547336816787719727e-01,-5.366296172142028809e-01,-4.845693707466125488e-01,-3.928574621677398682e-01,-3.058627545833587646e-01,-2.233243733644485474e-01,-9.309146553277969360e-02
6.649568676948547363e-01,0.000000000000000000e+00,3.937851488590240479e-01,5.537241101264953613e-01,-6.496627628803253174e-02,-2.095437198877334595e-01,3.864897191524505615e-01,4.436963200569152832e-01,-1.557367742061614990e-01,-1.069770604372024536e-01,-1.500144600868225098e-01,1.359649747610092163e-01,2.180694341659545898e-01,2.302692532539367676e-01,-1.885964721441268921e-02,-1.448802798986434937e-01,-6.293267756700515747e-02,-1.409869492053985596e-01,5.356686711311340332e-01,7.351257801055908203e-01,-7.954037189483642578e-02,-1.365241259336471558e-01,4.052843451499938965e-01,1.156338974833488464e-01,1.454766187816858292e-02,-4.521656781435012817e-03,1.474042832851409912e-01,3.184981346130371094e-01,-2.532001733779907227e-01,-2.848404943943023682e-01,3.903325200080871582e-01,3.437286019325256348e-01,6.175578236579895020e-01,4.521888792514801025e-01,-2.702780067920684814e-01,-2.309215068817138672e-01,-4.502594769001007080e-01,-4.328878521919250488e-01,5.788806080818176270e-02,1.491541862487792969e-01,-3.168827891349792480e-01,6.253292411565780640e-02,-4.896882176399230957e-01,-3.569981753826141357e-01,-3.293667733669281006e-01,-1.706320494413375854e-01,-2.450181245803833008e-01,-3.359473347663879395e-01,-1.493393927812576294e-01,-1.414616256952285767e-01,-4.184802174568176270e-01,-2.868079841136932373e-01,-1.532813757658004761e-01,-6.157605722546577454e-02,-3.686969280242919922e-01,-2.638706266880035400e-01,5.565216541290283203e-01,7.938982248306274414e-01,4.351662695407867432e-01,5.778792500495910645e-01,2.801264226436614990e-01,3.423011898994445801e-01,-1.184763312339782715e-01,-2.301743924617767334e-01,-9.080178290605545044e-02,-1.353547573089599609e-01,-5.530219525098800659e-03,-1.091489866375923157e-01,5.785156488418579102e-01,5.312414169311523438e-01,-7.273916900157928467e-02,-3.041562438011169434e-02,-1.868477910757064819e-01,-1.865838319063186646e-01,-3.169988393783569336e-01,-2.561865150928497314e-01,-2.092511653900146484e-01,-2.333095520734786987e-01,-2.252805680036544800e-01,4.576000850647687912e-03,-1.906220912933349609e-01,-1.383556276559829712e-01,-3.324303925037384033e-01,-1.308005601167678833e-01,-4.063731133937835693e-01,-5.737764388322830200e-02,6.392731331288814545e-03,-7.839264720678329468e-02,3.126278147101402283e-02,-8.762929588556289673e-02,-3.674052953720092773e-01,-2.608681321144104004e-01,-1.005217209458351135e-01,5.044980719685554504e-02,-1.404545605182647705e-01,-1.617653965950012207e-01,-5.514616370201110840e-01,-5.383818745613098145e-01,-4.553238153457641602e-01,-3.911347389221191406e-01,-6.422874331474304199e-02,-1.010992601513862610e-01,-1.704494804143905640e-01,-2.711347937583923340e-01,-2.045420855283737183e-01,-1.792757213115692139e-01,-1.383266896009445190e-01,-5.048469081521034241e-02,8.163449913263320923e-02,-2.731590270996093750e-01,-4.362796247005462646e-01,-4.479430019855499268e-01,-2.793441414833068848e-01,-2.269956916570663452e-01,-2.423270940780639648e-01,-4.306166991591453552e-02
4.020134210586547852e-01,3.937851488590240479e-01,0.000000000000000000e+00,7.018718123435974121e-01,7.662186771631240845e-02,-6.851957738399505615e-02,6.305143237113952637e-01,4.947821199893951416e-01,-2.621394349262118340e-03,-3.051219694316387177e-02,5.021157115697860718e-02,1.761891841888427734e-01,2.562731504440307617e-01,8.779312670230865479e-02,-7.780741155147552490e-02,-1.191815435886383057e-01,-3.551467657089233398e-01,-4.646622538566589355e-01,5.125665068626403809e-01,5.082018971443176270e-01,2.041952870786190033e-02,-7.161477953195571899e-02,6.072658300399780273e-01,4.318338930606842041e-01,9.992641955614089966e-02,9.485319256782531738e-02,2.002021670341491699e-01,2.226995974779129028e-01,-3.995674550533294678e-01,-4.019983112812042236e-01,1.323262304067611694e-01,6.703380495309829712e-02,3.452888727188110352e-01,1.695931702852249146e-01,-2.406095266342163086e-01,-2.015047222375869751e-01,-3.738468587398529053e-01,-5.315437316894531250e-01,-1.090056747198104858e-01,-1.384940594434738159e-01,-2.188220322132110596e-01,-2.925355732440948486e-01,-3.228471875190734863e-01,-3.082548975944519043e-01,-2.360757887363433838e-01,-3.097913265228271484e-01,-2.842132747173309326e-01,-4.314993023872375488e-01,-1.388896405696868896e-01,-2.503144741058349609e-01,-2.444018274545669556e-01,-2.468747049570083618e-01,-1.893176585435867310e-01,-6.203401461243629456e-02,-1.357778161764144897e-01,-2.974506914615631104e-01,2.668517529964447021e-01,2.946732342243194580e-01,3.997817635536193848e-01,3.474820256233215332e-01,3.565870523452758789e-01,1.723251640796661377e-01,-2.615802288055419922e-01,-3.697832524776458740e-01,3.422953886911273003e-03,-1.988055855035781860e-01,-5.720250774174928665e-03,-2.897942960262298584e-01,3.707641065120697021e-01,2.759831547737121582e-01,8.008524775505065918e-02,1.239851117134094238e-02,-2.896140515804290771e-01,-3.468195497989654541e-01,-2.206247448921203613e-01,-2.815318405628204346e-01,-4.746053740382194519e-02,-2.576005831360816956e-02,-1.183903496712446213e-02,-2.425279282033443451e-02,-3.365015089511871338e-01,-4.113915264606475830e-01,-2.582684755325317383e-01,-3.485408425331115723e-01,-2.063060700893402100e-01,-1.351618319749832153e-01,-1.160310655832290649e-01,-3.482558950781822205e-02,-3.734210971742868423e-03,-1.332452595233917236e-01,-1.894391328096389771e-01,-2.184306383132934570e-01,-1.093602031469345093e-01,9.394926577806472778e-02,-2.363100275397300720e-02,-6.673564016819000244e-02,-4.523585736751556396e-01,-4.432086348533630371e-01,-2.129237353801727295e-01,-2.974465191364288330e-01,-3.379632234573364258e-01,8.966915309429168701e-02,-3.817199170589447021e-01,-5.264239311218261719e-01,-3.499891757965087891e-01,-2.633134424686431885e-01,-1.126236543059349060e-01,-3.556116670370101929e-02,-1.550275925546884537e-02,-2.698531150817871094e-01,-4.469980895519256592e-01,-3.957905173301696777e-01,-2.142755985260009766e-01,-1.981262564659118652e-01,-7.010696828365325928e-02,-5.602929741144180298e-02
4.371907711029052734e-01,5.537241101264953613e-01,7.018718123435974121e-01,0.000000000000000000e+00,-3.256401047110557556e-02,-2.603311836719512939e-01,5.542768239974975586e-01,7.062927484512329102e-01,-2.208883166313171387e-01,-1.507694274187088013e-01,-1.884996443986892700e-01,1.845295280218124390e-01,2.108529359102249146e-01,2.294963300228118896e-01,-1.179771870374679565e-01,-2.364950180053710938e-01,-2.763044238090515137e-01,-4.000541269779205322e-01,4.947397708892822266e-01,6.504770517349243164e-01,-2.683731354773044586e-02,-2.200215607881546021e-01,6.221638917922973633e-01,3.614576458930969238e-01,-1.512429304420948029e-02,2.871694415807723999e-02,1.950865983963012695e-01,3.335191309452056885e-01,-3.803780972957611084e-01,-3.243012428283691406e-01,3.459594249725341797e-01,2.898542582988739014e-01,4.701715409755706787e-01,3.246562182903289795e-01,-3.213598430156707764e-01,-2.203321158885955811e-01,-5.174781680107116699e-01,-5.748158693313598633e-01,5.726166442036628723e-02,6.853055208921432495e-02,-3.196663856506347656e-01,-1.088656112551689148e-01,-3.655940592288970947e-01,-2.281731069087982178e-01,-2.481101900339126587e-01,-1.841179132461547852e-01,-1.757405698299407959e-01,-3.307376801967620850e-01,-4.890918731689453125e-02,-1.620697379112243652e-01,-2.921022772789001465e-01,-2.391071468591690063e-01,-1.253764480352401733e-01,1.599338464438915253e-02,-2.732408344745635986e-01,-3.067012131214141846e-01,2.507732808589935303e-01,4.644632935523986816e-01,4.347358047962188721e-01,4.662869572639465332e-01,2.085477858781814575e-01,2.936011254787445068e-01,-2.627891004085540771e-01,-3.736122250556945801e-01,-1.284231692552566528e-01,-1.893718093633651733e-01,-1.205221787095069885e-01,-2.222643941640853882e-01,4.844753444194793701e-01,3.595460951328277588e-01,-3.401995450258255005e-02,-1.578215882182121277e-02,-2.704571187496185303e-01,-3.215595781803131104e-01,-1.955636441707611084e-01,-3.897785246372222900e-01,-8.023259043693542480e-02,-3.234253823757171631e-02,-1.218911260366439819e-01,-2.080406434834003448e-02,-3.261634707450866699e-01,-3.408737480640411377e-01,-3.241037428379058838e-01,-3.335004448890686035e-01,-4.469690620899200439e-01,-7.589869946241378784e-02,-6.511250883340835571e-02,-1.711311489343643188e-01,6.926337629556655884e-02,-9.424410760402679443e-02,-1.403845697641372681e-01,-2.480267733335494995e-01,-2.203017286956310272e-02,1.920897364616394043e-01,-7.977265864610671997e-02,-9.209866821765899658e-02,-5.079575181007385254e-01,-4.625360667705535889e-01,-3.333832919597625732e-01,-3.051079511642456055e-01,-1.777553111314773560e-01,1.768699660897254944e-02,-2.293335050344467163e-01,-4.249403774738311768e-01,-2.975537776947021484e-01,-2.280787527561187744e-01,-1.053223609924316406e-01,-5.958438292145729065e-02,6.966781336814165115e-03,-2.619274258613586426e-01,-4.231102168560028076e-01,-3.715960979461669922e-01,-1.240787878632545471e-01,-1.312454491853713989e-01,-6.330637633800506592e-02,1.666719652712345123e-02
5.404933542013168335e-02,-6.496627628803253174e-02,7.662186771631240845e-02,-3.256401047110557556e-02,0.000000000000000000e+00,5.050159096717834473e-01,2.758806049823760986e-01,-1.216364428400993347e-01,6.182578206062316895e-01,6.274913549423217773e-01,1.866443604230880737e-01,7.496736198663711548e-02,-8.768454939126968384e-02,-3.761237561702728271e-01,2.762956619262695312e-01,4.113314151763916016e-01,-4.458773434162139893e-01,-3.005396723747253418e-01,3.368336260318756104e-01,7.733631879091262817e-03,2.113334983587265015e-01,4.984000921249389648e-01,1.249365061521530151e-01,2.965118288993835449e-01,6.477187275886535645e-01,6.251985430717468262e-01,4.416073560714721680e-01,1.079991161823272705e-01,-1.681819856166839600e-01,-1.073588803410530090e-01,6.640670448541641235e-02,2.724401839077472687e-02,-2.790968492627143860e-02,-4.358523339033126831e-02,-2.151941657066345215e-01,-2.173153758049011230e-01,4.642175883054733276e-02,-7.720085978507995605e-02,-1.845964491367340088e-01,-1.393317878246307373e-01,2.651819884777069092e-01,-1.775789558887481689e-01,-2.100661098957061768e-01,-2.661006748676300049e-01,-3.436848223209381104e-01,-4.007076323032379150e-01,-4.377956092357635498e-01,-4.149349927902221680e-01,-4.481772184371948242e-01,-4.716893434524536133e-01,-3.544838726520538330e-01,-3.411456048488616943e-01,-4.735130965709686279e-01,-3.530914485454559326e-01,1.776045262813568115e-01,-5.479113012552261353e-02,-1.850653998553752899e-02,-9.149488806724548340e-02,-1.135161891579627991e-01,-3.380845009814947844e-04,1.057620272040367126e-01,-1.271251495927572250e-02,-4.133079648017883301e-01,1.704526543617248535e-01,-2.136024683713912964e-01,-2.312756925821304321e-01,-2.534239785745739937e-03,-1.079448908567428589e-01,4.912013537250459194e-04,6.667639315128326416e-02,5.606210827827453613e-01,4.770622849464416504e-01,-5.141254141926765442e-02,-1.342088133096694946e-01,-9.089582413434982300e-02,1.615827828645706177e-01,5.224937573075294495e-02,1.317278146743774414e-01,2.250069081783294678e-01,2.486694455146789551e-01,-3.172684907913208008e-01,-3.442241549491882324e-01,1.000731810927391052e-01,1.806759536266326904e-01,9.750117547810077667e-03,-2.210126519203186035e-01,3.123465180397033691e-01,5.009205937385559082e-01,-1.050467342138290405e-01,1.930070966482162476e-01,-4.388402402400970459e-02,-2.701998129487037659e-02,-4.261222779750823975e-01,-3.718495965003967285e-01,3.131030797958374023e-01,2.479098588228225708e-01,-6.536903977394104004e-02,7.143185939639806747e-03,2.136005610227584839e-01,7.220681011676788330e-02,-2.053420543670654297e-01,2.930931150913238525e-01,-1.379024237394332886e-01,-4.141312837600708008e-02,-1.386923193931579590e-01,-1.919939182698726654e-02,-9.307164698839187622e-02,1.997305899858474731e-01,6.188726425170898438e-02,-5.242436006665229797e-02,-2.849842607975006104e-01,-1.822711229324340820e-01,-2.331847846508026123e-01,-2.822860181331634521e-01,1.557483077049255371e-01,9.916789084672927856e-02
6.269449740648269653e-02,-2.095437198877334595e-01,-6.851957738399505615e-02,-2.603311836719512939e-01,5.050159096717834473e-01,0.000000000000000000e+00,1.000808030366897583e-01,-4.846277832984924316e-01,6.532047986984252930e-01,6.032560467720031738e-01,3.797798752784729004e-01,3.109801188111305237e-02,-2.752768993377685547e-01,-5.273967981338500977e-01,2.272564917802810669e-01,6.674792766571044922e-01,-3.063282072544097900e-01,-2.526817284524440765e-02,2.295696586370468140e-01,-1.575843840837478638e-01,2.422670722007751465e-01,6.588172912597656250e-01,-9.907960146665573120e-02,3.394835293292999268e-01,4.745936691761016846e-01,5.128864645957946777e-01,3.228602409362792969e-01,-2.417524904012680054e-01,5.021892115473747253e-02,-2.015524916350841522e-02,-1.678351312875747681e-01,-1.853167712688446045e-01,-1.215246617794036865e-01,-1.573771238327026367e-01,-1.370384544134140015e-01,-1.033017039299011230e-01,3.995139002799987793e-01,1.707313656806945801e-01,-4.550600945949554443e-01,-3.674907982349395752e-01,5.694278478622436523e-01,-3.522137105464935303e-01,-2.105976939201354980e-01,-3.824565410614013672e-01,-2.896562814712524414e-01,-3.753544986248016357e-01,-5.028490424156188965e-01,-3.574785590171813965e-01,-5.212877392768859863e-01,-4.134314358234405518e-01,-1.850548088550567627e-01,-1.997982561588287354e-01,-3.664495646953582764e-01,-3.904337882995605469e-01,4.188423752784729004e-01,2.052589803934097290e-01,1.627549827098846436e-01,-1.567394286394119263e-01,-3.140987753868103027e-01,-1.652956157922744751e-01,1.013840064406394958e-01,-2.207318097352981567e-01,-1.590176820755004883e-01,3.609082102775573730e-01,-1.445339322090148926e-01,-1.206903010606765747e-01,1.189409419894218445e-01,4.549427703022956848e-02,-3.947840631008148193e-02,8.465116471052169800e-02,5.804303288459777832e-01,3.533670604228973389e-01,-2.567245364189147949e-01,-1.911401301622390747e-01,-1.787506937980651855e-01,3.181785643100738525e-01,-2.073215395212173462e-01,-1.829178035259246826e-01,4.007183909416198730e-01,2.973674237728118896e-01,-8.008299022912979126e-02,-1.710561513900756836e-01,2.935357987880706787e-01,3.509400486946105957e-01,3.274365961551666260e-01,-2.509306073188781738e-01,2.400285452604293823e-01,6.342036724090576172e-01,-2.545316815376281738e-01,1.826801896095275879e-02,-1.658620983362197876e-01,-5.303173512220382690e-02,-2.738612294197082520e-01,-4.843752384185791016e-01,3.627607524394989014e-01,2.563370466232299805e-01,1.453905999660491943e-01,1.555855423212051392e-01,2.663072049617767334e-01,-7.054744660854339600e-02,-2.785980403423309326e-01,1.765573024749755859e-01,-1.448902487754821777e-01,-4.602273181080818176e-02,-3.837126307189464569e-03,1.365102976560592651e-01,-1.451448909938335419e-02,2.407476603984832764e-01,2.013934776186943054e-02,1.433943584561347961e-02,-2.033756524324417114e-01,-1.889502108097076416e-01,-4.040986001491546631e-01,-3.410775959491729736e-01,9.817168861627578735e-02,-1.017452701926231384e-01
4.541167318820953369e-01,3.864897191524505615e-01,6.305143237113952637e-01,5.542768239974975586e-01,2.758806049823760986e-01,1.000808030366897583e-01,0.000000000000000000e+00,4.676800966262817383e-01,9.585195034742355347e-02,1.405104696750640869e-01,8.069633692502975464e-02,1.721167117357254028e-01,2.242018878459930420e-01,2.367053180932998657e-02,7.676167786121368408e-02,8.552958071231842041e-02,-4.501013159751892090e-01,-5.235509276390075684e-01,6.447476148605346680e-01,5.354951620101928711e-01,1.557505577802658081e-01,1.893812566995620728e-01,6.469535827636718750e-01,4.939059913158416748e-01,2.876258492469787598e-01,2.568719685077667236e-01,3.614708185195922852e-01,2.427886873483657837e-01,-3.844851851463317871e-01,-3.652600049972534180e-01,2.807467579841613770e-01,2.526674568653106689e-01,4.136358499526977539e-01,3.017174601554870605e-01,-3.609730601310729980e-01,-2.039854377508163452e-01,-3.980455994606018066e-01,-5.283344984054565430e-01,-7.848636806011199951e-02,-7.839911431074142456e-02,-9.676139801740646362e-02,-1.592138409614562988e-01,-3.795409500598907471e-01,-3.241920173168182373e-01,-3.304964601993560791e-01,-4.015416800975799561e-01,-3.891195058822631836e-01,-5.583510994911193848e-01,-3.126978278160095215e-01,-4.264469444751739502e-01,-4.347659647464752197e-01,-4.550763964653015137e-01,-4.122610688209533691e-01,-2.869538068771362305e-01,-1.085112243890762329e-01,-2.862471938133239746e-01,2.621894776821136475e-01,2.122310847043991089e-01,3.465237915515899658e-01,3.659836649894714355e-01,3.586015403270721436e-01,1.425962299108505249e-01,-2.918500900268554688e-01,-2.760891616344451904e-01,-1.435646563768386841e-01,-3.360666930675506592e-01,2.817590720951557159e-02,-2.172771543264389038e-01,4.120273590087890625e-01,3.759534060955047607e-01,2.999247312545776367e-01,2.206639498472213745e-01,-3.026835918426513672e-01,-3.460235297679901123e-01,-9.478798508644104004e-02,-1.954029649496078491e-01,2.513598091900348663e-02,8.976647257804870605e-02,-4.811547230929136276e-03,-9.782990813255310059e-02,-4.880929291248321533e-01,-6.152247786521911621e-01,-2.160041630268096924e-01,-1.876188367605209351e-01,-3.061617910861968994e-01,-3.859245181083679199e-01,1.474539786577224731e-01,2.004620283842086792e-01,1.195006724447011948e-02,-1.507577896118164062e-01,-1.121605709195137024e-01,-9.567496180534362793e-02,-1.924931854009628296e-01,-4.129645973443984985e-02,1.361312866210937500e-01,1.024601012468338013e-01,-3.966465592384338379e-01,-3.999291062355041504e-01,-1.384133398532867432e-01,-1.442160606384277344e-01,-1.553801894187927246e-01,9.249006211757659912e-02,-1.873326748609542847e-01,-2.740162312984466553e-01,-1.274628341197967529e-01,-5.306709557771682739e-02,-9.696663171052932739e-02,-3.044873476028442383e-03,1.525766998529434204e-01,-2.496390342712402344e-01,-4.959498047828674316e-01,-4.357819259166717529e-01,-1.925525069236755371e-01,-2.082599550485610962e-01,-6.291119754314422607e-02,1.185108050704002380e-01
1.971135437488555908e-01,4.436963200569152832e-01,4.947821199893951416e-01,7.062927484512329102e-01,-1.216364428400993347e-01,-4.846277832984924316e-01,4.676800966262817383e-01,0.000000000000000000e+00,-4.106787443161010742e-01,-2.187380641698837280e-01,-2.371255606412887573e-01,2.438410371541976929e-01,3.164458274841308594e-01,5.115820169448852539e-01,-1.598761826753616333e-01,-3.421243131160736084e-01,-1.102997884154319763e-01,-2.926764488220214844e-01,2.764008939266204834e-01,5.103663802146911621e-01,-5.486343428492546082e-02,-3.565829992294311523e-01,6.178949475288391113e-01,2.574985027313232422e-01,-1.335656046867370605e-01,-1.002319902181625366e-01,1.504538767039775848e-02,3.015817403793334961e-01,-2.652790248394012451e-01,-1.659322232007980347e-01,4.444086551666259766e-01,4.526465833187103271e-01,4.267839789390563965e-01,3.893154859542846680e-01,-1.827643364667892456e-01,-1.032955050468444824e-01,-6.453691720962524414e-01,-5.690577030181884766e-01,2.485874891281127930e-01,1.950733065605163574e-01,-4.752250909805297852e-01,9.525334089994430542e-02,-1.193741410970687866e-01,3.429653123021125793e-02,-2.325218729674816132e-02,-1.146727241575717926e-02,7.639344781637191772e-02,-1.486472189426422119e-01,1.476787477731704712e-01,-2.031015045940876007e-02,-2.104091942310333252e-01,-1.824725121259689331e-01,-2.257057279348373413e-02,1.362858861684799194e-01,-4.191369116306304932e-01,-4.057820141315460205e-01,1.581232994794845581e-02,3.084844946861267090e-01,4.315885007381439209e-01,3.850800693035125732e-01,7.734692096710205078e-02,3.690634965896606445e-01,-1.044055223464965820e-01,-3.525060713291168213e-01,-1.383224874734878540e-01,-1.039742603898048401e-01,-1.807736158370971680e-01,-1.839310526847839355e-01,2.751708924770355225e-01,2.305458039045333862e-01,-1.427588313817977905e-01,-1.259169727563858032e-02,-1.030351445078849792e-01,-1.533510535955429077e-01,5.325897037982940674e-02,-4.128973782062530518e-01,1.343788057565689087e-01,1.989218443632125854e-01,-3.056272864341735840e-01,-1.660919338464736938e-01,-3.345276117324829102e-01,-2.854256927967071533e-01,-4.259266555309295654e-01,-3.554722070693969727e-01,-5.550711154937744141e-01,-2.104936912655830383e-02,-1.011436134576797485e-01,-3.651183843612670898e-01,2.317386418581008911e-01,-1.183400973677635193e-01,9.833224117755889893e-03,-1.407187432050704956e-01,1.213163509964942932e-01,2.893694341182708740e-01,-2.252779155969619751e-01,-1.930068880319595337e-01,-4.258902668952941895e-01,-3.763428330421447754e-01,-3.647723197937011719e-01,-1.475366204977035522e-01,1.866728812456130981e-02,-7.876809686422348022e-02,-8.618385344743728638e-02,-2.029581815004348755e-01,-1.902823299169540405e-01,-2.131716609001159668e-01,-4.500345140695571899e-02,-1.485105007886886597e-01,5.116622429341077805e-03,-2.031780183315277100e-01,-2.091866433620452881e-01,-2.461399435997009277e-01,1.263429373502731323e-01,5.750554427504539490e-02,-8.799744397401809692e-02,8.928534388542175293e-02
1.123060360550880432e-01,-1.557367742061614990e-01,-2.621394349262118340e-03,-2.208883166313171387e-01,6.182578206062316895e-01,6.532047986984252930e-01,9.585195034742355347e-02,-4.106787443161010742e-01,0.000000000000000000e+00,6.470800042152404785e-01,4.435642361640930176e-01,1.442245244979858398e-01,-3.833914920687675476e-02,-4.487380981445312500e-01,3.071937263011932373e-01,5.195327997207641602e-01,-2.897418141365051270e-01,-6.296589225530624390e-02,1.994244605302810669e-01,-1.680545359849929810e-01,1.052141115069389343e-01,4.689778089523315430e-01,-4.117239266633987427e-02,2.852224409580230713e-01,6.046095490455627441e-01,5.609323978424072266e-01,1.871868520975112915e-01,-1.103491783142089844e-01,9.044468402862548828e-02,2.590007614344358444e-03,-1.489297896623611450e-01,-1.744341105222702026e-01,-7.951276749372482300e-02,-1.133645921945571899e-01,-2.781479433178901672e-02,-7.179421186447143555e-02,3.299630284309387207e-01,5.658032372593879700e-02,-4.514610767364501953e-01,-4.066908061504364014e-01,4.367693364620208740e-01,-3.956340849399566650e-01,-2.832895219326019287e-01,-4.596115648746490479e-01,-3.628200292587280273e-01,-4.618573784828186035e-01,-5.539900660514831543e-01,-3.904936909675598145e-01,-5.360512137413024902e-01,-3.931739032268524170e-01,-1.856660544872283936e-01,-1.692812442779541016e-01,-2.683922946453094482e-01,-3.093778491020202637e-01,3.571033477783203125e-01,9.536445885896682739e-02,1.483552008867263794e-01,-8.759850263595581055e-02,-2.525705993175506592e-01,-1.497872769832611084e-01,2.428956180810928345e-01,-8.507998287677764893e-02,-2.186436057090759277e-01,3.010703623294830322e-01,2.654565684497356415e-02,-5.974401533603668213e-02,1.742291301488876343e-01,7.300233934074640274e-03,-4.839377850294113159e-02,-5.637317523360252380e-02,5.509179830551147461e-01,3.387193679809570312e-01,-7.831723242998123169e-02,-2.662708051502704620e-02,-2.333216071128845215e-01,3.102051317691802979e-01,-1.708339303731918335e-01,-1.589715182781219482e-01,3.972027897834777832e-01,3.087084889411926270e-01,-2.750434912741184235e-02,-1.076093465089797974e-01,2.139870971441268921e-01,1.964417099952697754e-01,3.816337585449218750e-01,-1.721119135618209839e-01,1.494723260402679443e-01,4.951027333736419678e-01,-2.916414737701416016e-01,7.615699619054794312e-02,-2.057479172945022583e-01,-1.169591993093490601e-01,-3.128290772438049316e-01,-4.111901521682739258e-01,2.013000398874282837e-01,6.027862802147865295e-02,-3.076301887631416321e-02,2.210657112300395966e-02,2.017475068569183350e-01,-1.628947854042053223e-01,-3.472291529178619385e-01,2.491899877786636353e-01,-1.782720088958740234e-01,-1.484534740447998047e-01,-1.555597484111785889e-01,-7.399062160402536392e-03,-1.113091930747032166e-01,2.818484306335449219e-01,-1.172477900981903076e-01,8.320529945194721222e-03,-2.704287171363830566e-01,-2.046954482793807983e-01,-4.570196568965911865e-01,-3.013694286346435547e-01,1.167703568935394287e-01,-2.219532430171966553e-01
6.825280934572219849e-02,-1.069770604372024536e-01,-3.051219694316387177e-02,-1.507694274187088013e-01,6.274913549423217773e-01,6.032560467720031738e-01,1.405104696750640869e-01,-2.187380641698837280e-01,6.470800042152404785e-01,0.000000000000000000e+00,3.521989583969116211e-01,2.084990739822387695e-01,-2.428006753325462341e-02,-2.577849328517913818e-01,4.131123125553131104e-01,6.609113216400146484e-01,-2.034527808427810669e-01,-6.527765095233917236e-02,2.344854921102523804e-01,-7.038909941911697388e-02,2.473714500665664673e-01,5.383002161979675293e-01,1.032635718584060669e-01,4.180684983730316162e-01,5.970861911773681641e-01,6.210131049156188965e-01,3.239246606826782227e-01,3.502145409584045410e-02,1.353585869073867798e-01,7.747636735439300537e-02,1.218969002366065979e-01,7.048150897026062012e-02,-6.320234388113021851e-02,-7.716015726327896118e-02,-1.552031785249710083e-01,-1.377225816249847412e-01,1.272961050271987915e-01,-3.706287592649459839e-02,-2.817158102989196777e-01,-2.305268794298171997e-01,3.946639895439147949e-01,-1.788993179798126221e-01,-3.079177141189575195e-01,-3.898973464965820312e-01,-3.710063397884368896e-01,-4.582967758178710938e-01,-5.199308395385742188e-01,-4.296314120292663574e-01,-5.630347728729248047e-01,-4.832514524459838867e-01,-3.303468823432922363e-01,-3.171863853931427002e-01,-3.462705314159393311e-01,-3.608032464981079102e-01,2.692323625087738037e-01,1.722288690507411957e-02,6.853574514389038086e-02,-9.338680654764175415e-02,-3.283289372920989990e-01,-1.733564138412475586e-01,5.058249831199645996e-02,-1.027099564671516418e-01,-1.855002641677856445e-01,2.296011745929718018e-01,-1.053645908832550049e-01,-1.442116498947143555e-01,-4.781299829483032227e-02,-1.001716703176498413e-01,-4.645208641886711121e-02,3.811476379632949829e-02,6.064516305923461914e-01,5.318216085433959961e-01,-2.386036887764930725e-02,-5.017697438597679138e-02,-8.804554492235183716e-02,2.094153463840484619e-01,-6.612163037061691284e-02,4.910005722194910049e-03,3.219600915908813477e-01,3.069019615650177002e-01,-7.257221639156341553e-02,-1.478289812803268433e-01,1.620315760374069214e-01,3.721131980419158936e-01,2.532214820384979248e-01,-1.363848298788070679e-01,3.236742019653320312e-01,5.653908252716064453e-01,-1.211679503321647644e-01,1.519476473331451416e-01,-1.342011839151382446e-01,-3.805816918611526489e-02,-2.040357589721679688e-01,-3.862506747245788574e-01,2.434406578540802002e-01,1.130798459053039551e-01,2.561820670962333679e-02,1.262157559394836426e-01,1.982948184013366699e-01,-4.472340643405914307e-02,-2.212683707475662231e-01,1.616261452436447144e-01,-7.631922513246536255e-02,-3.029441274702548981e-02,-5.631618201732635498e-02,6.219846010208129883e-02,-7.133854925632476807e-02,3.148187994956970215e-01,-1.358689516782760620e-01,1.262134909629821777e-01,-2.185720205307006836e-01,-1.687500774860382080e-01,-2.919899523258209229e-01,-1.964996904134750366e-01,3.949426487088203430e-02,-8.110163360834121704e-02
1.541884541511535645e-01,-1.500144600868225098e-01,5.021157115697860718e-02,-1.884996443986892700e-01,1.866443604230880737e-01,3.797798752784729004e-01,8.069633692502975464e-02,-2.371255606412887573e-01,4.435642361640930176e-01,3.521989583969116211e-01,0.000000000000000000e+00,4.272618591785430908e-01,1.022485345602035522e-01,-2.251134812831878662e-01,1.049878820776939392e-01,2.824900746345520020e-01,1.658309064805507660e-02,1.274311244487762451e-01,4.565086215734481812e-03,-1.848992705345153809e-01,1.268067490309476852e-02,2.636526823043823242e-01,-5.423196405172348022e-02,2.195542901754379272e-01,2.396937161684036255e-01,1.838179230690002441e-01,-9.494108706712722778e-02,-2.027501016855239868e-01,3.309578895568847656e-01,2.383891344070434570e-01,-1.949535161256790161e-01,-1.972533911466598511e-01,-1.317942887544631958e-01,-1.284556537866592407e-01,-9.805969893932342529e-02,-1.275145411491394043e-01,3.071436882019042969e-01,6.927946209907531738e-02,-4.643125534057617188e-01,-4.371921718120574951e-01,3.135227859020233154e-01,-3.396189212799072266e-01,-1.434861272573471069e-01,-2.601118981838226318e-01,-2.073268592357635498e-01,-3.136619925498962402e-01,-3.424394428730010986e-01,-1.826648265123367310e-01,-2.821975052356719971e-01,-1.234697103500366211e-01,1.120330691337585449e-01,1.074800714850425720e-01,1.456591300666332245e-02,-1.484605222940444946e-01,3.143235146999359131e-01,1.242273300886154175e-01,1.178101077675819397e-01,-1.533090174198150635e-01,-2.202666699886322021e-01,-2.098770439624786377e-01,2.611349523067474365e-01,-1.098000556230545044e-01,1.297822147607803345e-01,3.301650881767272949e-01,-1.372060086578130722e-02,-6.690472364425659180e-02,-1.055624559521675110e-01,-2.069784402847290039e-01,-3.479765728116035461e-02,-2.243375331163406372e-01,3.552409410476684570e-01,1.938209384679794312e-01,-6.007454544305801392e-02,6.910254061222076416e-02,-2.416507601737976074e-01,2.399923801422119141e-01,-1.374950408935546875e-01,-1.365595161914825439e-01,3.943096101284027100e-01,1.368032097816467285e-01,9.904725104570388794e-02,-1.577574759721755981e-02,1.984639018774032593e-01,5.814199149608612061e-02,3.725365102291107178e-01,-1.219953969120979309e-01,-1.102835834026336670e-01,1.966887116432189941e-01,-2.057662010192871094e-01,-1.187939867377281189e-01,-1.520916521549224854e-01,-1.504336595535278320e-01,-3.339237719774246216e-02,-2.538593411445617676e-01,-1.167704388499259949e-01,-1.841324567794799805e-01,-7.189888507127761841e-02,8.613280951976776123e-02,1.131397783756256104e-01,-1.789233833551406860e-01,-2.716544270515441895e-01,1.032721474766731262e-01,-1.161578819155693054e-01,-2.066486328840255737e-01,-5.409258231520652771e-02,-2.472402760758996010e-03,-9.236022084951400757e-02,2.467531114816665649e-01,-3.201115727424621582e-01,-5.882240831851959229e-03,-1.602868884801864624e-01,-1.100543215870857239e-01,-2.261172086000442505e-01,-1.113163977861404419e-01,8.309386670589447021e-02,-2.692984044551849365e-01
1.439952105283737183e-01,1.359649747610092163e-01,1.761891841888427734e-01,1.845295280218124390e-01,7.496736198663711548e-02,3.109801188111305237e-02,1.721167117357254028e-01,2.438410371541976929e-01,1.442245244979858398e-01,2.084990739822387695e-01,4.272618591785430908e-01,0.000000000000000000e+00,2.787643074989318848e-01,2.455970793962478638e-01,4.625007882714271545e-02,8.181755989789962769e-02,3.879335150122642517e-02,1.571953445672988892e-01,5.799771472811698914e-02,3.986343368887901306e-02,4.141090903431177139e-03,1.581262185936793685e-04,2.581441104412078857e-01,3.125116229057312012e-01,5.983071774244308472e-02,9.980145841836929321e-02,-2.054479569196701050e-01,-3.101193718612194061e-02,2.496304959058761597e-01,4.068134427070617676e-01,1.675044298171997070e-01,2.222340404987335205e-01,7.398498803377151489e-02,1.529546827077865601e-01,-1.652483791112899780e-01,-1.071180254220962524e-01,-1.283125877380371094e-01,-2.339417636394500732e-01,-2.863495349884033203e-01,-3.326395452022552490e-01,2.019399031996726990e-02,-2.542656064033508301e-01,-1.573080867528915405e-01,-1.525981873273849487e-01,-1.314654499292373657e-01,-1.689701974391937256e-01,-2.414136081933975220e-01,-1.114347130060195923e-01,-1.558879017829895020e-01,-4.659843817353248596e-02,-5.695469211786985397e-03,7.978010922670364380e-02,7.093049585819244385e-02,3.471872210502624512e-02,2.398588880896568298e-02,-1.235016528517007828e-02,4.056305438280105591e-02,6.852135062217712402e-02,-1.208141297101974487e-01,-5.686357244849205017e-02,1.121703535318374634e-01,1.449555009603500366e-01,4.029779136180877686e-02,2.398977428674697876e-01,-1.525025665760040283e-01,5.297743156552314758e-02,-2.399046868085861206e-01,-1.912548243999481201e-01,-7.171082310378551483e-03,-1.667984426021575928e-01,1.723869889974594116e-01,8.914786577224731445e-02,-9.896607697010040283e-02,4.022535681724548340e-02,-1.957158446311950684e-01,3.818912804126739502e-02,-1.263056099414825439e-01,-4.790462553501129150e-02,1.734397113323211670e-01,1.385193765163421631e-01,-3.194107860326766968e-02,-6.050472613424062729e-03,-1.430990397930145264e-01,-1.208651363849639893e-01,-1.884515210986137390e-02,-1.000036578625440598e-02,-2.322079390287399292e-01,-4.196832701563835144e-02,-1.455200463533401489e-01,-5.291419476270675659e-02,-1.217785105109214783e-01,-1.922947764396667480e-01,8.535228669643402100e-03,-1.092324554920196533e-01,-2.699478268623352051e-01,-3.505757749080657959e-01,-2.311223000288009644e-01,1.143892877735197544e-03,-4.770835489034652710e-02,-1.890096962451934814e-01,-2.338870167732238770e-01,3.246410191059112549e-02,-6.680682301521301270e-02,-2.135283946990966797e-01,-1.296941190958023071e-01,-1.015464216470718384e-01,-7.599756866693496704e-02,2.286692112684249878e-01,-4.223496913909912109e-01,6.408032774925231934e-02,-1.571799665689468384e-01,-1.332451999187469482e-01,-1.178969442844390869e-01,-5.616594851016998291e-02,4.252822697162628174e-02,-2.240861952304840088e-01
1.635858565568923950e-01,2.180694341659545898e-01,2.562731504440307617e-01,2.108529359102249146e-01,-8.768454939126968384e-02,-2.752768993377685547e-01,2.242018878459930420e-01,3.164458274841308594e-01,-3.833914920687675476e-02,-2.428006753325462341e-02,1.022485345602035522e-01,2.787643074989318848e-01,0.000000000000000000e+00,4.237191081047058105e-01,3.350821435451507568e-01,-1.322706341743469238e-01,2.591243386268615723e-01,7.544581312686204910e-03,1.262519508600234985e-01,1.502910405397415161e-01,-1.511401087045669556e-01,-2.902400493621826172e-01,3.654005527496337891e-01,8.354882150888442993e-02,3.618873655796051025e-02,6.030428782105445862e-02,-1.464366763830184937e-01,1.947288811206817627e-01,3.826993703842163086e-02,-1.198417693376541138e-02,2.676110863685607910e-01,2.666951119899749756e-01,2.027946859598159790e-01,1.911939382553100586e-01,5.745966359972953796e-02,-5.778955295681953430e-02,-3.494378924369812012e-01,-3.699843883514404297e-01,1.898080706596374512e-01,2.806090004742145538e-02,-3.244291543960571289e-01,3.545812889933586121e-02,-1.498592495918273926e-01,-1.302276998758316040e-01,-3.151556476950645447e-02,-1.111820563673973083e-01,-3.545073792338371277e-02,-1.466066241264343262e-01,-5.812386050820350647e-02,-1.184352301061153412e-02,-2.333290129899978638e-01,-2.141102403402328491e-01,-2.635075896978378296e-02,4.385900497436523438e-02,-3.269821703433990479e-01,-3.624472618103027344e-01,1.458120495080947876e-01,1.486194431781768799e-01,1.063188612461090088e-01,5.072070658206939697e-02,1.088235750794410706e-01,3.931791707873344421e-02,1.701353788375854492e-01,-3.282403647899627686e-01,2.438139617443084717e-01,2.781264670193195343e-02,-2.645017392933368683e-02,-1.446532160043716431e-01,-6.093804538249969482e-02,3.648746758699417114e-02,-2.211428247392177582e-02,4.987547639757394791e-03,1.773294359445571899e-01,7.692728191614151001e-02,5.288399755954742432e-02,-2.406886070966720581e-01,7.609210163354873657e-02,1.820082962512969971e-02,-2.916288971900939941e-01,-1.696984171867370605e-01,7.749459147453308105e-02,1.315592601895332336e-02,-3.365618288516998291e-01,-3.228909373283386230e-01,-7.945188321173191071e-03,6.440164148807525635e-02,1.799330674111843109e-02,-2.305473685264587402e-01,1.846713870763778687e-01,-8.391825854778289795e-02,-2.336717247962951660e-01,-1.752361357212066650e-01,-1.054999083280563354e-01,3.781689330935478210e-02,-3.828439712524414062e-01,-4.007422327995300293e-01,-3.092062175273895264e-01,-2.981684207916259766e-01,-3.537312746047973633e-01,-2.094347327947616577e-01,4.315248224884271622e-03,-2.131424248218536377e-01,-1.495307832956314087e-01,-1.428346931934356689e-01,-1.851720958948135376e-01,-3.211110830307006836e-01,-1.226203441619873047e-01,-6.338601559400558472e-02,-2.072769701480865479e-01,-7.891140133142471313e-02,-8.797895908355712891e-02,-2.231036722660064697e-01,-9.491165727376937866e-02,6.538677494972944260e-03,-2.675391733646392822e-01,-1.901817768812179565e-01
