0.000000000000000000e+00,4.334884285926818848e-01,1.244182605296373367e-02,-1.411144286394119263e-01,-1.134429499506950378e-01,-3.236528038978576660e-01,1.634016931056976318e-01,-1.383059006184339523e-02,6.877224147319793701e-02,-2.328045368194580078e-01,4.045562446117401123e-01,1.988387256860733032e-01,3.315513134002685547e-01,3.022416681051254272e-02,-8.248886466026306152e-02,-3.723526597023010254e-01,1.583344042301177979e-01,1.948116570711135864e-01,4.051365554332733154e-01,3.242570161819458008e-01,-1.259084641933441162e-01,-2.054499536752700806e-01,-9.791390597820281982e-02,-9.688744693994522095e-02,-3.418548703193664551e-01,-3.603244721889495850e-01,-2.109041064977645874e-01,-2.632048130035400391e-01,4.807122051715850830e-02,2.951950393617153168e-02,1.614983659237623215e-03,-6.862094253301620483e-02,1.633630841970443726e-01,7.696793228387832642e-02,-1.771663427352905273e-01,-1.710888445377349854e-01,-1.698889434337615967e-01,-6.745386123657226562e-02,-3.735806047916412354e-02,-9.952642768621444702e-02,-2.081582508981227875e-02,-2.236426249146461487e-02,1.578804254531860352e-01,2.134466916322708130e-01,1.476753056049346924e-01,1.531787663698196411e-01,1.530617624521255493e-01,4.922753199934959412e-02,4.751148074865341187e-02,9.969460964202880859e-02,9.312149137258529663e-02,7.742910832166671753e-02,1.465401798486709595e-01,2.154112327843904495e-03,-5.462027341127395630e-02,1.931249536573886871e-02,4.376494586467742920e-01,3.522233963012695312e-01,3.040467798709869385e-01,2.781952023506164551e-01,5.040617585182189941e-01,1.076294332742691040e-01,1.532006263732910156e-01,4.012105613946914673e-02,-1.719442307949066162e-01,-1.514785289764404297e-01,-2.974402159452438354e-02,1.533563807606697083e-02,4.068984389305114746e-01,1.483638584613800049e-01,1.331973075866699219e-01,-5.536954849958419800e-02,2.186600267887115479e-01,8.333320915699005127e-02,7.245691120624542236e-02,1.154760047793388367e-01,6.537400931119918823e-02,-1.546320319175720215e-01,6.214782223105430603e-02,-8.801646530628204346e-03,-1.402995735406875610e-02,-5.201966688036918640e-02,-1.434535533189773560e-01,-4.253956675529479980e-02,-5.073261633515357971e-02,-2.587935328483581543e-01,-1.583790034055709839e-01,-2.529110312461853027e-01,1.047459095716476440e-01,-2.423603087663650513e-01,-1.583340317010879517e-01,-4.294776171445846558e-02,-4.547782614827156067e-02,-1.525798290967941284e-01,-6.315159797668457031e-02,-3.569663502275943756e-03,-7.780349254608154297e-02,-6.136082112789154053e-02,8.140262961387634277e-02,1.691762506961822510e-01,7.608377188444137573e-02,-5.720456689596176147e-02,-3.404213348403573036e-03,-5.924449861049652100e-02,-4.146954976022243500e-03,1.861655525863170624e-02,-1.207213178277015686e-01,-1.719148755073547363e-01,-7.033129036426544189e-02,-8.867003768682479858e-02,-1.483317166566848755e-01,-8.366762101650238037e-02,2.260376140475273132e-02,1.093386486172676086e-01,-2.875994704663753510e-02,-9.263399243354797363e-02
4.334884285926818848e-01,0.000000000000000000e+00,-2.536948323249816895e-01,-1.313281655311584473e-01,-4.008612632751464844e-01,-4.016794860363006592e-01,-2.317247241735458374e-01,1.361970044672489166e-02,-2.578342854976654053e-01,-2.510017454624176025e-01,-7.382586598396301270e-02,1.627257913351058960e-01,-1.508165001869201660e-01,-7.426971197128295898e-02,-5.096629261970520020e-01,-3.142611086368560791e-01,2.250918596982955933e-01,4.318680167198181152e-01,2.007014453411102295e-01,3.650104701519012451e-01,-2.487341016530990601e-01,-3.395432829856872559e-01,-7.348681986331939697e-02,-2.864094823598861694e-02,-3.388260900974273682e-01,-2.771172821521759033e-01,-3.498840630054473877e-01,-2.348411828279495239e-01,-3.530955407768487930e-03,3.384221345186233521e-02,4.438250325620174408e-03,2.526624873280525208e-02,3.246202468872070312e-01,3.182239830493927002e-01,-1.179948970675468445e-01,-9.486625343561172485e-02,-2.992488443851470947e-01,-2.218184620141983032e-01,-2.713699042797088623e-01,-2.474147677421569824e-01,-1.620222181081771851e-01,-3.871813789010047913e-02,3.022094964981079102e-01,3.255300223827362061e-01,2.820241749286651611e-01,3.747848272323608398e-01,2.538394629955291748e-01,2.136412709951400757e-01,2.043587714433670044e-01,2.671650946140289307e-01,1.260181963443756104e-01,1.885761469602584839e-01,1.192646101117134094e-01,1.483746320009231567e-01,-1.322973072528839111e-01,4.932994395494461060e-02,5.533365607261657715e-01,7.488312125205993652e-01,2.416647225618362427e-01,2.257940024137496948e-01,2.614940404891967773e-01,2.159322500228881836e-01,4.061146378517150879e-01,3.484277129173278809e-01,-2.441157251596450806e-01,-1.963821649551391602e-01,-1.238502375781536102e-02,4.408885911107063293e-02,4.720499217510223389e-01,3.408944010734558105e-01,-2.532083988189697266e-01,5.261686630547046661e-03,3.068793416023254395e-01,3.506029248237609863e-01,1.868411153554916382e-01,3.695455193519592285e-01,-9.619190543889999390e-02,-1.350077539682388306e-01,6.632190197706222534e-02,1.422924697399139404e-01,-1.085111312568187714e-02,2.867099940776824951e-01,-3.013462424278259277e-01,-7.818228751420974731e-02,-3.837879300117492676e-01,1.184825971722602844e-01,-4.125172793865203857e-01,-2.632571756839752197e-01,-3.443437814712524414e-01,7.500670105218887329e-02,-1.926898807287216187e-01,1.234912648797035217e-01,5.602753162384033203e-02,1.062452867627143860e-01,-9.524556994438171387e-02,1.511646509170532227e-01,6.862823665142059326e-02,1.977182030677795410e-01,1.615181714296340942e-01,1.191040724515914917e-01,-1.910737901926040649e-01,-5.142258596606552601e-04,-1.592433899641036987e-01,4.904434829950332642e-02,-1.811728477478027344e-01,5.103130638599395752e-02,-3.122976720333099365e-01,-2.094945907592773438e-01,4.831307008862495422e-02,7.671626657247543335e-02,-6.007419899106025696e-02,1.447337418794631958e-01,2.096402347087860107e-01,1.950537860393524170e-01,2.560074627399444580e-01,-1.292926073074340820e-01
1.244182605296373367e-02,-2.536948323249816895e-01,0.000000000000000000e+00,6.349789500236511230e-01,4.913103580474853516e-01,3.789421916007995605e-01,7.323381304740905762e-01,1.837861984968185425e-01,3.928551971912384033e-01,1.352563947439193726e-01,1.325993835926055908e-01,-1.999858170747756958e-01,1.567876935005187988e-01,-2.047656327486038208e-01,5.509534478187561035e-01,3.093526465818285942e-03,-1.144310459494590759e-01,-1.853783726692199707e-01,4.025818109512329102e-01,4.041438996791839600e-01,2.485682442784309387e-02,1.399456262588500977e-01,9.357746690511703491e-02,1.625362485647201538e-01,2.242955267429351807e-01,3.338886201381683350e-01,2.826445400714874268e-01,3.007662594318389893e-01,-1.698104292154312134e-01,-1.939170956611633301e-01,2.769094407558441162e-01,2.031275629997253418e-01,7.408234477043151855e-02,1.447750926017761230e-01,3.171069622039794922e-01,2.958109080791473389e-01,3.151524960994720459e-01,4.560866951942443848e-01,1.035350933670997620e-01,2.731096446514129639e-01,1.248700171709060669e-01,1.992043703794479370e-01,-4.722102284431457520e-01,-5.496976971626281738e-01,-3.227280080318450928e-01,-5.847778916358947754e-01,-3.812584578990936279e-01,-5.424460172653198242e-01,-4.766647219657897949e-01,-6.143711805343627930e-01,-5.154039859771728516e-01,-5.670877695083618164e-01,-4.644768238067626953e-01,-6.710379123687744141e-01,-7.787364721298217773e-02,-3.894947469234466553e-01,5.385087057948112488e-02,-3.726242482662200928e-01,3.935497626662254333e-02,-1.823794692754745483e-01,-3.393395543098449707e-01,-3.900358974933624268e-01,-2.394427210092544556e-01,-2.989569902420043945e-01,2.323997020721435547e-01,2.131750434637069702e-01,5.500671863555908203e-01,3.645178675651550293e-01,2.153847366571426392e-01,2.976821064949035645e-01,3.628737926483154297e-01,-8.291848003864288330e-02,6.627889350056648254e-03,7.917017489671707153e-02,1.156540811061859131e-01,-2.759954631328582764e-01,1.977246440947055817e-02,-1.567253619432449341e-01,-2.712218165397644043e-01,-4.510554373264312744e-01,-1.678158342838287354e-01,-3.772313594818115234e-01,-3.181578218936920166e-02,-1.991559006273746490e-02,2.573726773262023926e-01,-5.325811505317687988e-01,6.110373735427856445e-01,4.519615769386291504e-01,4.745606482028961182e-01,-4.258508384227752686e-01,1.095325052738189697e-01,-3.987621366977691650e-01,-4.263799488544464111e-01,-5.784397721290588379e-01,1.137326955795288086e-01,-6.435815244913101196e-02,2.028452605009078979e-01,-3.703196942806243896e-01,-1.728717088699340820e-01,-2.659322321414947510e-01,3.664531409740447998e-01,-2.241354435682296753e-01,5.817672014236450195e-01,2.564997971057891846e-01,1.787213534116744995e-01,-1.875517368316650391e-01,6.469846367835998535e-01,4.046959280967712402e-01,8.757605403661727905e-02,-1.178879737854003906e-01,-1.737308055162429810e-01,-1.905393451452255249e-01,-4.228773713111877441e-01,-3.636063337326049805e-01,-4.640365839004516602e-01,-1.365530788898468018e-01
-1.411144286394119263e-01,-1.313281655311584473e-01,6.349789500236511230e-01,0.000000000000000000e+00,3.596567511558532715e-01,5.363705158233642578e-01,5.754426121711730957e-01,5.236204862594604492e-01,1.405837833881378174e-01,3.168874382972717285e-01,3.042255155742168427e-02,-1.397264003753662109e-01,-3.890435909852385521e-03,-1.246876865625381470e-01,2.953549325466156006e-01,1.719699501991271973e-01,-1.569478660821914673e-01,-2.278752624988555908e-01,4.254869520664215088e-01,4.071947932243347168e-01,-6.254260241985321045e-02,2.540095336735248566e-02,1.176597774028778076e-01,2.639676928520202637e-01,1.556100547313690186e-01,5.169882178306579590e-01,9.531225264072418213e-02,2.809371948242187500e-01,-3.000921308994293213e-01,-3.280817568302154541e-01,3.123560547828674316e-01,3.280544579029083252e-01,1.584191173315048218e-01,3.793032765388488770e-01,3.153953850269317627e-01,2.756480574607849121e-01,1.866586953401565552e-01,3.140507042407989502e-01,-1.704068295657634735e-02,2.334999293088912964e-01,1.181472558528184891e-02,-1.982613233849406242e-03,-4.412481188774108887e-01,-5.689353942871093750e-01,-2.910572290420532227e-01,-5.919967889785766602e-01,-4.472517967224121094e-01,-6.217807531356811523e-01,-5.494563579559326172e-01,-6.547186970710754395e-01,-6.449914574623107910e-01,-6.543345451354980469e-01,-6.577304601669311523e-01,-6.841640472412109375e-01,-3.787415921688079834e-01,-5.199819207191467285e-01,4.618242848664522171e-03,-3.410188257694244385e-01,-6.823392212390899658e-02,-2.370927780866622925e-01,-4.034990668296813965e-01,-1.059540435671806335e-01,-1.340288668870925903e-01,-1.340266317129135132e-01,2.338625043630599976e-01,3.943879306316375732e-01,5.155934095382690430e-01,4.556153416633605957e-01,1.111805662512779236e-01,2.886027991771697998e-01,2.456109523773193359e-01,7.062817364931106567e-02,3.776533529162406921e-02,1.558495908975601196e-01,1.633919775485992432e-01,-1.882805526256561279e-01,-4.786676540970802307e-02,-8.535585552453994751e-02,-3.123918175697326660e-01,-3.815229237079620361e-01,-2.555927932262420654e-01,-2.974209785461425781e-01,-1.660465449094772339e-01,-1.252011861652135849e-02,6.790876388549804688e-02,-2.644160389900207520e-01,4.501195549964904785e-01,4.822002351284027100e-01,1.008675694465637207e-01,-2.601599395275115967e-01,3.248381018638610840e-01,-1.595387607812881470e-01,-1.682514995336532593e-01,-3.565132915973663330e-01,1.402503401041030884e-01,-2.719217725098133087e-02,2.202537804841995239e-01,-2.509162425994873047e-01,-1.497329175472259521e-01,-3.102874755859375000e-01,2.460399866104125977e-01,-1.666743308305740356e-01,4.169017970561981201e-01,2.735375165939331055e-01,1.213035266846418381e-02,-2.381857335567474365e-01,4.710577130317687988e-01,3.470130860805511475e-01,-1.390475686639547348e-02,-1.678712368011474609e-01,-1.141922920942306519e-01,-1.478528082370758057e-01,-3.547154963016510010e-01,-2.566008865833282471e-01,-2.689711451530456543e-01,-1.725969910621643066e-01
-1.134429499506950378e-01,-4.008612632751464844e-01,4.913103580474853516e-01,3.596567511558532715e-01,0.000000000000000000e+00,4.770903885364532471e-01,3.786365389823913574e-01,8.926548063755035400e-02,4.888290464878082275e-01,4.191368818283081055e-01,1.667284667491912842e-01,-6.107534468173980713e-02,2.174786627292633057e-01,-1.515033692121505737e-01,3.975836634635925293e-01,6.686963886022567749e-02,-3.256734609603881836e-01,-4.200518131256103516e-01,1.817718893289566040e-01,1.092464383691549301e-02,8.956357091665267944e-02,1.787905395030975342e-01,-8.562803268432617188e-03,6.844888627529144287e-02,4.027655422687530518e-01,3.909719884395599365e-01,4.355752170085906982e-01,4.298921823501586914e-01,-2.372481375932693481e-01,-3.311435282230377197e-01,1.115946099162101746e-01,4.459234699606895447e-02,4.898475017398595810e-03,-1.177291572093963623e-01,2.845668494701385498e-01,2.454469352960586548e-01,2.389062941074371338e-01,3.783023059368133545e-01,6.961434334516525269e-02,2.209081053733825684e-01,-6.247893720865249634e-02,-1.841005124151706696e-02,-4.069014787673950195e-01,-4.631826281547546387e-01,-2.223701626062393188e-01,-4.954245686531066895e-01,-2.856087088584899902e-01,-4.108938872814178467e-01,-3.783612549304962158e-01,-4.218749105930328369e-01,-3.581738770008087158e-01,-4.086744785308837891e-01,-3.080631196498870850e-01,-4.365974068641662598e-01,2.071501500904560089e-02,-2.631345689296722412e-01,-1.291883736848831177e-01,-4.003815650939941406e-01,2.552418038249015808e-02,-5.556914955377578735e-02,-8.980605006217956543e-02,-1.843419969081878662e-01,-4.550875127315521240e-01,-5.394293665885925293e-01,2.319202572107315063e-01,2.874284386634826660e-01,3.289840817451477051e-01,1.737820357084274292e-01,-3.539291024208068848e-02,8.779253065586090088e-02,3.458465635776519775e-01,4.529972374439239502e-02,-1.706124544143676758e-01,-1.173926964402198792e-01,2.582823298871517181e-02,-2.843714654445648193e-01,5.973616242408752441e-02,1.889912760816514492e-03,-3.153932988643646240e-01,-4.496003985404968262e-01,-1.990619897842407227e-01,-4.461567699909210205e-01,-1.129897534847259521e-01,-1.420911997556686401e-01,3.408046364784240723e-01,-3.242218196392059326e-01,5.410129427909851074e-01,4.421825706958770752e-01,4.694838821887969971e-01,-1.342606395483016968e-01,2.065337076783180237e-02,-2.460679709911346436e-01,-2.230851054191589355e-01,-2.131260931491851807e-01,-2.742587216198444366e-02,-2.283567488193511963e-01,-3.846296295523643494e-02,-3.605212867259979248e-01,-3.633701503276824951e-01,-3.491908013820648193e-01,2.957841753959655762e-01,4.639144614338874817e-02,3.475804924964904785e-01,1.400921344757080078e-01,6.325262039899826050e-02,-1.554789990186691284e-01,4.365899562835693359e-01,3.337800204753875732e-01,-4.438028484582901001e-02,-8.174964785575866699e-02,-2.927703550085425377e-03,-2.026234418153762817e-01,-3.824162483215332031e-01,-2.772165834903717041e-01,-3.188735246658325195e-01,-5.644575506448745728e-02
-3.236528038978576660e-01,-4.016794860363006592e-01,3.789421916007995605e-01,5.363705158233642578e-01,4.770903885364532471e-01,0.000000000000000000e+00,2.598306834697723389e-01,2.299513965845108032e-01,2.362807989120483398e-01,4.950093924999237061e-01,1.404789742082357407e-02,-1.247894912958145142e-01,6.221009884029626846e-03,-7.422772794961929321e-02,3.754028379917144775e-01,3.255732059478759766e-01,-2.009289264678955078e-01,-2.984759807586669922e-01,1.415114700794219971e-01,9.259992092847824097e-02,2.065297365188598633e-01,2.757382094860076904e-01,-1.693105883896350861e-02,1.433607935905456543e-01,3.821629583835601807e-01,5.464150905609130859e-01,2.574794590473175049e-01,4.550924897193908691e-01,-1.343541145324707031e-01,-1.227749139070510864e-01,9.768754988908767700e-02,7.668652385473251343e-02,-1.549054086208343506e-01,-8.449912816286087036e-02,1.529470980167388916e-01,8.832392096519470215e-02,2.954172194004058838e-01,3.378679454326629639e-01,8.734247833490371704e-02,2.548932135105133057e-01,2.575585432350635529e-02,1.236154604703187943e-02,-4.223683476448059082e-01,-5.014119744300842285e-01,-3.950354158878326416e-01,-5.773639082908630371e-01,-4.677626192569732666e-01,-4.789504408836364746e-01,-4.775603413581848145e-01,-5.203927755355834961e-01,-4.630907177925109863e-01,-4.699630737304687500e-01,-4.515132606029510498e-01,-4.927677810192108154e-01,-1.594544798135757446e-01,-3.570435047149658203e-01,-2.107547819614410400e-01,-4.799514114856719971e-01,-1.692185103893280029e-01,-2.550628781318664551e-01,-3.552545905113220215e-01,-2.259007841348648071e-01,-4.220621287822723389e-01,-3.772272467613220215e-01,2.141712903976440430e-01,3.289025127887725830e-01,2.112219184637069702e-01,1.711002588272094727e-01,-1.501093208789825439e-01,1.623756252229213715e-02,2.344802469015121460e-01,1.327776629477739334e-02,-9.301479905843734741e-02,-1.020319536328315735e-01,-2.479073591530323029e-02,-3.407221436500549316e-01,-6.599023193120956421e-02,4.476649314165115356e-02,-1.415531188249588013e-01,-2.553585767745971680e-01,-5.782673880457878113e-02,-2.971767783164978027e-01,8.192178606986999512e-02,-1.002651825547218323e-02,2.798531353473663330e-01,-1.212563365697860718e-01,4.104200303554534912e-01,4.169862866401672363e-01,2.253061830997467041e-01,-9.810462594032287598e-02,3.364154100418090820e-01,-8.108011633157730103e-02,-1.743947900831699371e-02,-1.515199244022369385e-01,1.832981109619140625e-01,-1.535004563629627228e-02,1.162690818309783936e-01,-2.341514974832534790e-01,-2.428532987833023071e-01,-3.278092741966247559e-01,1.712894141674041748e-01,-6.691077351570129395e-02,2.370723485946655273e-01,2.026499621570110321e-02,1.128226369619369507e-01,-1.320405602455139160e-01,3.254314363002777100e-01,2.596789300441741943e-01,3.051266819238662720e-02,-7.964843511581420898e-02,-5.593673884868621826e-02,-2.245509922504425049e-01,-3.481668829917907715e-01,-2.064434736967086792e-01,-1.549717038869857788e-01,4.831297323107719421e-02
1.634016931056976318e-01,-2.317247241735458374e-01,7.323381304740905762e-01,5.754426121711730957e-01,3.786365389823913574e-01,2.598306834697723389e-01,0.000000000000000000e+00,3.483642041683197021e-01,4.067595601081848145e-01,1.281072199344635010e-01,3.913984596729278564e-01,-1.385156512260437012e-01,3.981630504131317139e-01,-2.887306734919548035e-02,5.388741493225097656e-01,1.404852792620658875e-02,-2.901445515453815460e-02,-1.909485608339309692e-01,4.170326590538024902e-01,2.985007464885711670e-01,-1.051614582538604736e-01,-5.858830362558364868e-02,2.807134687900543213e-01,3.239828646183013916e-01,4.159241169691085815e-02,2.207154333591461182e-01,6.175919249653816223e-02,7.182063162326812744e-02,-1.502619534730911255e-01,-2.016290277242660522e-01,3.826500773429870605e-01,3.492579758167266846e-01,2.371524572372436523e-01,2.361762821674346924e-01,3.692312836647033691e-01,3.147203326225280762e-01,1.048157513141632080e-01,2.690089344978332520e-01,1.296025067567825317e-01,9.905572980642318726e-02,2.395461685955524445e-02,8.964519947767257690e-02,-4.480505287647247314e-01,-4.685453772544860840e-01,-1.530211418867111206e-01,-4.486801624298095703e-01,-3.572404384613037109e-01,-5.237261652946472168e-01,-4.516712725162506104e-01,-5.008577108383178711e-01,-5.020954608917236328e-01,-5.457527041435241699e-01,-4.892080426216125488e-01,-5.773705840110778809e-01,-2.908108830451965332e-01,-4.229317009449005127e-01,7.461799681186676025e-02,-3.503707349300384521e-01,-1.201610267162322998e-01,-2.626517415046691895e-01,-1.751795560121536255e-01,-1.177573949098587036e-01,-7.652494311332702637e-02,-2.097319960594177246e-01,4.107301235198974609e-01,3.798768818378448486e-01,4.884845614433288574e-01,2.653740048408508301e-01,1.630861759185791016e-01,1.453325748443603516e-01,4.748656749725341797e-01,-5.208844318985939026e-03,6.367646902799606323e-02,1.654894836246967316e-02,8.280983567237854004e-02,-1.546067297458648682e-01,1.793496310710906982e-01,-1.094693541526794434e-01,-1.509465724229812622e-01,-3.147875964641571045e-01,-1.697630733251571655e-01,-3.119648098945617676e-01,-9.577604383230209351e-02,-5.195358023047447205e-02,3.603916466236114502e-01,-4.838013052940368652e-01,3.858181536197662354e-01,2.026630938053131104e-01,3.309360444545745850e-01,-5.384327769279479980e-01,1.120403707027435303e-01,-1.964624673128128052e-01,-2.170943915843963623e-01,-4.575960636138916016e-01,1.975660212337970734e-02,-8.220306783914566040e-02,3.478989750146865845e-02,-3.362035751342773438e-01,-2.483908534049987793e-01,-2.853793799877166748e-01,2.311847656965255737e-01,-3.603336513042449951e-01,3.114649653434753418e-01,3.223565965890884399e-02,5.032165348529815674e-02,-1.474437713623046875e-01,3.795088529586791992e-01,1.133617311716079712e-01,1.544461399316787720e-02,-1.421566903591156006e-01,-2.736135125160217285e-01,-2.852433323860168457e-01,-3.962259888648986816e-01,-3.471952378749847412e-01,-4.289225339889526367e-01,-2.077518254518508911e-01
-1.383059006184339523e-02,1.361970044672489166e-02,1.837861984968185425e-01,5.236204862594604492e-01,8.926548063755035400e-02,2.299513965845108032e-01,3.483642041683197021e-01,0.000000000000000000e+00,1.129620969295501709e-01,3.963521420955657959e-01,3.108500838279724121e-01,3.625330924987792969e-01,2.532659471035003662e-01,3.799685239791870117e-01,9.580367058515548706e-02,2.805455923080444336e-01,-2.838387712836265564e-02,-1.535810232162475586e-01,1.117259711027145386e-01,4.416055977344512939e-02,-4.132442474365234375e-01,-3.479394912719726562e-01,1.720069646835327148e-01,4.494349062442779541e-01,-3.715262562036514282e-02,1.056968346238136292e-01,-6.899658590555191040e-02,-7.272890210151672363e-02,-1.894291341304779053e-01,-2.807931602001190186e-01,3.237719237804412842e-01,4.019428789615631104e-01,2.875283062458038330e-01,3.095276057720184326e-01,1.680880784988403320e-01,8.043041825294494629e-02,-3.206136226654052734e-01,-2.116376757621765137e-01,-1.371805965900421143e-01,-1.570283025503158569e-01,-2.188761234283447266e-01,-2.280372083187103271e-01,-2.794459462165832520e-01,-2.674480974674224854e-01,-1.304388511925935745e-02,-2.321764677762985229e-01,-2.108040750026702881e-01,-3.973622918128967285e-01,-3.297658562660217285e-01,-2.746041119098663330e-01,-3.873206079006195068e-01,-3.029297590255737305e-01,-3.852453827857971191e-01,-2.388722598552703857e-01,-4.341383576393127441e-01,-3.123880922794342041e-01,-1.621492058038711548e-01,-2.109932303428649902e-01,-1.496667712926864624e-01,7.425012439489364624e-02,-4.223392903804779053e-02,5.025918483734130859e-01,1.638692915439605713e-01,2.291088849306106567e-01,3.334977626800537109e-01,4.716518223285675049e-01,1.194244548678398132e-01,1.448649615049362183e-01,-1.510928384959697723e-02,-5.224375799298286438e-02,1.219129413366317749e-01,1.193137764930725098e-01,-1.003675442188978195e-02,8.043193072080612183e-02,4.444272443652153015e-02,8.924466371536254883e-02,7.149348966777324677e-03,-1.948715187609195709e-02,-1.356116831302642822e-01,-2.747618854045867920e-01,-3.324884474277496338e-01,-1.098215728998184204e-01,-3.462311923503875732e-01,-9.195252507925033569e-02,7.098121941089630127e-02,1.227992773056030273e-01,2.908185310661792755e-02,6.910887360572814941e-02,-1.483304649591445923e-01,-1.070664376020431519e-01,2.202611714601516724e-01,6.655555963516235352e-02,1.385155469179153442e-01,-1.488192081451416016e-01,-1.895578205585479736e-01,-6.677637994289398193e-02,-1.376814842224121094e-01,-1.562886685132980347e-01,-1.913166791200637817e-01,-2.844350636005401611e-01,8.799703419208526611e-02,-1.371911019086837769e-01,-6.180462893098592758e-03,1.063659600913524628e-02,-1.339608132839202881e-01,-1.870270818471908569e-01,5.781700834631919861e-02,-2.746958658099174500e-02,5.081771686673164368e-02,-1.735319197177886963e-01,-2.464288026094436646e-01,-2.309472560882568359e-01,-1.540319770574569702e-01,-7.718640565872192383e-02,1.312580239027738571e-02,-1.355278789997100830e-01
6.877224147319793701e-02,-2.578342854976654053e-01,3.928551971912384033e-01,1.405837833881378174e-01,4.888290464878082275e-01,2.362807989120483398e-01,4.067595601081848145e-01,1.129620969295501709e-01,0.000000000000000000e+00,3.359749317169189453e-01,3.339198827743530273e-01,1.003943607211112976e-01,4.456680715084075928e-01,1.259173750877380371e-01,4.115645289421081543e-01,1.288266777992248535e-01,-1.195496842265129089e-01,-1.718380302190780640e-01,5.646464601159095764e-02,1.091105677187442780e-02,2.715762518346309662e-02,6.049631536006927490e-02,4.303019866347312927e-02,1.882469803094863892e-01,3.203146159648895264e-01,8.176279067993164062e-02,3.284040689468383789e-01,1.248717829585075378e-01,5.729846656322479248e-02,-3.907843306660652161e-02,5.717293545603752136e-02,1.487806253135204315e-02,-2.698441222310066223e-02,-2.202849537134170532e-01,8.264452219009399414e-02,9.690925478935241699e-02,1.050663962960243225e-01,1.949831098318099976e-01,1.168799623847007751e-01,-1.603159680962562561e-02,-5.213813856244087219e-02,1.266021132469177246e-01,-4.151599705219268799e-01,-2.875257432460784912e-01,-1.855810284614562988e-01,-3.223087489604949951e-01,-2.088641673326492310e-01,-2.029756605625152588e-01,-2.241274267435073853e-01,-1.443002372980117798e-01,-1.242108792066574097e-01,-1.316220462322235107e-01,-7.588878273963928223e-02,-1.529906690120697021e-01,-1.058632973581552505e-02,-7.875876128673553467e-02,-1.400168538093566895e-01,-2.850165367126464844e-01,-8.620626479387283325e-02,-6.632629781961441040e-03,7.489841431379318237e-02,-1.024245321750640869e-01,-2.632929384708404541e-01,-2.919576764106750488e-01,2.275764346122741699e-01,1.749171465635299683e-01,6.136722117662429810e-02,-1.081855818629264832e-01,-1.594205014407634735e-02,-1.521403193473815918e-01,2.809789478778839111e-01,3.467605635523796082e-02,-1.094797402620315552e-01,-8.492577821016311646e-02,-1.132548451423645020e-01,-1.731297522783279419e-01,9.367538988590240479e-02,-6.921777967363595963e-03,-2.455125004053115845e-02,-1.971639245748519897e-01,6.431524176150560379e-03,-2.250126600265502930e-01,2.393780834972858429e-02,-5.534284561872482300e-02,4.295665323734283447e-01,-2.300616949796676636e-01,2.429445981979370117e-01,6.766987591981887817e-02,4.109544754028320312e-01,-1.992757767438888550e-01,-8.966002613306045532e-02,-7.343650609254837036e-02,-5.313020199537277222e-02,-1.342770308256149292e-01,-1.820173859596252441e-01,-2.126914262771606445e-01,-3.235979974269866943e-01,-4.231937229633331299e-01,-3.649808168411254883e-01,-2.990957498550415039e-01,1.250136643648147583e-01,-1.104602813720703125e-01,8.542281389236450195e-02,-1.707446724176406860e-01,6.703737378120422363e-02,-1.620357334613800049e-01,1.587077677249908447e-01,6.970833055675029755e-03,9.952963143587112427e-02,-8.095914125442504883e-02,-2.436695396900177002e-01,-3.584725558757781982e-01,-3.411622047424316406e-01,-1.858419328927993774e-01,-3.074284791946411133e-01,-9.365266561508178711e-02
-2.328045368194580078e-01,-2.510017454624176025e-01,1.352563947439193726e-01,3.168874382972717285e-01,4.191368818283081055e-01,4.950093924999237061e-01,1.281072199344635010e-01,3.963521420955657959e-01,3.359749317169189453e-01,0.000000000000000000e+00,2.698556184768676758e-01,3.355282247066497803e-01,2.477422058582305908e-01,2.728634476661682129e-01,2.845185101032257080e-01,4.266901612281799316e-01,-2.403196096420288086e-01,-3.251604437828063965e-01,-9.194867312908172607e-02,-1.364867687225341797e-01,-1.766315102577209473e-01,-1.038100197911262512e-01,1.646780818700790405e-01,2.380032092332839966e-01,2.849838435649871826e-01,2.637003660202026367e-01,1.641860306262969971e-01,3.323601186275482178e-01,-1.689174473285675049e-01,-2.839735746383666992e-01,6.544164568185806274e-02,1.405552476644515991e-01,-3.282866254448890686e-02,-1.758386194705963135e-01,7.433136552572250366e-02,1.495207566767930984e-02,-7.515853643417358398e-02,-8.570429868996143341e-03,-1.625472009181976318e-01,-6.664749234914779663e-02,-2.152164578437805176e-01,-9.391118586063385010e-02,-4.317646920680999756e-01,-4.184637665748596191e-01,-1.929339766502380371e-01,-3.437991142272949219e-01,-2.483749687671661377e-01,-2.769764363765716553e-01,-2.671122252941131592e-01,-1.719031780958175659e-01,-2.207838445901870728e-01,-1.803275644779205322e-01,-1.588316857814788818e-01,-1.388402283191680908e-01,-1.008631736040115356e-01,-1.616167873144149780e-01,-3.391959369182586670e-01,-3.667515516281127930e-01,-1.231064051389694214e-01,5.584342777729034424e-02,-3.995755687355995178e-03,1.373104155063629150e-01,-3.113831877708435059e-01,-2.223179936408996582e-01,3.422853946685791016e-01,3.965007066726684570e-01,-6.924812495708465576e-02,-1.574371010065078735e-01,-2.142637073993682861e-01,-2.182782292366027832e-01,1.351165324449539185e-01,1.803818345069885254e-01,-1.936768293380737305e-01,-5.840885639190673828e-02,-1.071946546435356140e-01,-1.667547076940536499e-01,-1.318268924951553345e-01,-4.733299463987350464e-02,-1.584968715906143188e-01,-3.205801248550415039e-01,-2.762292027473449707e-01,-3.380985558032989502e-01,-2.701475024223327637e-01,-2.469929307699203491e-01,3.477106690406799316e-01,1.371093243360519409e-01,1.958677917718887329e-01,2.412607520818710327e-01,1.665455400943756104e-01,1.431398093700408936e-01,3.023192882537841797e-01,7.644445449113845825e-02,2.549786269664764404e-01,5.942416936159133911e-02,-2.020275592803955078e-01,-1.591723114252090454e-01,-2.046182155609130859e-01,-2.997773885726928711e-01,-3.772144317626953125e-01,-4.021574854850769043e-01,9.703449904918670654e-02,5.506223812699317932e-02,-4.996508732438087463e-02,-1.199790239334106445e-01,-4.674779623746871948e-02,-1.982001215219497681e-01,5.999612063169479370e-02,6.543486565351486206e-02,4.582010209560394287e-02,-7.904840260744094849e-02,-1.704026460647583008e-01,-2.756505310535430908e-01,-2.571400105953216553e-01,-1.398378014564514160e-01,-3.257663920521736145e-02,8.650583773851394653e-02
4.045562446117401123e-01,-7.382586598396301270e-02,1.325993835926055908e-01,3.042255155742168427e-02,1.667284667491912842e-01,1.404789742082357407e-02,3.913984596729278564e-01,3.108500838279724121e-01,3.339198827743530273e-01,2.698556184768676758e-01,0.000000000000000000e+00,4.902452230453491211e-01,7.540237903594970703e-01,4.989722967147827148e-01,3.455540537834167480e-01,1.068085953593254089e-01,-1.554498635232448578e-02,-2.022164165973663330e-01,1.331321150064468384e-01,-7.152146846055984497e-02,-2.541675269603729248e-01,-2.707384526729583740e-01,1.772894263267517090e-01,2.441239506006240845e-01,-1.814707219600677490e-01,-2.145228236913681030e-01,-1.037262231111526489e-01,-1.349493712186813354e-01,-7.984046638011932373e-02,-1.722063720226287842e-01,2.185631096363067627e-01,1.942646205425262451e-01,1.017583310604095459e-01,-1.107900589704513550e-01,7.969152182340621948e-02,-6.140258535742759705e-02,-1.564424484968185425e-01,-1.020522862672805786e-01,-3.924420569092035294e-03,-1.373927742242813110e-01,-4.226935654878616333e-02,-1.261199265718460083e-01,-2.133231163024902344e-01,-1.468324661254882812e-01,1.011725217103958130e-01,-2.320995181798934937e-02,-1.112163439393043518e-01,-1.140521243214607239e-01,-1.567626297473907471e-01,5.099543929100036621e-02,-1.932864077389240265e-02,1.908108592033386230e-02,5.546450614929199219e-03,8.625714108347892761e-03,-1.438603550195693970e-01,-1.971723139286041260e-02,-8.671256154775619507e-02,-1.927448213100433350e-01,-5.246980115771293640e-02,1.519166678190231323e-01,4.027969241142272949e-01,2.914498448371887207e-01,-6.910445541143417358e-02,-1.200589016079902649e-01,3.500894904136657715e-01,3.256952464580535889e-01,-9.626660495996475220e-02,-1.847198009490966797e-01,-5.751850083470344543e-02,-2.964002788066864014e-01,3.125112056732177734e-01,1.144990846514701843e-01,-4.802131280303001404e-02,-1.915487051010131836e-01,-1.745184063911437988e-01,-4.737838730216026306e-02,1.129553914070129395e-01,-6.878665834665298462e-02,-1.871106587350368500e-02,-1.658360213041305542e-01,-2.225161641836166382e-01,-2.349435389041900635e-01,-2.047636061906814575e-01,-1.590892970561981201e-01,4.029122591018676758e-01,-2.317851595580577850e-02,-4.900679737329483032e-02,-1.422516256570816040e-01,2.128632813692092896e-01,-1.996644288301467896e-01,8.106126450002193451e-03,-1.124465838074684143e-02,5.795254558324813843e-02,-1.271693557500839233e-01,-1.365818828344345093e-01,-1.137494444847106934e-01,-2.926817834377288818e-01,-2.846831083297729492e-01,-3.129531145095825195e-01,-2.030294090509414673e-01,1.025453135371208191e-01,-7.536454498767852783e-02,-1.338363587856292725e-01,-2.760348320007324219e-01,6.035676226019859314e-03,1.988180540502071381e-02,-8.353874087333679199e-02,-2.030986696481704712e-01,-6.842498481273651123e-02,-1.557070165872573853e-01,-3.648836910724639893e-01,-4.425845742225646973e-01,-2.332470118999481201e-01,-2.065009027719497681e-01,-1.229003518819808960e-01,-3.530812263488769531e-02
1.988387256860733032e-01,1.627257913351058960e-01,-1.999858170747756958e-01,-1.397264003753662109e-01,-6.107534468173980713e-02,-1.247894912958145142e-01,-1.385156512260437012e-01,3.625330924987792969e-01,1.003943607211112976e-01,3.355282247066497803e-01,4.902452230453491211e-01,0.000000000000000000e+00,4.151834249496459961e-01,5.651959776878356934e-01,1.750525273382663727e-02,1.866340488195419312e-01,7.211423665285110474e-02,3.650283906608819962e-03,-1.567773818969726562e-01,-2.029751986265182495e-01,-4.198739826679229736e-01,-3.402577936649322510e-01,1.054307940648868680e-04,4.648965224623680115e-02,-1.154384166002273560e-01,-3.048745989799499512e-01,-9.720161557197570801e-02,-1.071423515677452087e-01,6.198793649673461914e-02,-9.808500111103057861e-02,5.611713230609893799e-02,7.498456537723541260e-02,-6.774286925792694092e-02,-1.696271151304244995e-01,-1.764531880617141724e-01,-2.490062564611434937e-01,-3.220058977603912354e-01,-3.278625607490539551e-01,-2.952789366245269775e-01,-2.789701521396636963e-01,-1.570039093494415283e-01,-1.583041697740554810e-01,-1.524488348513841629e-02,4.943601042032241821e-02,2.905015274882316589e-02,1.638905256986618042e-01,1.592106372117996216e-02,1.099132671952247620e-01,2.450186014175415039e-02,2.525812685489654541e-01,1.937697082757949829e-01,3.389554619789123535e-01,2.554787695407867432e-01,2.873727977275848389e-01,3.006096370518207550e-02,1.809423565864562988e-01,-2.324446141719818115e-01,2.233992097899317741e-03,1.176361143589019775e-01,4.969435930252075195e-01,4.222265183925628662e-01,4.799039065837860107e-01,-3.379596769809722900e-02,1.865479201078414917e-01,8.872996270656585693e-02,1.606892645359039307e-01,-3.914622962474822998e-01,-2.222378849983215332e-01,-1.644752472639083862e-01,-3.529073894023895264e-01,-1.237042546272277832e-01,1.471017152070999146e-01,-1.526535451412200928e-01,-3.021056205034255981e-02,-5.001766607165336609e-02,1.083686947822570801e-01,-1.427763700485229492e-01,-4.960368201136589050e-02,2.202560193836688995e-02,-1.089836210012435913e-01,-1.983842402696609497e-01,-1.023783460259437561e-01,-2.516250908374786377e-01,-2.280779927968978882e-01,6.959122419357299805e-02,3.761614859104156494e-01,-2.120465636253356934e-01,-1.359817534685134888e-01,-1.904502883553504944e-02,2.256639450788497925e-01,2.630119398236274719e-02,2.665839157998561859e-02,1.322185844182968140e-01,3.708904236555099487e-02,-2.519868910312652588e-01,-4.792616516351699829e-02,-2.331098318099975586e-01,-1.308499723672866821e-01,-7.268159836530685425e-02,-5.759339779615402222e-02,8.010350912809371948e-02,2.338040769100189209e-01,-1.790114641189575195e-01,-1.422110646963119507e-01,-3.108831588178873062e-03,-6.401470303535461426e-02,-1.547001600265502930e-01,-1.376470029354095459e-01,8.235978893935680389e-03,-6.466649472713470459e-02,-2.561732530593872070e-01,-2.884011566638946533e-01,-4.601764306426048279e-02,1.015725079923868179e-02,1.507483422756195068e-01,7.930637896060943604e-02
3.315513134002685547e-01,-1.508165001869201660e-01,1.567876935005187988e-01,-3.890435909852385521e-03,2.174786627292633057e-01,6.221009884029626846e-03,3.981630504131317139e-01,2.532659471035003662e-01,4.456680715084075928e-01,2.477422058582305908e-01,7.540237903594970703e-01,4.151834249496459961e-01,0.000000000000000000e+00,5.256183147430419922e-01,4.256150424480438232e-01,2.282086610794067383e-01,1.210547089576721191e-01,-1.163173094391822815e-01,2.036705426871776581e-02,-1.611717045307159424e-01,-2.589566409587860107e-01,-2.183331102132797241e-01,2.865950167179107666e-01,3.526171743869781494e-01,-1.175189837813377380e-01,-2.454289942979812622e-01,-7.124327868223190308e-02,-1.524700522422790527e-01,8.413606137037277222e-02,-6.658434867858886719e-02,2.219077795743942261e-01,2.493420094251632690e-01,6.562083214521408081e-02,-1.985239386558532715e-01,8.098074048757553101e-02,-5.184721946716308594e-02,-1.415063589811325073e-01,-1.242059022188186646e-01,-4.682819917798042297e-02,-2.089069783687591553e-01,-5.035158246755599976e-02,1.797618903219699860e-02,-2.219658046960830688e-01,-1.157159507274627686e-01,6.777989864349365234e-02,-2.399087324738502502e-02,-1.472348421812057495e-01,-7.693891227245330811e-02,-1.562559902667999268e-01,6.833469867706298828e-02,-1.733242347836494446e-02,2.349637076258659363e-02,1.260286476463079453e-02,6.902243942022323608e-02,-1.197682097554206848e-01,-1.744374819099903107e-02,-9.322534501552581787e-02,-2.137692123651504517e-01,-2.282219082117080688e-01,2.389397099614143372e-02,3.068185746669769287e-01,2.205747663974761963e-01,-4.127931594848632812e-02,-1.613302826881408691e-01,4.421325027942657471e-01,3.454678952693939209e-01,-1.627543270587921143e-01,-3.231058120727539062e-01,-7.994585484266281128e-02,-3.547324240207672119e-01,3.055538833141326904e-01,1.622753143310546875e-01,-9.718756377696990967e-02,-2.125783711671829224e-01,-1.580404043197631836e-01,-7.172359526157379150e-02,1.006506234407424927e-01,-9.537538141012191772e-02,1.027474775910377502e-01,-9.788314998149871826e-02,-7.050767540931701660e-02,-1.738728433847427368e-01,-1.388988196849822998e-01,-1.674522310495376587e-01,4.442145526409149170e-01,-2.454060316085815430e-02,-3.560150414705276489e-02,-1.418320685625076294e-01,1.927013248205184937e-01,-1.484866738319396973e-01,-4.272080212831497192e-02,3.713622689247131348e-02,2.417469210922718048e-02,-8.425867557525634766e-02,-2.672884166240692139e-01,-1.981200873851776123e-01,-3.158264160156250000e-01,-2.957278192043304443e-01,-3.400963842868804932e-01,-1.998926848173141479e-01,-2.307748422026634216e-02,-1.286393404006958008e-01,-1.886085718870162964e-01,-3.384669125080108643e-01,-5.459010135382413864e-03,-5.171635374426841736e-02,-8.206742256879806519e-02,-1.953248381614685059e-01,-9.345761500298976898e-03,-8.987124264240264893e-02,-4.095446467399597168e-01,-4.622967243194580078e-01,-2.653295099735260010e-01,-1.505429446697235107e-01,-1.105817109346389771e-01,-4.500923305749893188e-02
