0.000000000000000000e+00,8.145465254783630371e-01,6.168118715286254883e-01,6.306353211402893066e-01,-5.892643705010414124e-02,6.208083406090736389e-02,6.508410573005676270e-01,6.042246222496032715e-01,3.791741654276847839e-02,-2.402580156922340393e-02,4.147789180278778076e-01,1.733827739953994751e-01,1.953943371772766113e-01,1.109289601445198059e-01,-1.971012055873870850e-01,-2.099826633930206299e-01,-6.924621015787124634e-02,-1.485204547643661499e-01,7.258283495903015137e-01,7.317375540733337402e-01,-3.626883327960968018e-01,-4.067038595676422119e-01,5.717957019805908203e-01,4.664908945560455322e-01,-8.981011062860488892e-02,-3.764669597148895264e-02,4.158650711178779602e-02,1.288104951381683350e-01,-2.148373425006866455e-01,-2.929784059524536133e-01,3.058190047740936279e-01,3.401111364364624023e-01,4.328614771366119385e-01,4.296748042106628418e-01,-4.481366369873285294e-03,-1.910310089588165283e-01,-4.883219003677368164e-01,-5.460338592529296875e-01,-5.195896625518798828e-01,-5.222548246383666992e-01,-4.342875480651855469e-01,-2.825758755207061768e-01,-5.244618058204650879e-01,-4.697664678096771240e-01,-3.124411404132843018e-01,1.236341986805200577e-02,-5.000001192092895508e-01,-5.212967395782470703e-01,-1.805255860090255737e-01,-3.557852655649185181e-02,-4.040049016475677490e-01,-2.814717590808868408e-01,-4.325416386127471924e-01,-2.405574917793273926e-01,-2.310056090354919434e-01,-4.536770880222320557e-01,7.565227746963500977e-01,7.619667053222656250e-01,5.429750680923461914e-01,5.350285768508911133e-01,5.776940584182739258e-01,5.001541376113891602e-01,1.304389089345932007e-01,2.373581975698471069e-01,-1.640005409717559814e-01,-1.753266006708145142e-01,2.653343677520751953e-01,3.865444287657737732e-02,7.175518274307250977e-01,6.570764183998107910e-01,1.911851614713668823e-01,1.151091828942298889e-01,-1.451197918504476547e-02,4.530083760619163513e-02,4.590113088488578796e-02,2.258696779608726501e-02,-2.520199716091156006e-01,-1.584919244050979614e-01,-8.950199186801910400e-02,-7.465469837188720703e-02,-2.781924009323120117e-01,-3.331385850906372070e-01,-4.744745790958404541e-01,-4.363905191421508789e-01,-3.525317609310150146e-01,-4.013592600822448730e-01,-3.657222688198089600e-01,-5.147249102592468262e-01,-3.877081274986267090e-01,-3.308947980403900146e-01,-4.834173917770385742e-01,-4.664830565452575684e-01,-5.465400218963623047e-01,-4.341857433319091797e-01,-3.946610093116760254e-01,-2.176794558763504028e-01,-3.765161931514739990e-01,-4.138128161430358887e-01,-3.991310000419616699e-01,-5.233049988746643066e-01,-4.271641969680786133e-01,-2.748031914234161377e-01,-3.900537192821502686e-01,-4.338901340961456299e-01,-3.457359969615936279e-01,-2.817360162734985352e-01,-4.922249317169189453e-01,-1.304981708526611328e-01,-2.167449891567230225e-01,-3.882264792919158936e-01,-6.050136089324951172e-01,-3.632259070873260498e-01,-3.429690301418304443e-01,-2.650427222251892090e-01,-3.189785480499267578e-01,-8.199795335531234741e-02
8.145465254783630371e-01,0.000000000000000000e+00,4.994262158870697021e-01,5.753479003906250000e-01,-1.786784529685974121e-01,8.200823515653610229e-02,4.903800785541534424e-01,5.588089227676391602e-01,4.224801808595657349e-02,-4.947544634342193604e-02,2.894420921802520752e-01,2.184911817312240601e-01,6.292025744915008545e-02,1.419526636600494385e-01,-2.518277466297149658e-01,-2.308638840913772583e-01,1.122233085334300995e-02,-2.123365178704261780e-03,6.656465530395507812e-01,7.040995359420776367e-01,-3.436444699764251709e-01,-3.745977282524108887e-01,4.890394508838653564e-01,4.276337921619415283e-01,-8.479695022106170654e-02,-4.859239328652620316e-03,-4.331891611218452454e-02,1.572085916996002197e-01,-2.126684486865997314e-01,-2.263408154249191284e-01,2.403208911418914795e-01,2.677699923515319824e-01,4.651913940906524658e-01,4.762811362743377686e-01,-3.056811110582202673e-04,-1.388311237096786499e-01,-3.924801349639892578e-01,-4.679796695709228516e-01,-4.582604765892028809e-01,-4.530796408653259277e-01,-4.398755431175231934e-01,-2.474274933338165283e-01,-4.564179480075836182e-01,-3.697217702865600586e-01,-2.460876554250717163e-01,9.097263962030410767e-02,-4.384871721267700195e-01,-4.793356657028198242e-01,-1.621416658163070679e-01,3.110046684741973877e-02,-3.244937658309936523e-01,-2.388897389173507690e-01,-3.818108439445495605e-01,-1.986819356679916382e-01,-1.605556160211563110e-01,-3.756929039955139160e-01,7.658179402351379395e-01,7.916834354400634766e-01,5.409381985664367676e-01,5.561017394065856934e-01,5.448933243751525879e-01,5.172228813171386719e-01,1.330226212739944458e-01,3.144455254077911377e-01,-1.663970798254013062e-01,-1.471477150917053223e-01,2.845087051391601562e-01,1.216744184494018555e-01,7.297395467758178711e-01,7.112053632736206055e-01,5.684664845466613770e-02,3.533701971173286438e-02,6.525009870529174805e-02,1.105980798602104187e-01,5.299009382724761963e-02,6.067991256713867188e-02,-2.515319883823394775e-01,-1.061411648988723755e-01,-4.904477298259735107e-02,1.590757258236408234e-02,-2.402654141187667847e-01,-2.000734359025955200e-01,-4.134714007377624512e-01,-4.562967717647552490e-01,-3.009750247001647949e-01,-2.933974266052246094e-01,-3.061250150203704834e-01,-5.188123583793640137e-01,-3.677958548069000244e-01,-2.821530997753143311e-01,-5.602952241897583008e-01,-5.513942241668701172e-01,-5.824959278106689453e-01,-5.129230618476867676e-01,-4.278802573680877686e-01,-2.207253426313400269e-01,-3.571598231792449951e-01,-4.109337031841278076e-01,-3.796882331371307373e-01,-5.471941232681274414e-01,-4.564321041107177734e-01,-3.395307064056396484e-01,-3.660342693328857422e-01,-4.892432689666748047e-01,-3.521025180816650391e-01,-2.968313395977020264e-01,-5.024105310440063477e-01,-1.355672627687454224e-01,-2.070252895355224609e-01,-4.010344743728637695e-01,-6.101359128952026367e-01,-3.629961907863616943e-01,-3.547024726867675781e-01,-2.567397952079772949e-01,-2.750162184238433838e-01,-1.240184623748064041e-02
6.168118715286254883e-01,4.994262158870697021e-01,0.000000000000000000e+00,8.246545195579528809e-01,6.383103877305984497e-02,-7.164544612169265747e-02,8.509333133697509766e-01,7.733616232872009277e-01,6.654725223779678345e-02,-1.519035100936889648e-01,1.799876987934112549e-01,6.993067264556884766e-02,1.665622740983963013e-01,7.792662829160690308e-02,-1.276005506515502930e-01,-2.928561568260192871e-01,-3.282635211944580078e-01,-3.829160630702972412e-01,7.749448418617248535e-01,7.724030613899230957e-01,-3.921936750411987305e-01,-3.197386860847473145e-01,7.921901345252990723e-01,7.431420683860778809e-01,8.050683885812759399e-02,2.893403545022010803e-02,6.977813690900802612e-02,5.852280929684638977e-02,-4.417684972286224365e-01,-4.471185207366943359e-01,3.473636507987976074e-01,5.242823958396911621e-01,2.783483266830444336e-01,2.644856572151184082e-01,1.059034764766693115e-01,-5.499274935573339462e-03,-5.667603015899658203e-01,-6.255842447280883789e-01,-5.075356960296630859e-01,-5.031539797782897949e-01,-4.656256437301635742e-01,-3.464845418930053711e-01,-5.389382839202880859e-01,-5.295637249946594238e-01,-4.549791514873504639e-01,-2.391037642955780029e-01,-5.358885526657104492e-01,-5.480207204818725586e-01,-3.778198063373565674e-01,-2.959231138229370117e-01,-5.252661108970642090e-01,-4.678263068199157715e-01,-5.164030194282531738e-01,-1.463275849819183350e-01,-2.476405203342437744e-01,-5.380000472068786621e-01,3.462990820407867432e-01,4.354229569435119629e-01,3.157838582992553711e-01,3.679341673851013184e-01,2.617487013339996338e-01,3.437343239784240723e-01,-2.422877550125122070e-01,-1.005111560225486755e-01,-1.808919608592987061e-01,-1.635155826807022095e-01,2.686971127986907959e-01,5.656454339623451233e-02,5.814064145088195801e-01,4.679310619831085205e-01,2.912919521331787109e-01,1.729035675525665283e-01,-1.772597134113311768e-01,-8.290585130453109741e-02,1.952621489763259888e-01,-2.418175153434276581e-02,-1.696954667568206787e-02,-3.855378925800323486e-02,-2.569586634635925293e-01,-1.900068670511245728e-01,-5.318619608879089355e-01,-5.802649855613708496e-01,-5.762107968330383301e-01,-4.815325140953063965e-01,-5.575119853019714355e-01,-5.184721946716308594e-01,-4.501770138740539551e-01,-5.688666701316833496e-01,-4.807724654674530029e-01,-3.235421180725097656e-01,-1.427357047796249390e-01,-1.365150511264801025e-01,-2.037010341882705688e-01,-9.247373044490814209e-02,-3.770670592784881592e-01,-1.979373395442962646e-01,-4.013439416885375977e-01,-4.077507257461547852e-01,-3.511499762535095215e-01,-3.783648312091827393e-01,-3.528999984264373779e-01,-9.711629897356033325e-02,-4.074810147285461426e-01,-3.739793896675109863e-01,-3.013758361339569092e-01,-1.717645972967147827e-01,-4.509626030921936035e-01,-4.907079041004180908e-03,-2.484608590602874756e-01,-3.841022253036499023e-01,-5.875050425529479980e-01,-3.502290546894073486e-01,-2.406986504793167114e-01,-1.833519339561462402e-01,-2.180231064558029175e-01,-8.526534587144851685e-02
6.306353211402893066e-01,5.753479003906250000e-01,8.246545195579528809e-01,0.000000000000000000e+00,6.348493695259094238e-02,1.045492589473724365e-01,7.921915054321289062e-01,8.245122432708740234e-01,1.833846420049667358e-01,-8.290280401706695557e-02,1.201367229223251343e-01,1.637661457061767578e-01,8.951944857835769653e-02,1.493645608425140381e-01,-6.335861235857009888e-02,-2.670387923717498779e-01,-3.236142694950103760e-01,-3.446201086044311523e-01,7.605537176132202148e-01,7.811359167098999023e-01,-3.017154335975646973e-01,-2.273752242326736450e-01,7.364845275878906250e-01,7.525818347930908203e-01,1.169023737311363220e-01,1.613423228263854980e-01,8.972753584384918213e-02,1.277984231710433960e-01,-4.436739385128021240e-01,-4.081608653068542480e-01,4.042163789272308350e-01,5.277342200279235840e-01,3.829450011253356934e-01,3.466553092002868652e-01,7.138557732105255127e-02,-1.053691376000642776e-02,-5.061953663825988770e-01,-6.356295943260192871e-01,-4.657278954982757568e-01,-5.155524015426635742e-01,-4.312531352043151855e-01,-3.648708164691925049e-01,-5.056197643280029297e-01,-5.229545831680297852e-01,-5.045641660690307617e-01,-2.975838780403137207e-01,-5.032249689102172852e-01,-4.486284255981445312e-01,-4.501933455467224121e-01,-3.247255980968475342e-01,-5.207534432411193848e-01,-4.791738688945770264e-01,-4.473150074481964111e-01,-1.054081395268440247e-01,-2.883575856685638428e-01,-4.772807061672210693e-01,3.375258445739746094e-01,4.340650737285614014e-01,3.843963742256164551e-01,4.476606249809265137e-01,2.770982384681701660e-01,3.806658089160919189e-01,-2.440486997365951538e-01,-7.285213470458984375e-02,-2.314103245735168457e-01,-1.630336344242095947e-01,2.423835247755050659e-01,8.762899786233901978e-02,6.435071229934692383e-01,5.072105526924133301e-01,2.575433254241943359e-01,1.585823744535446167e-01,-1.133434697985649109e-01,-2.731127664446830750e-02,1.505017429590225220e-01,5.853601731359958649e-03,-5.131161212921142578e-02,-1.752717420458793640e-02,-1.752063184976577759e-01,-1.375403106212615967e-01,-4.646181464195251465e-01,-5.755888819694519043e-01,-5.608597397804260254e-01,-4.711079299449920654e-01,-5.625967979431152344e-01,-4.882483780384063721e-01,-4.610899686813354492e-01,-6.338891386985778809e-01,-4.666502177715301514e-01,-3.388474285602569580e-01,-2.073580771684646606e-01,-1.987461447715759277e-01,-2.209136933088302612e-01,-2.208822518587112427e-01,-3.470682799816131592e-01,-1.726056784391403198e-01,-4.194666445255279541e-01,-4.797218739986419678e-01,-4.033621251583099365e-01,-4.361751973628997803e-01,-3.675268292427062988e-01,-2.199318557977676392e-01,-4.457772970199584961e-01,-3.976069092750549316e-01,-3.082714974880218506e-01,-1.822372078895568848e-01,-3.828672468662261963e-01,-1.427978575229644775e-01,-2.009764015674591064e-01,-3.633954823017120361e-01,-6.082422137260437012e-01,-4.263085126876831055e-01,-2.122012674808502197e-01,-2.025965899229049683e-01,-1.622330993413925171e-01,-2.108472883701324463e-01
-5.892643705010414124e-02,-1.786784529685974121e-01,6.383103877305984497e-02,6.348493695259094238e-02,0.000000000000000000e+00,4.694629907608032227e-01,8.486484736204147339e-02,-2.746829204261302948e-02,5.016384124755859375e-01,5.647135972976684570e-01,-2.182926610112190247e-02,-2.096597105264663696e-01,8.250363171100616455e-02,-5.177189037203788757e-02,6.501702070236206055e-01,4.241394996643066406e-01,-2.343233972787857056e-01,-2.708563506603240967e-01,1.097692251205444336e-01,2.242717891931533813e-02,1.711733192205429077e-01,3.600919246673583984e-01,5.040888860821723938e-02,1.193761527538299561e-01,3.185380995273590088e-01,3.753312826156616211e-01,6.801277399063110352e-01,4.420372247695922852e-01,-8.658747188746929169e-03,3.349130973219871521e-02,2.809914052486419678e-01,3.641414642333984375e-01,-1.245240420103073120e-01,-1.641417294740676880e-01,-7.285130023956298828e-02,-1.022299528121948242e-01,-7.104737311601638794e-02,-6.841855496168136597e-02,7.238088548183441162e-02,1.884404420852661133e-01,1.065143868327140808e-01,-1.160444393754005432e-01,-1.846310943365097046e-01,-1.854668408632278442e-01,-3.184747397899627686e-01,-3.402010202407836914e-01,-1.212771758437156677e-01,-4.441021382808685303e-02,-3.341678380966186523e-01,-3.724104762077331543e-01,-2.989024221897125244e-01,-2.839407622814178467e-01,-1.495143026113510132e-01,-2.728188037872314453e-01,-4.351602494716644287e-02,-5.653980001807212830e-02,-8.692342042922973633e-02,-6.886792182922363281e-02,-2.891926765441894531e-01,-1.416957974433898926e-01,-2.889939546585083008e-01,-2.732989788055419922e-01,-2.170608341693878174e-01,-3.095279932022094727e-01,-2.752534449100494385e-01,-3.003352284431457520e-01,-2.504872679710388184e-01,-2.993500530719757080e-01,4.294047877192497253e-02,-9.220161288976669312e-02,4.907527863979339600e-01,4.285318255424499512e-01,-9.865643829107284546e-02,9.438858926296234131e-02,1.125769764184951782e-01,-6.746415048837661743e-02,-2.356591075658798218e-02,-4.685245826840400696e-02,3.697437420487403870e-02,5.956408567726612091e-03,2.220533490180969238e-01,-1.348268091678619385e-01,8.044257014989852905e-02,1.843143701553344727e-01,1.410482227802276611e-01,-5.806628987193107605e-02,1.754848659038543701e-01,8.634753525257110596e-02,1.085189804434776306e-01,-4.358137026429176331e-02,-1.907011121511459351e-01,-1.092793643474578857e-01,-5.164517788216471672e-04,-6.821538507938385010e-02,1.164508610963821411e-01,9.258732199668884277e-02,-2.228294499218463898e-02,-7.245922088623046875e-02,-3.018644452095031738e-01,-2.629782259464263916e-01,-2.889213562011718750e-01,-1.349383145570755005e-01,-2.221760898828506470e-01,-1.453626900911331177e-01,-1.245908141136169434e-01,-6.662721931934356689e-02,6.039597839117050171e-02,-1.074535548686981201e-01,-6.753966677933931351e-03,4.247277975082397461e-02,-8.245758712291717529e-02,-2.056191265583038330e-01,-9.248540550470352173e-02,-9.139405936002731323e-02,-8.115337044000625610e-02,-1.253462433815002441e-01
6.208083406090736389e-02,8.200823515653610229e-02,-7.164544612169265747e-02,1.045492589473724365e-01,4.694629907608032227e-01,0.000000000000000000e+00,2.548812143504619598e-02,1.164769828319549561e-01,6.788614392280578613e-01,5.326838493347167969e-01,1.850668527185916901e-02,3.055619001388549805e-01,1.636873930692672729e-01,3.157325983047485352e-01,4.870469570159912109e-01,5.155714750289916992e-01,9.443234652280807495e-03,1.604257524013519287e-01,2.166325412690639496e-02,-1.883401768282055855e-03,8.507102727890014648e-02,4.051007702946662903e-02,-7.522142678499221802e-02,4.593405872583389282e-02,3.181641101837158203e-01,6.183038949966430664e-01,2.483451515436172485e-01,5.991308689117431641e-01,3.345373272895812988e-02,2.211396098136901855e-01,1.819484680891036987e-01,2.767899632453918457e-01,2.077136039733886719e-01,2.232307791709899902e-01,3.232537955045700073e-02,1.514448318630456924e-02,1.182528212666511536e-02,-7.549151778221130371e-02,-2.938495017588138580e-02,-7.151755690574645996e-02,-1.744849383831024170e-01,-2.188544124364852905e-01,-8.931832015514373779e-02,7.321059820242226124e-05,-5.095214769244194031e-02,6.716992706060409546e-02,-1.395216328091919422e-03,-5.868306383490562439e-02,-2.281257361173629761e-01,-5.295849591493606567e-02,3.167267423123121262e-03,-8.263954520225524902e-02,5.308884754776954651e-02,-8.190076053142547607e-02,2.507873773574829102e-01,2.275921255350112915e-01,5.352222919464111328e-02,-5.734316259622573853e-02,-4.294592887163162231e-03,-8.109425753355026245e-02,1.535191833972930908e-01,1.174671575427055359e-01,2.469090186059474945e-02,1.059557721018791199e-01,-5.450148507952690125e-02,-1.100271120667457581e-01,-6.131352111697196960e-02,1.042717993259429932e-01,6.456465274095535278e-02,-8.059664815664291382e-02,1.273951828479766846e-01,2.055694013833999634e-01,6.284276396036148071e-02,7.846325635910034180e-02,1.559590101242065430e-01,2.209790796041488647e-01,-6.381789594888687134e-02,9.621640294790267944e-02,3.852364718914031982e-01,3.066621720790863037e-01,3.286726474761962891e-01,1.357969194650650024e-01,-1.710206642746925354e-02,-2.312257885932922363e-01,1.294423937797546387e-01,1.903600841760635376e-01,2.655554711818695068e-01,-1.574969440698623657e-01,1.052271500229835510e-01,1.890882402658462524e-01,-3.362574279308319092e-01,-4.204929471015930176e-01,-1.402435302734375000e-01,-4.040017426013946533e-01,-1.969182938337326050e-01,1.883134711533784866e-03,-4.629362374544143677e-02,-1.983169019222259521e-01,-1.151714473962783813e-01,-3.772653639316558838e-01,-1.451306492090225220e-01,-1.365478038787841797e-01,-1.532689481973648071e-01,-3.142306208610534668e-01,-2.317865639925003052e-01,-1.689026504755020142e-01,-1.617586314678192139e-01,1.280991127714514732e-03,1.023737043142318726e-01,-2.081647068262100220e-01,-1.457840055227279663e-01,-5.091009661555290222e-02,-2.564091384410858154e-01,-2.816027998924255371e-01,-8.214070647954940796e-02,1.087754871696233749e-02
6.508410573005676270e-01,4.903800785541534424e-01,8.509333133697509766e-01,7.921915054321289062e-01,8.486484736204147339e-02,2.548812143504619598e-02,0.000000000000000000e+00,8.277579545974731445e-01,1.544549316167831421e-01,-1.541259586811065674e-01,2.957457602024078369e-01,2.093049287796020508e-01,3.004144132137298584e-01,1.791792511940002441e-01,-1.116480752825737000e-01,-2.893953621387481689e-01,-2.883197367191314697e-01,-2.938670814037322998e-01,7.236923575401306152e-01,7.173153162002563477e-01,-3.683954477310180664e-01,-3.422968983650207520e-01,7.070047259330749512e-01,6.308459043502807617e-01,7.489935308694839478e-02,1.052088066935539246e-01,8.503650128841400146e-02,1.035049036145210266e-01,-3.608019053936004639e-01,-3.475721180438995361e-01,4.315932393074035645e-01,5.242863893508911133e-01,3.591063916683197021e-01,3.306332826614379883e-01,5.335342139005661011e-02,-5.826536938548088074e-02,-5.445706844329833984e-01,-6.285467743873596191e-01,-5.416682958602905273e-01,-5.867392420768737793e-01,-5.005927681922912598e-01,-3.201983571052551270e-01,-5.468845963478088379e-01,-5.151779055595397949e-01,-4.297500550746917725e-01,-1.911685615777969360e-01,-5.131912827491760254e-01,-5.590690970420837402e-01,-3.748982548713684082e-01,-2.619345486164093018e-01,-5.142964124679565430e-01,-4.649420976638793945e-01,-5.218065977096557617e-01,-2.054082006216049194e-01,-2.020262330770492554e-01,-4.912021160125732422e-01,3.513703048229217529e-01,4.180777966976165771e-01,3.224804997444152832e-01,3.283982276916503906e-01,3.906420469284057617e-01,4.072518944740295410e-01,-1.863908916711807251e-01,-3.225475922226905823e-02,-2.202021777629852295e-01,-2.061503380537033081e-01,1.882500052452087402e-01,4.563658684492111206e-02,5.345120429992675781e-01,3.684743344783782959e-01,3.217453360557556152e-01,1.969606876373291016e-01,-1.587923318147659302e-01,-5.778766050934791565e-02,1.708062589168548584e-01,1.173269655555486679e-02,-5.149594694375991821e-02,-1.747130788862705231e-02,-1.272967159748077393e-01,-6.625387817621231079e-02,-4.460459053516387939e-01,-5.394222736358642578e-01,-5.891859531402587891e-01,-5.241452455520629883e-01,-5.925670862197875977e-01,-5.593380331993103027e-01,-4.604118168354034424e-01,-6.370980143547058105e-01,-4.651225805282592773e-01,-3.000189661979675293e-01,-1.534021049737930298e-01,-1.887874156236648560e-01,-1.962038278579711914e-01,-1.708060950040817261e-01,-4.077988862991333008e-01,-2.089546620845794678e-01,-3.736169934272766113e-01,-4.219344258308410645e-01,-2.845470607280731201e-01,-3.906840682029724121e-01,-2.703321874141693115e-01,-5.334755778312683105e-02,-3.471812605857849121e-01,-3.346116840839385986e-01,-2.751734256744384766e-01,-1.392326503992080688e-01,-4.227330982685089111e-01,1.316566858440637589e-02,-2.359446734189987183e-01,-4.061919748783111572e-01,-5.895634889602661133e-01,-2.908830940723419189e-01,-3.026472628116607666e-01,-1.622634977102279663e-01,-2.083917707204818726e-01,-4.277194663882255554e-02
6.042246222496032715e-01,5.588089227676391602e-01,7.733616232872009277e-01,8.245122432708740234e-01,-2.746829204261302948e-02,1.164769828319549561e-01,8.277579545974731445e-01,0.000000000000000000e+00,2.267798185348510742e-01,-1.807415783405303955e-01,2.231034487485885620e-01,4.410286545753479004e-01,2.428497821092605591e-01,3.931297361850738525e-01,-1.283064633607864380e-01,-2.606253623962402344e-01,-1.989387273788452148e-01,-1.122578904032707214e-01,6.811314225196838379e-01,7.087669968605041504e-01,-3.530026972293853760e-01,-3.801061809062957764e-01,6.542878150939941406e-01,7.014296054840087891e-01,6.623755395412445068e-02,1.933721005916595459e-01,-8.959814906120300293e-02,1.083879098296165466e-01,-3.608875870704650879e-01,-2.667074799537658691e-01,4.045141339302062988e-01,5.504221916198730469e-01,4.863812923431396484e-01,4.569557607173919678e-01,3.327020630240440369e-02,-2.193035185337066650e-02,-5.034138560295104980e-01,-6.143756508827209473e-01,-5.295127034187316895e-01,-5.911737084388732910e-01,-5.584192276000976562e-01,-3.328844606876373291e-01,-5.080575346946716309e-01,-4.464007318019866943e-01,-4.036819338798522949e-01,-1.236459836363792419e-01,-4.421852529048919678e-01,-4.805503487586975098e-01,-4.223076999187469482e-01,-2.301460057497024536e-01,-4.240118265151977539e-01,-4.059142768383026123e-01,-4.190671741962432861e-01,-1.165225580334663391e-01,-8.383633941411972046e-02,-3.342243134975433350e-01,2.927949428558349609e-01,3.641127943992614746e-01,3.824038207530975342e-01,3.413078486919403076e-01,4.119544923305511475e-01,5.352973341941833496e-01,-1.426485776901245117e-01,1.267627328634262085e-01,-1.763020306825637817e-01,-1.536845713853836060e-01,1.827799975872039795e-01,1.874807029962539673e-01,5.319251418113708496e-01,3.660227656364440918e-01,1.399593055248260498e-01,5.034227669239044189e-02,-1.034259870648384094e-01,-1.821196451783180237e-02,1.781586706638336182e-01,1.007507219910621643e-01,-8.261006325483322144e-02,5.510564148426055908e-02,-2.772233262658119202e-02,4.991982132196426392e-02,-4.255240857601165771e-01,-4.612861871719360352e-01,-5.950597524642944336e-01,-6.220234036445617676e-01,-6.024041771888732910e-01,-4.338836073875427246e-01,-4.107544422149658203e-01,-6.925806999206542969e-01,-4.471178054809570312e-01,-1.770140826702117920e-01,-1.674599051475524902e-01,-2.597879767417907715e-01,-1.749392300844192505e-01,-2.698590755462646484e-01,-4.480722248554229736e-01,-2.100898623466491699e-01,-3.661522269248962402e-01,-4.506862461566925049e-01,-2.271592020988464355e-01,-4.270513951778411865e-01,-2.087186127901077271e-01,-6.934546679258346558e-02,-2.970522046089172363e-01,-3.418862223625183105e-01,-2.994266152381896973e-01,-1.787980347871780396e-01,-4.449195265769958496e-01,5.869793146848678589e-02,-2.041238993406295776e-01,-4.621141254901885986e-01,-5.913979411125183105e-01,-2.540211677551269531e-01,-3.333681225776672363e-01,-2.023224681615829468e-01,-1.782840341329574585e-01,-3.118083626031875610e-02
3.791741654276847839e-02,4.224801808595657349e-02,6.654725223779678345e-02,1.833846420049667358e-01,5.016384124755859375e-01,6.788614392280578613e-01,1.544549316167831421e-01,2.267798185348510742e-01,0.000000000000000000e+00,5.856223702430725098e-01,1.690832711756229401e-02,2.186798900365829468e-01,1.422390043735504150e-01,3.124650716781616211e-01,6.440897583961486816e-01,5.521923303604125977e-01,-9.636932611465454102e-02,4.782122373580932617e-02,1.179113686084747314e-01,6.322280317544937134e-02,1.378492116928100586e-01,1.824855655431747437e-01,2.157775312662124634e-02,2.681082785129547119e-01,5.590826869010925293e-01,7.426814436912536621e-01,2.280545681715011597e-01,6.915082931518554688e-01,-1.133596971631050110e-01,1.309162080287933350e-01,3.275569081306457520e-01,4.057153463363647461e-01,3.283992409706115723e-01,2.493755221366882324e-01,1.481851655989885330e-02,2.227813564240932465e-02,-6.059963721781969070e-03,-1.086562424898147583e-01,1.962752453982830048e-02,-6.277413666248321533e-02,-2.220379263162612915e-01,-2.531875073909759521e-01,-8.986065536737442017e-02,-3.927158191800117493e-03,-9.017274528741836548e-02,1.072610262781381607e-02,3.065446391701698303e-02,-3.287736698985099792e-02,-3.005505204200744629e-01,-2.160844802856445312e-01,-1.321635842323303223e-01,-2.104509025812149048e-01,-8.750242739915847778e-02,-1.816691905260086060e-01,2.106251865625381470e-01,1.119035109877586365e-01,-3.902484476566314697e-02,-7.359609007835388184e-02,-5.997569113969802856e-02,-8.817635476589202881e-02,1.498534381389617920e-01,1.176083981990814209e-01,-1.159816980361938477e-01,8.535607717931270599e-03,-1.607297360897064209e-01,-2.150797843933105469e-01,-1.325979679822921753e-01,-2.063249005004763603e-03,1.095604747533798218e-01,-1.563198417425155640e-01,3.539902865886688232e-01,3.307155966758728027e-01,-7.977062836289405823e-03,5.867485329508781433e-02,2.845261096954345703e-01,3.472221493721008301e-01,1.075919531285762787e-02,1.640276163816452026e-01,4.555343091487884521e-01,4.299491941928863525e-01,2.693822383880615234e-01,6.085385382175445557e-02,-6.133572757244110107e-02,-2.810252308845520020e-01,6.694430857896804810e-02,3.551514446735382080e-02,1.462703198194503784e-01,-2.551687955856323242e-01,2.863548323512077332e-02,1.192798465490341187e-01,-3.193331360816955566e-01,-3.500457704067230225e-01,-7.125509530305862427e-02,-3.515931367874145508e-01,-1.977825760841369629e-01,-4.492074623703956604e-02,-5.706086382269859314e-02,-2.578873932361602783e-01,-1.597037911415100098e-01,-4.060538113117218018e-01,-1.491246819496154785e-01,-9.318296611309051514e-02,-1.664153784513473511e-01,-3.138179183006286621e-01,-2.808247804641723633e-01,-1.548062264919281006e-01,-1.357311159372329712e-01,6.413411349058151245e-03,-7.490320131182670593e-03,-2.381605207920074463e-01,-1.655621379613876343e-01,-1.110609248280525208e-01,-2.950935959815979004e-01,-2.215179204940795898e-01,-4.769632592797279358e-02,-4.325878247618675232e-02
-2.402580156922340393e-02,-4.947544634342193604e-02,-1.519035100936889648e-01,-8.290280401706695557e-02,5.647135972976684570e-01,5.326838493347167969e-01,-1.541259586811065674e-01,-1.807415783405303955e-01,5.856223702430725098e-01,0.000000000000000000e+00,4.948690533638000488e-03,-1.683479845523834229e-01,-1.328369081020355225e-01,-3.223368152976036072e-02,5.324416160583496094e-01,7.219274044036865234e-01,-8.501783758401870728e-02,-1.370129883289337158e-01,-4.179477319121360779e-02,-1.008408367633819580e-01,2.103610783815383911e-01,3.467932045459747314e-01,-1.683740019798278809e-01,-1.059439266100525856e-03,3.787372112274169922e-01,4.326809644699096680e-01,4.503075480461120605e-01,5.373240709304809570e-01,-8.388629183173179626e-03,6.791025400161743164e-02,1.269567608833312988e-01,1.235159188508987427e-01,-8.020316064357757568e-02,-7.289183884859085083e-02,-8.295258879661560059e-02,-1.040017232298851013e-01,1.551567483693361282e-02,2.394743263721466064e-02,1.517931967973709106e-01,1.777289360761642456e-01,7.765699923038482666e-02,-2.467770427465438843e-01,-8.409220725297927856e-02,-9.553712606430053711e-02,-1.175488829612731934e-01,-1.015018299221992493e-01,6.289726123213768005e-03,6.381876021623611450e-02,-5.724893510341644287e-02,-1.334196478128433228e-01,-1.022548899054527283e-01,-7.017274200916290283e-02,-3.899678587913513184e-02,-2.121971100568771362e-01,-6.847665458917617798e-02,-2.666735090315341949e-03,6.341525167226791382e-02,1.141942106187343597e-02,-1.412881016731262207e-01,-3.559416159987449646e-02,-1.100128144025802612e-01,-1.418031007051467896e-01,4.311606753617525101e-03,-2.903445251286029816e-02,-2.240296006202697754e-01,-2.373978942632675171e-01,-2.191139906644821167e-01,-2.856070101261138916e-01,-1.772879064083099365e-02,-9.442476183176040649e-02,4.328402280807495117e-01,5.084971785545349121e-01,3.103067912161350250e-02,5.263427272439002991e-02,1.495259702205657959e-01,1.604671031236648560e-01,-6.004435941576957703e-02,-9.073687344789505005e-02,1.593994796276092529e-01,1.149072945117950439e-01,3.245574235916137695e-01,6.815572082996368408e-02,1.621731370687484741e-01,1.556255072355270386e-01,2.896407544612884521e-01,9.213304519653320312e-02,1.972979009151458740e-01,1.209027022123336792e-01,1.033895239233970642e-01,-5.921347066760063171e-02,-3.428850471973419189e-01,-2.217027097940444946e-01,-1.798153966665267944e-01,-2.452532202005386353e-01,9.282615035772323608e-02,7.500166445970535278e-02,1.248512603342533112e-02,-2.303603664040565491e-02,-2.720426917076110840e-01,-2.447796463966369629e-01,-2.469392120838165283e-01,-2.553854882717132568e-01,-1.773932427167892456e-01,-2.032911181449890137e-01,-1.347890347242355347e-01,-1.348232030868530273e-01,3.046179376542568207e-02,-1.693187952041625977e-01,2.656948007643222809e-02,3.641826286911964417e-02,8.758028037846088409e-03,-1.299324929714202881e-01,-3.839736059308052063e-02,-1.279813945293426514e-01,-8.122944086790084839e-02,-1.475951224565505981e-01
4.147789180278778076e-01,2.894420921802520752e-01,1.799876987934112549e-01,1.201367229223251343e-01,-2.182926610112190247e-02,1.850668527185916901e-02,2.957457602024078369e-01,2.231034487485885620e-01,1.690832711756229401e-02,4.948690533638000488e-03,0.000000000000000000e+00,3.608351051807403564e-01,6.138307452201843262e-01,3.433888554573059082e-01,-1.163458544760942459e-02,5.552664771676063538e-02,2.890245020389556885e-01,1.930280178785324097e-01,1.958672851324081421e-01,1.621195077896118164e-01,-4.542665556073188782e-02,-2.812719345092773438e-01,2.249019443988800049e-01,1.150955483317375183e-01,-1.047509983181953430e-01,-2.320328913629055023e-02,-1.045702490955591202e-02,-7.215753942728042603e-02,2.967146635055541992e-01,1.472261399030685425e-01,3.292033672332763672e-01,1.867997348308563232e-01,2.644762396812438965e-01,3.546285629272460938e-01,-1.903736591339111328e-01,-3.800852894783020020e-01,-1.567338407039642334e-01,-1.466576606035232544e-01,-1.806114912033081055e-01,-3.136593997478485107e-01,-1.038226783275604248e-01,-3.511585062369704247e-03,-1.973320990800857544e-01,-1.481537222862243652e-01,4.363166913390159607e-02,2.464742064476013184e-01,-2.757750153541564941e-01,-3.138759732246398926e-01,1.896279305219650269e-01,2.373524308204650879e-01,-4.672751575708389282e-02,1.029802039265632629e-01,-1.695957928895950317e-01,-1.149203404784202576e-01,-7.139299809932708740e-02,-2.507424354553222656e-01,4.199339449405670166e-01,3.213635683059692383e-01,1.756445616483688354e-01,7.919374108314514160e-02,4.725385606288909912e-01,3.691883087158203125e-01,3.944160044193267822e-01,3.501310348510742188e-01,1.292369365692138672e-01,9.868517518043518066e-02,-1.371690630912780762e-02,-8.436790853738784790e-02,1.285398453474044800e-01,1.830610036849975586e-01,1.219355734065175056e-03,1.201936602592468262e-01,2.456277981400489807e-02,-1.816401816904544830e-02,-5.387353897094726562e-02,5.792474374175071716e-02,-2.091892808675765991e-01,-8.767744898796081543e-02,3.838963434100151062e-02,5.787030979990959167e-02,3.055311739444732666e-02,-3.521874919533729553e-02,-3.065732493996620178e-02,-8.964955806732177734e-02,4.828773811459541321e-02,-2.275174111127853394e-01,-2.462846785783767700e-01,-1.544562578201293945e-01,-1.805212646722793579e-01,-2.589018940925598145e-01,-1.811374574899673462e-01,-3.003035187721252441e-01,-3.729938268661499023e-01,-1.931578963994979858e-01,-1.954263597726821899e-01,-2.593231201171875000e-01,-3.168189227581024170e-01,-2.475531250238418579e-01,-2.093112170696258545e-01,-2.482171952724456787e-01,-1.539313644170761108e-01,-1.569297462701797485e-01,-1.855592280626296997e-01,-1.459616124629974365e-01,-9.143447875976562500e-02,-2.124493867158889771e-01,-1.893898993730545044e-01,-7.597573846578598022e-02,-2.308726608753204346e-01,-2.387710660696029663e-01,-3.518454134464263916e-01,-1.985303014516830444e-01,-1.625944525003433228e-01,-1.579789668321609497e-01,-1.248841658234596252e-01,-5.108394846320152283e-02
1.733827739953994751e-01,2.184911817312240601e-01,6.993067264556884766e-02,1.637661457061767578e-01,-2.096597105264663696e-01,3.055619001388549805e-01,2.093049287796020508e-01,4.410286545753479004e-01,2.186798900365829468e-01,-1.683479845523834229e-01,3.608351051807403564e-01,0.000000000000000000e+00,4.866164922714233398e-01,8.007520437240600586e-01,-5.933200195431709290e-02,6.329769641160964966e-02,2.957193851470947266e-01,5.231396555900573730e-01,5.967988166958093643e-03,5.334865301847457886e-02,-3.635461255908012390e-02,-4.063555598258972168e-01,1.101474091410636902e-01,1.841835677623748779e-01,-4.698336124420166016e-02,2.489166855812072754e-01,-3.908361494541168213e-01,4.674025997519493103e-02,1.535621881484985352e-01,2.896785438060760498e-01,2.485705763101577759e-01,2.576227486133575439e-01,4.930556118488311768e-01,5.579125285148620605e-01,-6.077459827065467834e-02,-5.261085554957389832e-02,-1.236697658896446228e-02,-6.934335082769393921e-02,-1.556158810853958130e-01,-3.505868613719940186e-01,-2.918620109558105469e-01,-5.843408033251762390e-02,-6.939099729061126709e-02,9.954564273357391357e-02,1.375675499439239502e-01,4.045532643795013428e-01,7.111043669283390045e-03,-1.463295221328735352e-01,-2.910410054028034210e-02,2.757429182529449463e-01,2.317647933959960938e-01,1.838576495647430420e-01,1.894315928220748901e-01,1.311902701854705811e-01,4.158484041690826416e-01,2.644677162170410156e-01,8.347479254007339478e-02,-2.206569351255893707e-02,1.907510608434677124e-01,-7.708901166915893555e-02,5.075606703758239746e-01,5.594556331634521484e-01,2.899241447448730469e-01,5.400567650794982910e-01,2.018067985773086548e-01,2.202260792255401611e-01,3.278149664402008057e-02,3.747510612010955811e-01,-1.482642348855733871e-02,-6.942366808652877808e-02,-3.227141201496124268e-01,-2.172805666923522949e-01,9.252069890499114990e-02,-8.175244554877281189e-03,5.425144731998443604e-02,3.017225563526153564e-01,-1.120996251702308655e-01,2.300958782434463501e-01,3.773101270198822021e-01,4.168192744255065918e-01,5.544848740100860596e-02,1.653501093387603760e-01,-1.216005533933639526e-01,-4.287588596343994141e-01,-1.038536280393600464e-01,1.595426499843597412e-01,1.955915708094835281e-03,-3.033843636512756348e-01,-5.409831181168556213e-02,2.556887269020080566e-01,-6.278143823146820068e-02,-3.992339074611663818e-01,-9.889946877956390381e-02,-3.547047972679138184e-01,-4.132451415061950684e-01,-2.290148288011550903e-01,-1.740341037511825562e-01,-2.434226721525192261e-01,1.533744484186172485e-01,-2.184532433748245239e-01,1.658577769994735718e-01,4.864384979009628296e-02,5.422369763255119324e-02,-1.275392174720764160e-01,-1.016103252768516541e-01,-1.400242894887924194e-01,-2.475731372833251953e-01,2.320047020912170410e-01,-8.089087903499603271e-03,-4.066817164421081543e-01,-2.724571824073791504e-01,8.667372167110443115e-02,-3.610555529594421387e-01,-1.817234158515930176e-01,-5.167703330516815186e-02,1.255567669868469238e-01
1.953943371772766113e-01,6.292025744915008545e-02,1.665622740983963013e-01,8.951944857835769653e-02,8.250363171100616455e-02,1.636873930692672729e-01,3.004144132137298584e-01,2.428497821092605591e-01,1.422390043735504150e-01,-1.328369081020355225e-01,6.138307452201843262e-01,4.866164922714233398e-01,0.000000000000000000e+00,5.466288924217224121e-01,1.532370895147323608e-01,8.893308788537979126e-02,2.554453015327453613e-01,3.332118391990661621e-01,1.006345301866531372e-01,1.862719096243381500e-02,1.461161971092224121e-01,-2.717245519161224365e-01,2.857962548732757568e-01,1.635845750570297241e-01,1.179981157183647156e-01,2.090593576431274414e-01,-7.455871999263763428e-02,-1.878604851663112640e-02,2.060547024011611938e-01,2.091939449310302734e-01,4.577642083168029785e-01,3.448227941989898682e-01,3.846507072448730469e-01,4.534399211406707764e-01,-4.825122654438018799e-03,-1.924647688865661621e-01,9.723450988531112671e-02,4.004384577274322510e-02,-6.100706756114959717e-02,-2.349925786256790161e-01,5.261116661131381989e-03,1.713744252920150757e-01,1.041865543811582029e-04,8.210138231515884399e-02,1.963508278131484985e-01,3.019320070743560791e-01,-1.047800257802009583e-01,-2.551411092281341553e-01,8.656104654073715210e-02,2.040895372629165649e-01,1.144431903958320618e-01,1.241542398929595947e-01,1.356851961463689804e-02,7.108703255653381348e-02,2.050699144601821899e-01,-4.691737145185470581e-02,1.666826605796813965e-01,1.898691058158874512e-02,-5.087484419345855713e-02,-2.462327629327774048e-01,3.952412009239196777e-01,2.933486700057983398e-01,2.154305577278137207e-01,2.154618054628372192e-01,3.568159639835357666e-01,2.635132074356079102e-01,-2.137319371104240417e-02,7.307417690753936768e-02,-3.531931713223457336e-02,-3.259198740124702454e-02,-4.635939374566078186e-02,3.662611916661262512e-02,-2.211266383528709412e-02,-9.981089085340499878e-02,4.660138860344886780e-02,6.046155467629432678e-02,-7.066406309604644775e-02,2.052695453166961670e-01,2.639648318290710449e-01,2.533891499042510986e-01,2.109490185976028442e-01,1.609173566102981567e-01,7.536882907152175903e-02,-1.477613300085067749e-01,1.870294511318206787e-01,-2.009510435163974762e-02,-5.375403910875320435e-02,-1.114145740866661072e-01,-6.378015875816345215e-02,-1.267906650900840759e-02,7.452051620930433273e-03,-2.758643329143524170e-01,-1.596477031707763672e-01,-6.723009049892425537e-02,-3.323976993560791016e-01,-3.989853262901306152e-01,-3.606151938438415527e-01,-3.829036355018615723e-01,-4.384944215416908264e-02,-2.277118563652038574e-01,-2.576915547251701355e-02,1.814029365777969360e-02,-1.072912290692329407e-01,-1.091573089361190796e-01,-1.179055869579315186e-01,-1.822526603937149048e-01,-1.736661344766616821e-01,7.526715099811553955e-02,-1.489579379558563232e-01,-3.373006284236907959e-01,-3.107494413852691650e-01,-7.477337121963500977e-02,-3.129275441169738770e-01,-2.012850344181060791e-01,-1.018393859267234802e-01,-8.762346208095550537e-02
