0.000000000000000000e+00,4.985824185442320200e-01,1.563685160076835057e-01,-1.298861030127606841e-01,8.692030073279441438e-03,-2.714269907922919334e-01,1.038811616365624413e-01,-2.500543818667618212e-01,-2.730601557927053030e-02,-2.001101799881812582e-01,4.149904054459494507e-01,-6.041866797823550184e-02,2.770795453570665812e-01,1.355002810771182009e-01,-1.434598690970706122e-02,-1.706142904320368525e-01,2.502031552790482394e-01,2.175385031528141999e-01,4.483583452707423644e-01,4.555795778594906587e-01,-8.699502283585824544e-03,-3.129639053164624818e-02,-7.238310420260679612e-02,-1.792701506988849114e-01,-2.274871460988612658e-03,-4.851478474353158182e-02,-7.079539122689641750e-02,-2.243553684386658809e-01,9.539411362249664017e-02,-1.126448576708481281e-01,-1.254385451390800377e-01,-1.580854125792040821e-01,4.116872832143937677e-02,-1.518739173074321325e-01,-1.578976994807367307e-01,-4.366830892250941898e-02,4.463106778502123895e-02,-3.933422524032156170e-02,2.886607409975828001e-02,-1.623946167934122442e-01,1.957776059461840412e-01,-8.457916432807624507e-02,-3.230443270875256734e-01,-2.972891719970229274e-01,-9.734213233424306166e-02,-1.285425320374887492e-01,-4.659157016013194125e-02,1.005139132790764181e-02,-9.062581013461283586e-02,-2.691978671248625079e-03,-6.892721332789981947e-02,-5.503627345375259466e-02,-7.246060940788774662e-02,-1.184782141895332624e-01,-7.546178303603669202e-02,8.802926606253123898e-02,4.885738361505512772e-01,3.656996612490462928e-01,2.265749200124252682e-01,4.644530829930382937e-02,1.660974623975451994e-02,-3.310619585129290776e-01,2.356759516830533030e-01,-4.478194137716994677e-02,-1.789210388304823540e-01,-3.802237107519574333e-01,-5.014732763579732300e-02,-2.730933169936009541e-01,2.662037171515267975e-01,2.822785350797858417e-01,2.280420450787091213e-01,1.982322983376517411e-01,2.777946028150325986e-01,2.548717672799859502e-01,-1.165956971962549410e-01,-7.318062402759537011e-02,-6.176560360662768784e-02,-2.081142562253172623e-01,5.505567621538618589e-02,-8.032201252099109567e-02,1.677614175606347569e-01,1.429113951653133152e-01,-4.072734958099441527e-02,-3.163785897441331180e-02,-6.395207694757383543e-02,-1.685325941699998831e-01,-1.084265612850955351e-01,-1.528932919762353015e-01,-1.795281858718198245e-02,-2.731635872876542193e-01,-2.252830446864313441e-01,-1.801000054627294733e-01,-2.628944022015374249e-01,-6.153080151023154060e-02,1.031597425759215453e-02,-8.517177765046481108e-02,-9.574379134530919266e-02,-8.573640169223602225e-02,-9.281694026213620219e-02,8.350541084202808828e-02,-1.260000062282820577e-01,1.609702243176950598e-01,3.366681471735045311e-02,2.408694388035974576e-01,6.102532591179554711e-02,-2.483967603934451526e-02,-8.213997948801143867e-02,-2.671191489184345652e-02,2.857088456273860350e-02,-5.758274857551431980e-02,-8.652022576456377956e-02,3.189358669932976231e-02,-4.457430345960356616e-02,1.257223912974270857e-03,-1.188526195015489617e-01,-1.843335197819711835e-01
4.985824185442320200e-01,0.000000000000000000e+00,-4.850450479550506844e-02,5.645149677931706779e-03,-1.555525584015588769e-01,-3.285570946934810443e-01,-1.933070613233811297e-01,-1.737788366003151785e-01,-2.272365726806842845e-01,-1.898576508758784143e-01,-1.660205933150365456e-03,-3.908258633759630757e-02,-1.160604529256534928e-01,2.388051167625546145e-01,-2.355645803623305501e-01,-2.998068187249815497e-01,3.642159426263794630e-01,4.840457784414822773e-01,1.459651834752795085e-01,4.954763003647200681e-01,-2.865467186808594996e-02,-6.303431682666420233e-02,-2.177074070060676381e-01,-1.641909290917517583e-01,-1.929150712051345973e-02,-3.475579151230904357e-02,-4.093584778736961832e-02,-1.486326055641641053e-01,2.050436353331696049e-01,2.164245568812877829e-01,3.273699254684167559e-02,-7.532988543711184592e-03,1.776502795546150149e-01,1.121039123596914294e-01,-1.920122075513289450e-01,-1.351687983158026685e-01,2.053513216419970006e-02,1.104608493584336715e-01,6.232463662878656198e-03,-2.975376005571457594e-02,2.290676520296509588e-01,1.260354410957309212e-01,-4.159465330796329186e-01,-3.457797845509919532e-01,3.096719247918543194e-02,-9.316084633119706485e-03,5.536908412707495022e-03,3.046437143079153143e-02,-1.705881205238667098e-02,4.199098499246164962e-02,-6.486671552897692317e-02,-6.216187897657041161e-02,-5.380891561934015438e-02,2.278951533958431877e-02,-1.147693797280728567e-01,1.602092427132810748e-01,6.325171576130632634e-01,6.859355239378451818e-01,1.101867405602575400e-01,1.607291161035079574e-01,-2.935372083416272759e-01,-1.927469104137614631e-01,2.848033079508009435e-01,1.941548503252200075e-01,-4.059211265955750547e-01,-4.045680371492317295e-01,-3.403744630750243916e-02,-2.157222901793663938e-01,4.624863823556423226e-01,5.309339981885797810e-01,1.799994298131162018e-01,1.293874570530956225e-01,2.583524507208063148e-01,2.980228569682123463e-01,-5.985582867601955959e-02,-8.220888650428916089e-02,-1.164301498410590663e-01,-1.859356596614903934e-01,1.267241900045057157e-01,1.284743556750589932e-01,2.952402591566432588e-01,3.466629203217113653e-01,-1.030602305301394662e-02,3.332967339715969118e-02,-1.930776596533373690e-01,-1.403644638500941011e-01,-1.589920690835699146e-01,-1.422514282520567497e-01,-2.312419150807571433e-01,-3.361318257543073895e-01,-3.831143635716555695e-01,-3.600193963494541238e-01,-4.200678920911484204e-01,-2.881186075807822822e-01,-7.173331001424454456e-02,-1.771196797893342390e-01,-1.341943089739182915e-01,-2.315105555371212154e-01,-2.508797895994295257e-01,-2.638546574596526417e-01,-2.195409391901320395e-01,-6.098068661725668943e-02,-4.332638400271235368e-02,4.327388457739911320e-02,-8.263606859422953366e-02,-1.554640262230227443e-01,-1.679748486151081133e-01,-1.763440603965789888e-01,9.864875581505651303e-03,-2.853529687798227535e-02,-2.474075151669111738e-01,-1.265114122715011169e-01,-1.944071649299895232e-01,-6.715094778799321484e-02,-3.634783042920887719e-01,-2.367448923191528276e-01
1.563685160076835057e-01,-4.850450479550506844e-02,0.000000000000000000e+00,3.260057197084399450e-01,2.979196553295283545e-01,-1.265181847459863340e-01,6.775194257593475378e-01,6.994429886208808345e-02,1.705160367684939726e-01,7.491916172440732380e-02,8.037561326950903862e-02,-7.192850032547986640e-03,1.880756865439019709e-01,3.332295747980412726e-03,1.598553372237962733e-01,-3.328739762319864876e-02,-2.869282269332157909e-01,-3.363285456890327541e-01,2.566937731341491502e-01,1.089180147142839450e-01,-1.294437105592001203e-01,-1.409563685789765736e-02,4.616219303296476006e-01,3.387786212705066746e-01,4.834095608432127378e-01,3.703065456890615170e-01,-7.339265932607104415e-02,-2.361999806446091199e-01,-1.782502773246942840e-01,-3.090603236500688022e-01,3.051130206123345290e-01,1.243550348188913329e-01,-1.467049624407958941e-01,-1.741358519884051159e-01,3.599286265457039002e-01,1.389466228948281201e-01,5.853672172889264752e-02,-1.891905189194852399e-01,2.959463190271416008e-02,-2.824989639507250461e-01,2.586503118054545719e-02,-2.018698415573688398e-01,-2.707572380571819370e-01,-3.293058299349079232e-01,-2.064169981349604499e-01,-3.262230909724153083e-01,-1.215045299950459207e-01,-5.215130482220897701e-02,-3.067059793550406810e-01,-2.845263220851204644e-01,-2.278826103068596343e-01,-3.425067417420040727e-01,-2.598491528857583832e-01,-2.035776978677435456e-01,-2.730139257846450063e-01,-3.339350906064098568e-01,-2.233591178083838003e-01,-1.305688196011524360e-01,-1.997983126354244410e-01,-2.932941577694019308e-01,5.407861155014876547e-02,-2.897917363279741698e-01,-2.629457796368207534e-01,-3.897893474541766490e-01,4.271972019790757913e-01,2.326919283491086718e-02,1.079530839515980972e-01,-1.408611460953872740e-01,-9.045264678012077120e-02,-7.859338219234190959e-02,2.740057204182026473e-01,3.937548920504950756e-01,2.752085685354850320e-01,9.475799674725408905e-02,-2.203561347862299236e-01,-7.356428570644331366e-02,5.530427802905946676e-03,-1.006945828307078405e-01,-7.664483883135507492e-02,-3.754866951971210787e-01,-1.322807374894436894e-01,-1.492876413042634187e-01,-8.279204997438675828e-02,-1.831875626373923316e-01,2.334137840593965563e-01,1.467490600631485009e-01,-1.929326405398493205e-01,-2.824589069849842704e-01,7.265262030715392838e-02,-1.731469395129888456e-01,1.310046110910049189e-01,1.285168422756189921e-01,2.105451227315419394e-01,3.921738385951937245e-01,3.070118416394787206e-02,-1.392572651505682817e-02,-1.172058209635346293e-01,-1.543029690631912976e-01,3.100771712719065792e-02,1.692104820744685933e-01,5.458495370889220044e-02,3.235702401303426901e-01,1.255420036187633315e-01,1.515480819575310001e-01,9.675616398572108035e-02,1.733847503878822027e-01,1.160902019043115602e-01,1.554938894634357582e-01,3.141496561791058684e-02,5.304292934021259676e-02,-1.190449842217559256e-02,3.383436418623474162e-02,3.724172336482419604e-02,3.706091223218300514e-03,-1.303112108559272182e-03,7.972071947875599904e-03
-1.298861030127606841e-01,5.645149677931706779e-03,3.260057197084399450e-01,0.000000000000000000e+00,-6.335522088139494690e-02,-3.679082770079461495e-02,1.832341745332058403e-01,5.199763055730503014e-01,2.457943799078949124e-02,2.072937149069891127e-01,-2.881333878613111521e-01,2.089282050404191529e-02,-2.586794992732009413e-01,-1.738654709281692023e-01,-8.376143779059500027e-02,-8.469913354113550730e-02,-1.214343838633063916e-01,-1.778964968380478961e-01,3.846247845322986469e-02,1.352785005701629406e-01,-7.927979145889514634e-02,-1.583326873293626480e-01,1.313888567593909373e-01,4.712001656000667227e-01,6.620695751773907067e-02,2.877004136723592675e-01,-1.580097921685282569e-01,-1.598964447173199521e-01,-1.335477835548703196e-01,-9.441687631646224210e-02,3.151023860147936784e-01,3.400003225566623488e-01,-5.646805955568699742e-02,1.859542528629271052e-01,1.658722571077439478e-01,1.274181851330528081e-01,-5.015916962399610129e-02,-3.859261551009020297e-02,-1.634211446177924465e-02,-5.699663181244401383e-02,-2.721222950273876826e-02,-4.982256268674604971e-02,-6.987440774419179101e-02,-1.118265964734179579e-01,-1.415536641809167773e-01,-1.231738424065233761e-01,-1.260523997681315123e-01,-1.348961397134129658e-01,-2.155053921115639703e-01,-2.484734940695608185e-01,-2.238778263620168907e-01,-2.276417835782081900e-01,-2.470727777388929125e-01,-1.770765074088825608e-01,-3.397227606969287494e-01,-2.278007366212895235e-01,-1.896786115182808596e-01,-6.679075033702373820e-02,-2.697332441486575139e-01,-1.195266427145370708e-01,-1.663411690038172075e-01,1.274864937059236036e-01,-1.827093726034495214e-01,-1.658935126950334682e-01,1.363115852175125486e-01,3.165606451554033862e-01,-2.549014188256250313e-02,6.463356682332004055e-02,-6.417024619288923259e-02,-3.381752978239246921e-02,8.023407076296527884e-02,2.261260568889809641e-01,9.512961638422155752e-02,-1.609461594281230701e-02,-9.136293323962287050e-02,1.547840474829379961e-02,-5.758164696272236732e-02,3.221903589447101812e-02,1.118437031208936207e-02,-1.177019024855467666e-01,-8.139542224437781859e-02,-2.907439009165132746e-02,-1.552880143104240218e-01,-1.362297574446036941e-01,-4.470341985349535197e-02,1.883121648777578983e-01,-1.124188967898804847e-01,-9.054906084000254041e-02,-6.586667260107031963e-02,2.308209549050072029e-02,2.656463551920861810e-01,1.577494785896336460e-01,3.046825864140261797e-01,1.764260285088879165e-01,-1.231338038276459240e-01,-1.114405936614483450e-01,-1.844382221459443458e-02,-6.020343283069676948e-02,1.072095509613736758e-01,1.308088524383430873e-01,4.650177025267127062e-02,1.423310873119836006e-01,8.197047029193435530e-02,3.129216527116394919e-02,6.944167746102999916e-02,6.306669262033119672e-02,1.054799725618066342e-01,9.238475327839168472e-02,9.710638505219747196e-02,-2.363174905472133214e-02,2.104383024759635349e-03,8.692744468180935158e-02,2.329500418074074292e-02,4.900661331790655967e-02,8.501442971743221333e-02,6.321958018504303389e-02
8.692030073279441438e-03,-1.555525584015588769e-01,2.979196553295283545e-01,-6.335522088139494690e-02,0.000000000000000000e+00,1.989531949343902872e-01,3.003644628719840948e-01,-8.462908703311668168e-02,3.115293877491879249e-01,2.037376213070028474e-01,1.808169865180283831e-01,8.827961096355488313e-02,2.389261643438209404e-01,7.101717367539607528e-02,3.705639405070605408e-01,2.663409426432173377e-01,-9.717472212158093092e-02,-1.770326413846258218e-01,1.165735929075008698e-01,-7.748233157157297102e-02,-1.216102941218338701e-01,1.928988354235015024e-01,3.659485051762454977e-01,1.693561119923241154e-01,4.249735537905621752e-01,3.339564199217482376e-01,1.207119118823942600e-01,1.492829404410733474e-01,9.852084348074772666e-03,-1.257452063097659056e-01,9.447563782893048101e-02,2.241394687115880538e-02,-6.929150460312781534e-02,-6.008418889552089026e-02,1.984643397276644183e-01,3.320046106729894475e-02,-1.246039504763858524e-01,-2.958952305878750910e-01,-2.521553053260148780e-01,-3.682187582948514559e-01,-2.179087283877451653e-01,-1.618603335242196906e-01,-1.843504463216090461e-01,-1.412054429110201348e-01,-2.297287353138551258e-01,-2.465485782738816578e-01,-4.269951000719221512e-02,2.681441211969527380e-02,-2.688054551480709708e-01,-2.389023997826547896e-01,-2.212709625221750687e-01,-3.288162245162821740e-01,6.946016233101938962e-03,-1.205145431538503370e-01,-5.315153845975575247e-02,-2.595060708841128161e-01,-1.251614570878645527e-01,-1.174527872020591779e-01,-1.745252117625970822e-01,-2.254306699202906217e-01,6.137875682300626690e-02,-1.814251302338057703e-01,-8.764301693759034284e-02,-1.531140232946795465e-01,2.723809856981425637e-01,8.849405688100091955e-03,-8.950341099654912647e-02,-1.134650861857893905e-01,-2.411324700430621248e-02,-5.707050668717914693e-02,8.944410257410052856e-02,6.990219278239694078e-02,8.677966606423550763e-03,-3.845115661875585233e-02,-2.542344200746281951e-02,-1.317020156884890214e-01,2.622924828010392978e-02,-7.301003157062106730e-02,-1.477727046746412157e-02,-7.997142069414425736e-02,1.235323193511070686e-02,-3.638440058214392758e-02,-3.584426462388278531e-04,-9.087028241311219390e-02,2.644290589274315706e-01,7.904510213106871741e-02,-2.072534726159561413e-01,-2.401946452278282684e-01,7.655085118918110443e-02,4.231635813244708638e-02,1.616997614863157143e-02,4.877924613392877612e-02,1.899331391601994379e-01,2.854373789914721460e-01,5.535211512891066027e-02,1.952242928654511489e-01,-1.102020089071813758e-01,-3.195359781581809389e-02,-2.453209924586068763e-02,7.433601036546444440e-02,1.583154044739547850e-01,1.656207702459558950e-01,1.067550359042614416e-01,1.953579468011080178e-01,6.666247743768650980e-02,3.809216519696353304e-02,-1.671984282421347667e-01,4.967620412689122307e-03,-4.449612089108444940e-02,1.996038721473899491e-01,8.769614008893901469e-02,-8.419130612619288995e-03,2.056999780120066443e-02,5.596466372097348707e-02,-1.065165504473283703e-01,-3.617856999801132012e-02
-2.714269907922919334e-01,-3.285570946934810443e-01,-1.265181847459863340e-01,-3.679082770079461495e-02,1.989531949343902872e-01,0.000000000000000000e+00,9.159421503867803960e-02,3.317778463545819623e-01,2.371953806608483040e-01,2.166336779988985439e-01,1.033539125502945660e-01,5.482563457082141600e-02,1.929598093064340686e-02,-1.310451486058429593e-01,2.273799135768782287e-01,2.844064205743807028e-01,-7.921464229637631416e-03,-8.452104863264545132e-02,-7.808013811161369777e-02,-2.390753966533235020e-01,1.033942301216363158e-02,2.237106500504051909e-01,-3.717196903229273708e-02,-2.593843365330383149e-02,-1.200593059783791605e-02,7.315003405894324184e-02,1.574041858944115468e-01,3.114803288104653900e-01,1.033736800098748604e-01,9.999230766488836908e-02,2.367358137773887400e-02,6.253244542161434487e-03,1.323852507787857957e-01,1.708550940777769089e-01,-1.647849347111924115e-02,-1.428071654563784765e-01,-1.640007589237464092e-01,-4.056811398307384048e-02,-5.515962713852264748e-02,1.164909617450805013e-01,-1.183408128779694646e-01,-4.061631664883161991e-02,2.313539469011006711e-01,2.164877210773102356e-01,-1.619909568990237358e-01,-4.299621800197531152e-02,-2.625829282253563067e-03,-1.129815903354650514e-01,-1.627121839071023479e-01,-1.607886458449530043e-01,-4.689709474268885514e-02,-6.395478906735654889e-02,2.171091927600709778e-02,-8.111325286933988854e-02,6.252036966862528633e-02,-8.069929315149489135e-02,-2.691962001743030131e-01,-3.712810470127348439e-01,-1.627774216383798822e-01,-1.437043654445059326e-01,2.933871575687586608e-01,2.132244457627797685e-01,-1.793421503644870504e-02,3.885545935561897368e-02,1.514934041630931205e-01,3.287086235671842216e-01,-9.520652517101460544e-02,4.339309880189624186e-02,-1.305585991997522122e-01,-2.596761235088458908e-01,-1.816538235133475787e-01,-7.263264870031568843e-02,-2.360292240188896218e-01,-2.348489390727343806e-01,9.567222468226761756e-02,6.283703386635551558e-02,1.554769437906110552e-01,1.606722190893395963e-01,-9.599968721757218271e-02,2.305341334474352855e-01,-4.212262447344489874e-02,-5.163040555221734551e-02,8.604117329155200333e-02,1.202629348653787844e-01,-1.294701193671280448e-01,-1.330592133926678799e-01,1.013990601227371252e-01,1.285011000306617024e-01,2.257743254645297182e-01,2.240476769995135009e-01,1.343949832441106718e-01,4.332757832554701150e-02,2.361247967445118112e-01,2.908106078779467904e-02,5.175146105037819327e-02,1.141238489072656376e-01,-1.450712199050287199e-02,1.229680412203206924e-01,6.289743860496242733e-02,1.142497169381008135e-02,1.131810704980249632e-01,-1.915518098056626928e-01,-4.224777664073003924e-02,-1.175468064932866791e-01,-2.783589800493440139e-02,-1.005029327549814139e-01,2.500848876952193808e-02,-2.611461575642536753e-02,-2.841891331370725166e-02,1.149988942226316951e-01,1.170938047757002880e-02,-6.521721762882724815e-02,6.017222987959550823e-02,6.878620762753704168e-03,9.755938790455728760e-02,2.474192543027113889e-01
1.038811616365624413e-01,-1.933070613233811297e-01,6.775194257593475378e-01,1.832341745332058403e-01,3.003644628719840948e-01,9.159421503867803960e-02,0.000000000000000000e+00,2.700685968368544132e-01,4.119915002915190416e-01,2.158053093938514799e-01,3.294394580435964226e-01,1.278956079473526075e-01,3.526361506433478565e-01,1.616758972729822816e-02,3.136112374188230190e-01,1.061381047924469939e-01,-2.451203264963449924e-01,-3.048325716348700420e-01,2.079833825770049938e-01,-9.159917851453089344e-02,-1.831611484442488835e-01,-3.680017616852316459e-02,3.051254584637608236e-01,1.749309987313724946e-01,2.810498304457076379e-01,2.072359858274185063e-01,-1.288976704924733319e-01,-1.731673948481568803e-01,-1.511423229584327454e-01,-2.680369228982537599e-01,1.662317265854006965e-01,7.881026872514861753e-03,-2.002917449855322884e-01,-1.973545637106996764e-01,2.429005164581307663e-01,7.596075111900257859e-02,-7.085669592406185213e-02,-3.093820611195624570e-01,-8.311330244552312882e-03,-2.005170634014449838e-01,-1.219281983671053754e-01,-3.014140678520424999e-01,-1.018839963498530121e-01,-1.708238192260844446e-01,-1.671288369967031118e-01,-3.054172635242608513e-01,-1.928108361634313095e-01,-2.074968168492699050e-01,-3.064077960452107341e-01,-2.805980455996729961e-01,-2.262559997000792023e-01,-3.250239707924283961e-01,-1.492480899648863935e-01,-2.717644955352616076e-01,-2.777194351727884092e-01,-3.914183921347282324e-01,-3.551220992220113226e-01,-3.415809278059789289e-01,-1.862393649510468152e-01,-2.879377815751739678e-01,3.963588882530931223e-01,-6.092858030023343835e-02,-2.378765417199584509e-01,-3.229881992047998751e-01,5.339538935296853639e-01,2.485060335473597837e-01,-5.171745116752121674e-02,-2.004213796347398546e-01,-2.905715461026879831e-01,-3.255920388547547395e-01,1.948119188918003841e-01,2.920811703692005046e-01,2.256499487979913843e-01,1.307186006156410563e-01,-1.265766533927100146e-01,4.369541208393221826e-02,1.522983695443708985e-01,7.694586214192870866e-02,-9.902053021121080822e-02,-2.742208895314695027e-01,-2.010365881773496788e-01,-2.959606207555938728e-01,-8.404796677697906615e-02,-2.589257382302335708e-01,2.688471866707698443e-01,-4.195074682176123948e-02,-1.202733838147327372e-01,-2.651589165700344863e-01,1.592729010401248146e-01,-1.011362289023049615e-01,8.367159006458269044e-02,2.033232077232028367e-01,2.383999683346617604e-01,4.586661863328967970e-01,4.176817720767780906e-02,-8.712188520452454621e-03,-1.065394475081356401e-01,-1.331747357822533895e-01,1.009190991751191119e-01,2.627638265648853388e-01,1.483207947937256188e-01,2.722924107550117601e-01,7.384648288218109702e-02,1.219700558586742228e-01,1.208859983991345255e-01,1.749793744494502756e-01,1.401959693591008083e-01,1.846849363455177750e-01,1.304324279216775850e-01,2.818839505587901126e-02,-4.206017617305201489e-02,2.021756963777918484e-02,6.586610604428591587e-02,-5.879402542917373797e-02,7.991529953127861352e-02,4.544303103395216231e-02
-2.500543818667618212e-01,-1.737788366003151785e-01,6.994429886208808345e-02,5.199763055730503014e-01,-8.462908703311668168e-02,3.317778463545819623e-01,2.700685968368544132e-01,0.000000000000000000e+00,2.796213568421613282e-01,3.378380153323485846e-01,1.355099864056149607e-02,3.222860870565112390e-01,-6.680835399520787532e-02,-9.707911371778496501e-03,1.063266494938497619e-01,1.433383398967551792e-01,-4.878136857226287454e-02,-1.135931239973519691e-01,1.142005238377117281e-03,-4.027562020148681143e-02,-1.761112726363725789e-01,-1.133567084546495130e-01,-7.285184712443321109e-02,2.358668835937195174e-01,-2.301605777361827865e-01,-2.036676343072957307e-02,-1.022667652810488603e-01,5.172068215631044769e-02,2.721895759457911707e-02,8.632903113014013530e-02,1.084960895140225645e-01,1.215536772563077378e-01,-1.238888211595159522e-01,1.677903949976252418e-01,-1.078071522821128503e-01,-5.513333729621775620e-02,-1.930768873403369279e-01,-3.364047817264989582e-02,-4.785943661116828091e-02,7.834803927886170583e-02,-1.153055557589047764e-01,4.501059532510561650e-03,1.217718238653816148e-01,5.426999751257135379e-02,-2.217579262724892475e-01,-1.761041570331536021e-01,-2.112172935270304475e-01,-3.290045780169886247e-01,-2.645600581785884642e-01,-2.427544050303448997e-01,-1.647106577009150585e-01,-1.144001841488425097e-01,-1.830629213874715791e-02,-1.391739846612220222e-01,-2.171914511378114643e-01,-2.162227900538848946e-01,-4.217262198036092480e-01,-4.142180842955204279e-01,-2.818247585235631458e-01,-3.957337992470216781e-02,2.106639342648185254e-01,5.469297626421499858e-01,-1.628065899688752594e-01,-3.631115587049768036e-03,1.093692935695192714e-01,5.482906662138138376e-01,-3.078988672700821438e-01,-8.083657915027080143e-02,-2.966344991740976211e-01,-3.670406027478226307e-01,-1.191589257869441892e-01,1.231101113456020968e-01,-1.194765916155967472e-02,-1.649560377840152484e-02,8.187289406830482175e-02,1.237000659433098587e-01,5.066198456863760247e-02,1.776838265018890473e-01,-7.321376170219570656e-02,7.916752777854341172e-02,-1.470101128505922339e-01,-8.222843525321719971e-02,-6.300696838935782029e-02,-1.036261200216113676e-01,-1.173486454776761639e-01,-8.298284555024082465e-02,-1.152361903934193826e-02,5.667942124100671178e-03,1.091684052582387182e-01,2.727501171628160526e-01,2.395008133810677120e-01,2.856864316838081952e-01,3.517301665578250747e-01,1.782691214526885004e-01,-3.071063334970127942e-02,-1.230339629076208051e-02,-2.910012682430895489e-02,-3.016385515442852536e-02,2.086092113447787777e-01,2.044628007469945219e-01,1.544228146316048156e-01,8.988947298619201498e-02,3.890189752887466407e-03,-6.745467730807983009e-02,-7.408380374358240587e-03,-7.471383911862607141e-02,1.426647377309976095e-01,3.144870442224344947e-02,1.199360304151587259e-01,4.594779545440800389e-02,3.635982839286888701e-02,3.840373565866007921e-02,7.362652403737757201e-02,1.106108613543572809e-02,1.799705575785066070e-01,2.165174860065526563e-01
-2.730601557927053030e-02,-2.272365726806842845e-01,1.705160367684939726e-01,2.457943799078949124e-02,3.115293877491879249e-01,2.371953806608483040e-01,4.119915002915190416e-01,2.796213568421613282e-01,0.000000000000000000e+00,4.949506157504120485e-01,2.931489524078781939e-01,1.629615877967215964e-01,1.971042770236474673e-01,6.623313634737794386e-02,4.741292572250057069e-01,3.205887847032454774e-01,-7.762305274298651747e-02,-1.117778109116693425e-01,-3.897532716402956482e-02,-2.064911407233339380e-01,-1.716303086902177533e-01,8.410051038875657192e-02,2.153761826765143023e-02,1.415570424537319384e-02,4.283215747700908071e-02,6.893358683850075996e-02,1.147649442796121327e-01,2.805548509239710886e-01,2.517573752943824683e-02,-1.846453641095578690e-02,4.501055816849230951e-03,-1.439897685141999784e-01,-1.439489678442057163e-01,-1.135704874404012688e-01,2.577205673353533122e-02,8.944369645923423706e-02,-1.742468809130223450e-01,-3.291202025333380132e-01,-1.293202714624900988e-02,-1.163648027168325133e-01,-2.101763987356606300e-01,-1.541647144722285701e-01,1.300273105051265587e-01,4.618611660928940987e-02,-1.366532055150221636e-01,-1.538599128818467221e-01,-1.999273636842185953e-02,-1.934223333881171791e-01,-1.462913132616984746e-01,-1.969383370455473903e-01,-1.464281725548211011e-01,-2.046699313147626598e-01,5.859906382293147975e-02,-1.162988847326917319e-01,-3.813705552159692147e-02,-2.118666360610038379e-01,-2.382989443572262611e-01,-2.706359569268010357e-01,-5.685308940049128845e-02,-4.731264785101865766e-02,4.135238118606425761e-01,2.338421397496092125e-01,-5.056701199860025309e-02,2.864166709368411515e-02,1.412656857288583923e-01,1.314613056504116417e-01,-2.298368012819183293e-01,-8.453578919347792819e-02,-2.872999219244479208e-01,-3.019633824836375768e-01,1.207740324204869542e-01,-4.243520567082741113e-02,4.499418573750225102e-03,8.211091149946374290e-02,1.185061380950388696e-02,9.381634745659338248e-02,1.052060853642469984e-01,7.890175139280430905e-02,-4.714527640134979353e-02,1.165748779515447982e-02,-1.266671426852127857e-01,-2.273084052698552959e-01,5.772744006722440452e-02,-2.403734423944232090e-01,1.447784880915786720e-01,-2.082160825969669171e-01,-9.470329294878902793e-02,-1.685824045509311808e-01,1.895501029821525241e-01,1.943456183512610180e-01,8.465626650123873886e-02,3.170873084396584329e-01,2.095353019500435787e-01,3.591826254957864450e-01,7.864893062985431338e-02,1.316770434889155406e-01,-7.568975914965592796e-04,6.550752768971440307e-03,1.607728470369423623e-01,2.693375592032807853e-01,2.772919498827081664e-01,1.941103943754723116e-01,2.204173158880219918e-01,1.919120891558249997e-01,1.282814174906363180e-01,4.291443781491094400e-02,6.555441000184118738e-02,1.597926631692470067e-01,1.479246560249647957e-01,1.346702892188495759e-01,1.409892769685077152e-01,1.484757763986273849e-01,1.629150226643591715e-01,-1.921778222254955093e-02,1.011310364742585011e-01,6.637949293890224589e-02
-2.001101799881812582e-01,-1.898576508758784143e-01,7.491916172440732380e-02,2.072937149069891127e-01,2.037376213070028474e-01,2.166336779988985439e-01,2.158053093938514799e-01,3.378380153323485846e-01,4.949506157504120485e-01,0.000000000000000000e+00,-4.423407041609163370e-02,1.644420837737848584e-01,2.905508408060173547e-02,-1.494926096432793727e-01,4.284692050455868872e-01,3.838438409006695862e-01,-8.353807699173966539e-02,-7.105484770050937704e-02,4.272987346027262018e-02,-1.370988628577002599e-01,-1.592584474305699938e-01,9.645951388595956633e-02,8.480961703453046563e-02,1.973140371521725223e-01,5.490392878562709578e-02,1.363875613865556391e-01,8.862589676062164468e-02,2.516049715095537431e-01,-6.439444093104883249e-02,6.217199428292722457e-02,2.688791273704775261e-02,1.232272686977432946e-01,-1.930067313417370978e-01,3.399469711680992712e-02,2.124277373679819558e-01,8.544152273419666765e-02,-7.354071450729532389e-02,-1.803637600044177280e-01,5.824444215700756711e-02,2.065646915936639877e-03,-1.382899723807183290e-01,-2.545144122346214635e-02,1.432049072753833197e-01,4.723597401879687380e-02,1.814742059956094824e-03,-1.919232639427151735e-02,2.678406710472922003e-02,-1.069444794266751486e-01,-7.211302405528673132e-02,-5.048125165830633782e-02,-1.048706710347352133e-01,-1.217120544550061301e-01,-1.106180441135354020e-01,-5.094506993918340026e-02,-1.247850906760737122e-01,-1.189590404557105963e-01,-2.609636618571965494e-01,-2.582477938267279116e-01,-2.446628154286727974e-01,-1.668686061787608976e-01,8.138851767187295361e-02,1.871797354887900777e-01,-3.129063912871309916e-01,-1.908896695746218619e-01,3.094087788371920333e-01,4.294347969742464133e-01,-1.829556549201435678e-01,-4.155523266265016141e-02,-2.256656952999244459e-01,-2.401172040280169784e-01,1.609370867333009270e-01,1.374477810707581682e-01,-4.079309132613490735e-02,1.984743252270382285e-02,8.048040103869315287e-02,5.510130883592131296e-02,1.301363101915190834e-01,8.585626608750433764e-02,4.475221629651258970e-02,1.044648716516024534e-01,3.263858662179332758e-03,-3.666066421393232577e-02,1.089548930231150209e-01,-9.963771164751114573e-02,2.052521478702322433e-01,8.490495143109891285e-02,5.879170018862099611e-02,-2.681390205368224672e-02,-2.722192322574236087e-02,2.277954622801373341e-01,3.641174289698811961e-02,2.188761681942039128e-01,1.697308320466601184e-01,1.907006715684268772e-01,-1.065891147987945223e-02,3.727293372224708967e-02,-2.330880339881702748e-02,-9.020400519999592637e-02,-3.106588642153576552e-02,8.785514394165257201e-02,4.653888292802275950e-02,-2.241465756165089002e-02,-1.314255516626257059e-01,-8.871748311117373664e-02,-3.832969297599524150e-02,3.757724772071254632e-02,2.993931823195160671e-02,-3.171695180007361170e-02,1.547047932471947718e-01,1.439083872117651319e-01,-3.190167495839659612e-02,-7.509644424039299548e-02,8.065137695965908515e-02,-5.790955665499682853e-02,-5.113972761829981006e-02,1.263051739000036477e-01
4.149904054459494507e-01,-1.660205933150365456e-03,8.037561326950903862e-02,-2.881333878613111521e-01,1.808169865180283831e-01,1.033539125502945660e-01,3.294394580435964226e-01,1.355099864056149607e-02,2.931489524078781939e-01,-4.423407041609163370e-02,0.000000000000000000e+00,2.400710634272143762e-01,6.254664587161331557e-01,2.759777606249401716e-01,2.958233261724719787e-01,1.582791250261971761e-01,1.905216999065854067e-01,9.892029565218267428e-02,3.285098714680610987e-01,8.400480694519896208e-02,-4.899202516137059205e-02,1.556233479070390571e-02,1.789048001657708026e-02,-1.204823913643974370e-01,-7.788924352701316611e-02,-1.502877493557738531e-01,2.530798962340160760e-02,2.779278801748752414e-02,2.376868051118409542e-01,-1.359933626108228086e-02,-2.742980858996192997e-02,-2.072537669059636989e-01,1.055584139306043612e-01,-6.585597367156725834e-02,-1.906529904555142041e-01,-9.431776803688661504e-02,-1.241577830375263786e-01,-1.456130295266726271e-01,-3.423131527275186103e-02,-7.176145977704243006e-02,-3.150605960051402425e-03,-7.290184761766071997e-02,-5.807772869496109769e-02,-1.158368198431417445e-01,-2.040569506250581588e-01,-2.646891466206743870e-01,-2.415279163187282196e-01,-3.138197059565507874e-01,-2.009656803280035486e-01,-1.787406091195386515e-01,-1.117103486270632634e-01,-9.768758531051566218e-02,1.300626743555231002e-01,-1.276057128786935724e-01,-5.649140234892218934e-03,-9.306014756672591204e-02,-2.002298831241317717e-02,-1.621412013169918065e-01,4.246991012327112902e-02,-8.224413255408279111e-02,4.636736052902409311e-01,6.960341210846705817e-02,2.946852931047069801e-01,1.097195603147768650e-01,-1.302066149050145824e-02,-9.445459456369621754e-02,-3.339900073305200334e-01,-3.562605820283181735e-01,-1.512175618774310448e-01,-2.131264795860215722e-01,1.297429365540729296e-01,1.006734134444771528e-01,1.801712136755521942e-01,2.394381748052809011e-01,4.181186858002274714e-02,1.386705222517799208e-01,2.328001962139693848e-01,1.705729809411751507e-01,-2.255380329324530725e-02,3.184005335883635657e-02,8.471421623316882643e-02,-5.970181939373088442e-02,1.304667486046441061e-01,3.716686620276368064e-02,8.399311535722021882e-02,-2.504787485980041750e-01,2.569534933034742924e-02,1.001924216181876957e-02,2.533694961794268896e-01,4.639633264814656960e-02,-1.504463234960979334e-01,7.154530107770494529e-02,-5.682349701398719394e-02,9.529555480512914845e-02,1.248907660151241626e-02,-2.997330292738808674e-02,-1.142753048919906145e-01,-6.979052835819241074e-02,9.281682198646308557e-02,1.798782121320348926e-01,8.020061391630989300e-02,2.058789674614380227e-01,6.383152174125765466e-02,1.689991361044460016e-01,9.201436516898978124e-02,1.740554557931147522e-02,-4.501800487333086631e-02,2.333798469612074350e-02,2.147317488825585194e-02,-6.284602346630148439e-02,-4.840792703112942186e-02,-1.052065589542355677e-02,-3.411602589334605806e-02,-2.336442167014547017e-02,7.009142671721078910e-02,-1.044634688773702774e-01
-6.041866797823550184e-02,-3.908258633759630757e-02,-7.192850032547986640e-03,2.089282050404191529e-02,8.827961096355488313e-02,5.482563457082141600e-02,1.278956079473526075e-01,3.222860870565112390e-01,1.629615877967215964e-01,1.644420837737848584e-01,2.400710634272143762e-01,0.000000000000000000e+00,4.000862981219774350e-01,5.557185363287243662e-01,2.379505880764778147e-01,4.346091676429586492e-01,-4.875977378200904711e-02,-9.515270089286215205e-02,2.371109349871870497e-01,1.005725977049003184e-01,-5.463150935985486983e-02,3.898260849497058034e-02,2.308809321007056492e-01,3.446228101378773778e-01,-2.219395208493670640e-02,-6.381059227996996319e-02,1.127266748940517205e-01,2.177823309659963902e-01,-2.482271276316599939e-02,1.414269039687664486e-01,-1.038272371977296341e-02,-2.864105230278811073e-02,-8.105713605748274264e-02,-3.524213233669437617e-02,-2.030511749536376837e-02,1.109536632914288612e-01,-2.034163614220446115e-01,-4.773504797044584441e-02,-1.607405534335811792e-01,9.374639407996179091e-03,-7.667459031504639255e-02,3.386574601200819518e-02,-1.313080169757221138e-01,-1.427993538552015940e-01,-2.515155814165541681e-01,-2.223766380800153708e-01,-1.649812676579241189e-01,-1.870401161211736607e-01,-2.583603980988920523e-01,-1.593906790133242379e-01,-1.399490607998228608e-01,-5.809461739737261515e-02,1.424043482223559254e-01,8.098020244958381575e-02,-1.608491298727851293e-01,-1.261151772990770359e-01,-2.474463696413018998e-01,-2.058585320334033186e-01,-2.054726376569956936e-01,-8.193486652594143826e-02,8.676246383320242173e-02,2.669601818940607885e-01,-4.227543792916599319e-02,-4.697056822733594594e-02,1.206535715940499215e-01,2.529865259950906942e-01,-4.226870440632373715e-01,-2.654181584129454707e-01,-1.322825534336567188e-01,-1.337854368120969251e-01,-1.510785341079365005e-02,1.353485568048212392e-02,6.333653566856974060e-02,1.745649451950757880e-01,8.748421299139580443e-02,1.085639430057480509e-01,-1.046001248563028091e-01,-2.551151060915160529e-02,7.207872217788137414e-02,-1.009740901784357200e-02,9.462217847299603246e-02,9.544679595816818463e-02,1.781875574457265216e-02,1.026944566793243536e-02,1.729406159906934359e-01,2.121227933024715517e-01,-1.185282754812084088e-01,4.643513859902603097e-02,8.921222240560812422e-02,2.775786674178100100e-01,-3.796093141189846309e-02,1.052451045858316669e-01,1.157096385060455840e-01,7.166535362850005864e-02,-5.078916453584589319e-02,4.481249351143921228e-02,-1.222476646566518776e-01,-1.787210936984045262e-01,-1.002571809306953415e-01,-7.745348458534864755e-02,2.091676497648613936e-02,9.687343610974097352e-02,-9.698350005022235432e-02,-8.417955669953501585e-02,-6.120114258764658421e-02,-8.105164073424496463e-02,-2.732821004751837327e-02,-4.212513600928282503e-02,5.818449267552974064e-02,3.860227681874589707e-03,-6.861905433201990513e-03,-1.628640476140884308e-01,-2.782612699154680125e-01,-5.545092899718518514e-02,5.529450279544628755e-02,-8.705208111067744281e-02
2.770795453570665812e-01,-1.160604529256534928e-01,1.880756865439019709e-01,-2.586794992732009413e-01,2.389261643438209404e-01,1.929598093064340686e-02,3.526361506433478565e-01,-6.680835399520787532e-02,1.971042770236474673e-01,2.905508408060173547e-02,6.254664587161331557e-01,4.000862981219774350e-01,0.000000000000000000e+00,3.052101976665692051e-01,4.913063542211593693e-01,4.209648405912034264e-01,2.942722055562065758e-02,-7.387053153309522391e-02,5.086006833368197366e-01,1.190007834210109611e-01,1.179846532695748296e-02,2.432629598967613396e-02,4.311213611999266115e-01,2.233492629111662187e-01,6.641658587855488183e-02,-8.112330162035813474e-02,1.443010264000920417e-01,1.235184402614080412e-01,-1.522745011292543117e-03,-1.235612374504919952e-01,4.550331268739710514e-03,-3.032570709274636650e-02,4.956602753182470095e-02,-1.557620615123710972e-01,1.032930767958253754e-01,6.644090358659554552e-02,-3.744142775147536045e-02,-1.828399306091845478e-01,-4.259607221421936318e-02,-1.031228486202838829e-01,-5.249414324681627581e-02,-1.026188566018525344e-01,-1.672755710718216715e-01,-2.185591391456390975e-01,-2.847935733052595064e-01,-3.598529640234788274e-01,-3.180962022359680175e-01,-3.008981421279189328e-01,-3.402922089766512448e-01,-3.221771582471595896e-01,-3.074574349964185327e-01,-2.644653087560022708e-01,2.234943735316200289e-02,-1.199580582743971502e-01,-7.019693117989549147e-02,-2.093479875816271207e-01,-9.515030602514866487e-02,-1.723917226644607614e-01,-2.193329586847901358e-01,-3.197509769156355874e-01,2.432618788383559827e-01,-1.227726663040031446e-01,1.624699134935195591e-02,-1.589077596563166772e-01,2.823868553069704412e-01,-2.753923156081268878e-02,-3.953061032745194270e-01,-4.059719107987125875e-01,-1.226596545892549295e-01,-1.643032264145838639e-01,1.286634218351389025e-01,8.818656434856746162e-02,9.461268694455048089e-02,9.456175368041043472e-02,-6.125540555535260653e-03,7.153808749790725730e-02,7.177934784954187464e-02,3.279222488256979158e-04,4.012599673329201797e-03,-5.374539592767788032e-02,9.638144059742717595e-02,-3.999979312295902367e-02,2.090807599897188118e-01,8.134831411451037830e-02,4.413001860345020511e-01,8.818645911902651957e-02,8.008320585296260785e-02,9.100003483714655395e-02,2.509970027136788073e-01,9.296121612305879855e-02,-5.827902566930748957e-02,1.854134114494103425e-01,1.931394215986065657e-02,1.626976775701943767e-01,5.221428788882644112e-02,-1.791302081931038515e-02,-6.794392968886060757e-02,-7.192688293128189636e-02,-1.143571348266496715e-03,1.282143939389249754e-01,3.406302982683763469e-02,1.424433474954696910e-01,-1.517267754643845772e-03,5.577098064783083536e-02,-3.810979948617751467e-02,4.830811834395140614e-02,-7.192729677173739095e-03,1.494618122969376683e-02,-5.067845017940267316e-02,-8.519666205429037020e-02,-1.244852020968046508e-02,-2.326062794458021513e-02,-1.252708779830501440e-01,-4.118315872274384837e-02,5.229244012883062231e-02,-2.873896092669853131e-02
