0.000000000000000000e+00,5.870336070197859080e-01,3.196841024655795449e-01,1.142885010672474305e-01,-2.244509789982516157e-01,-2.107303178711516789e-01,4.802514532323867158e-01,1.473097768006681185e-01,-9.001283078242951208e-02,-8.880103634192654249e-02,3.178373343847867849e-01,9.815283936085221483e-02,4.213739486653879096e-01,8.658581444481794342e-02,1.127964559113502074e-01,8.135404181200098228e-02,-1.043169782809827278e-01,-1.949297496283792230e-01,6.197782681715873210e-01,5.438348991612086403e-01,-1.073485937266011603e-01,-6.491403360904438036e-02,-8.015955605064310763e-02,-5.427378021564352450e-02,-2.030198364173720904e-01,-1.306302323876678273e-01,-8.946862233462693492e-02,3.891717987854374783e-02,-1.895781224296989587e-01,-1.476839641483338184e-01,-1.911741745690543337e-01,-6.178652155032889060e-02,2.975930741271158864e-01,2.160754952140652718e-01,-8.521055746151358357e-02,-1.549347202112076882e-01,-3.549812593381826975e-01,-1.906750772377974745e-01,-1.502711530616579472e-01,-2.615752240034226461e-01,-2.511949619342481177e-01,-2.531345258073949833e-01,-2.326186640617756429e-01,-1.419730472840354529e-01,-2.987354866697880789e-03,-1.237557522282765610e-01,-1.852655495146521558e-01,-3.371392926621148978e-01,2.763085169481871092e-02,-1.035229069750392972e-02,-2.074814497904816854e-02,-1.855691130301031500e-01,-2.900461044244266873e-01,-1.337705344109040295e-01,-2.150566840387146683e-01,-4.923051386733817009e-02,4.837234202128264382e-01,4.013265695732580740e-01,4.068306104675979418e-01,1.661072067328173973e-01,5.902414666486441863e-01,2.163911312714463242e-01,2.711899046023671933e-01,2.662670996279175029e-01,2.927237809445565886e-01,1.433743215369624735e-01,2.125445599618098480e-01,-3.435322152880229685e-02,5.480047091152623340e-01,4.117101959752347828e-01,1.673879981692245611e-01,1.259586105683045409e-01,1.989700657200611233e-01,2.281926562068337661e-01,2.238706547820838999e-01,1.260778501976187738e-01,1.245820510578965895e-01,1.301779215117491173e-01,8.907669923341095253e-02,-8.858093460835581023e-02,-1.753511939862233693e-01,-2.434858592096531549e-01,-3.456644838937769082e-01,-3.622243215967814733e-01,-2.051062942475856965e-01,-4.408823133463108390e-01,-2.608155211060554923e-01,-3.451960064421049079e-01,-2.442811657494457778e-01,-1.899440850231869371e-01,-1.170757843730495379e-01,1.704853952335652345e-01,-5.752748722607597953e-02,1.976495884663060920e-01,-1.583785932625907944e-01,-1.296691721317028423e-01,-3.739077448498213246e-02,-4.476412278098151204e-02,1.387000854880174328e-01,8.999882333592607031e-02,9.977324828712057225e-02,1.313786222412486604e-01,3.341931400043247902e-02,1.776529795929075450e-01,-1.360008571871169636e-01,-2.573119735283994902e-02,-8.318319607459123688e-02,-5.084589650514335230e-02,-5.282356600925609824e-02,-3.599812873437020083e-02,2.721456794040751082e-02,1.342080517897146774e-01,6.155473148247606052e-02,-1.837992766797800770e-01,6.847180102340003072e-02,-8.754478045068163350e-02
5.870336070197859080e-01,0.000000000000000000e+00,1.442360601320036850e-01,7.631580630629503093e-02,-2.777624844444128160e-01,-2.234322666224677623e-01,1.473964112830791484e-01,5.789842419813767856e-03,-1.299000044587822478e-01,-1.259103237578581280e-01,8.065877478408305101e-02,-1.460578780532680206e-02,2.080079667014025913e-01,1.152212184650466299e-02,6.127512830356048046e-02,7.199510630158960367e-02,-7.778670220510192079e-02,1.544882680438726050e-02,4.827727579175745132e-01,5.814129948453614638e-01,-1.035566565508586195e-01,-5.659937031109826822e-03,-1.235693969712325924e-01,-4.147706028588854510e-02,-1.648168725269068824e-01,-1.822882316790092605e-01,-3.863425681969062664e-02,2.991421908257720086e-02,-1.094261875502976905e-01,-4.707957803246643619e-02,-1.934512427157838166e-01,1.395505625966404241e-02,2.290634615271767427e-01,1.807600024421127660e-01,-1.522010901864088439e-01,-1.618104723387861765e-01,-1.105087173044509291e-01,1.442450609571656606e-01,-7.559316770108438777e-03,-6.283818157304847662e-02,-1.021713467053647767e-01,-1.787495750990726884e-01,-8.797309348456273936e-02,2.139377699764126103e-02,1.605814430310994745e-01,2.748991615482090228e-02,-1.080298214548295471e-01,-1.831296246200899147e-01,1.073257631065771683e-01,8.761073929962535922e-02,3.409055021776492833e-02,-8.403387654147440045e-02,-2.599300079235073446e-01,-5.895229337512586376e-02,-7.573296222794219379e-02,3.400189574939280895e-02,5.721939240182093434e-01,6.990117200818214416e-01,3.996814916922291627e-01,1.392093733940432121e-01,3.083901324732204463e-01,8.477455015307902575e-02,1.246574140704344164e-01,2.636705812220244138e-01,1.669101285648290911e-01,2.063092557119527992e-02,1.095484884795480673e-01,-1.070068708569335558e-01,6.235833262127327137e-01,6.310803176657153735e-01,1.077726006035517325e-01,3.610186361549114209e-02,1.520712728808850112e-01,1.682772441693984322e-01,1.195266108262854482e-01,7.366477545182412157e-02,9.589960027279527399e-03,9.108550113341763732e-02,7.619260956039834720e-02,-6.382069210368036816e-02,-6.218466906525877552e-02,-8.174910868520793295e-02,-3.143217456957652089e-01,-3.089338742539846083e-01,-1.368935961656395084e-01,-3.280227990316326725e-01,-1.765989288810632385e-01,-2.562367162063266535e-01,-2.212231349548703652e-01,-1.074076310547584651e-01,-2.241077203426793119e-01,1.560797553208961679e-02,-1.765647099689278965e-01,1.213323860843367429e-02,-1.612470416203916068e-01,-1.355435868779560071e-01,-1.095695487783181765e-01,-7.125489281636550321e-02,6.463433464887140267e-02,-3.992306979103400766e-02,-1.512409736317173181e-02,4.409916547217263699e-02,-1.029186928713868646e-02,9.375967149964196945e-02,-1.415840675176452124e-01,-4.644315090243734956e-02,-7.413217747471669006e-02,-8.917711088739664615e-02,-8.439414160698410425e-03,1.368958386386613310e-02,3.155444644689247430e-02,6.267581367699359696e-02,2.063013506644907624e-02,-1.594058588557012990e-01,-5.365011260252379802e-03,-1.209226341393650622e-01
3.196841024655795449e-01,1.442360601320036850e-01,0.000000000000000000e+00,5.742667826645614371e-01,2.334751400619481110e-01,2.082905745414690979e-01,6.226323497448006394e-01,3.293710114186932936e-01,3.001588014825946060e-01,2.513358715149084377e-01,3.119872576585148716e-01,2.268223911743988408e-02,4.896212252429187339e-01,1.780294493509419207e-01,1.855326977069297334e-01,1.672560923934467703e-01,-1.754215370023970433e-01,-2.856879250507614043e-01,3.287917797913687545e-01,2.128665005029348190e-01,-1.334454742877675404e-01,3.342391054811288433e-03,6.428021696576434740e-01,6.098983164635833898e-01,3.456483198314729832e-01,2.843717030908246568e-01,-4.594286582506893618e-02,-1.028705449040871744e-01,-1.068277683998439392e-01,-1.519380056859487294e-01,-1.149310441013711298e-01,-4.790500135178362567e-02,2.195494280481788407e-01,2.440078940182698053e-01,-3.188885084891915356e-02,-1.708910357000113511e-01,-2.416173357032871116e-01,-1.607992007532830780e-01,-5.317434456065976006e-02,-5.691897344021040750e-02,-2.408917980782732463e-02,-1.523518826967537598e-01,-3.759322827065365025e-01,-4.036156716839282010e-01,-7.126518011694030208e-02,-2.711335326262704348e-01,-3.699492049875544586e-01,-4.569387871240312982e-01,-2.439907657365596172e-01,-9.052374828745350654e-02,-2.759616816008683693e-01,-2.482005844383804727e-01,-3.509301502501768755e-01,-2.233827967583511542e-01,-2.070060020364211384e-01,-1.544618540931470552e-01,-2.590350732249253538e-02,6.154448553397095373e-02,1.203983339651654300e-01,-8.449694611906964983e-03,1.830640225538986143e-01,-1.065872486638899837e-02,-1.161574796597035913e-01,-5.527792121769157380e-02,3.322150160877302416e-01,1.072540356299269415e-01,2.028169100281994042e-01,-2.640787670428280595e-02,2.606844786441066542e-01,1.441038193084062946e-01,1.129903363161410268e-01,7.631257315120917872e-02,9.408311562231255754e-02,1.046646059206438745e-01,9.368072418137224355e-02,-2.401012261570741393e-02,1.063065512905285309e-01,6.666313556084542402e-02,-1.781472362496549708e-02,-1.330667564070502351e-01,-2.532389731699095647e-01,-2.117208288136575300e-01,-4.333021708196353738e-02,-3.872739096578158013e-02,-4.555842626555459823e-02,-7.852594102388639474e-02,-2.365755022967558699e-02,1.739744098486854240e-01,1.404223363080598641e-01,-1.112106438327880031e-01,-1.669950130512438125e-01,2.004716255032485128e-01,-1.204273090232478166e-01,2.697105993673442476e-02,-2.076435114808072857e-01,-1.808414816018957816e-01,-2.131490136828548543e-01,-1.479151248977511046e-01,-1.902859974269398846e-01,-1.629432192416094827e-01,-3.069261026179445628e-01,-5.661497880559211021e-02,-2.860670919205876017e-01,-1.639960307628630931e-01,-2.454198639279647487e-01,-1.166710518210640896e-01,-9.247839134854750343e-02,-1.134206564942923101e-01,-8.067327867430398869e-02,-5.495680937238950348e-02,-1.409281909817390877e-01,-1.250300808069315095e-01,-6.000398424296302796e-02,-2.567719031427428966e-01,1.197417707523532882e-01,1.905955556978393504e-03
1.142885010672474305e-01,7.631580630629503093e-02,5.742667826645614371e-01,0.000000000000000000e+00,2.001828225731884792e-01,3.214411789442839229e-01,3.624084691614914977e-01,6.234920936557267757e-01,3.185411909740518133e-01,3.737043066656817736e-01,1.389737733497736771e-01,1.199617244422007678e-01,2.442377608396113231e-01,2.694150876101258363e-01,1.307415627477961639e-01,2.860177210535916337e-01,-1.772645838952365271e-01,-3.736960779972608448e-01,1.521518785253548126e-02,1.909181779625156727e-01,-1.638793213017008810e-01,1.093392702918813547e-01,5.159144834814731739e-01,6.574462733529499170e-01,2.552967795285553398e-01,2.753076291864707259e-01,-8.844992629195162770e-02,2.121375001550207529e-02,-1.655050800885868034e-01,-1.664070661824383346e-01,-1.845760707017650992e-01,3.534286245849048436e-02,8.243864458500013703e-02,2.562273845654127746e-01,-1.602199399742393338e-01,1.896367886668457250e-02,-1.847984451714612120e-01,-6.838472424931073268e-02,-8.232492983754269300e-02,7.232947511293312363e-03,4.824310687790666491e-02,-1.030228998628961584e-01,-4.133895819011760842e-01,-4.720128470652213970e-01,-2.128475985247752778e-01,-2.588172037016483462e-01,-2.428526693118596425e-01,-3.514969602570101603e-01,-2.408115513736580060e-01,-1.162835020617858650e-01,-2.263391220055871733e-01,-2.245643316439269177e-01,-1.714083283123117862e-01,-1.472645181034524242e-01,-1.492369996780588404e-01,-2.287559654091868289e-01,-1.023212782643886792e-01,-4.017909699024259373e-02,-3.972423806350658003e-04,-4.022697115440424659e-02,4.084802245069996118e-02,8.718298756240400182e-02,-1.768664877439808658e-01,-5.421104033877990891e-02,2.367785871042865642e-01,2.740895203325194873e-01,5.458566284914414743e-03,-1.796990507024488412e-02,1.756067280312740841e-01,1.381416935184513750e-01,9.429267119827088039e-02,5.844106436827777723e-02,-2.641937431798853202e-03,4.926003438535680318e-02,-2.962580291862086071e-04,2.372432052411069595e-02,-5.178172483846441715e-02,-4.849250094133025074e-02,-7.816813924654932022e-02,-1.875703480633166831e-01,-3.264210012011037332e-01,-3.479089152562561682e-01,-1.423579872918420350e-02,6.383150709136064735e-03,-9.718145590424018265e-02,9.994215642118916068e-03,-1.540152730506070579e-02,2.351448142582507339e-01,2.616870078831440849e-01,-2.018382990861539508e-02,-2.503073364471959661e-02,7.494096296252972245e-02,-1.072722228258372532e-02,-1.238698559374552949e-01,-9.793883426059472874e-02,-9.777181045705131412e-02,-1.545908797885035268e-01,-8.243232583989876239e-02,-2.015324674952768125e-01,-1.994985186939988442e-01,-2.908815793170090869e-01,-1.672253519150370404e-01,-2.317922913261867002e-01,-2.108598039779402133e-01,-1.276066058924276991e-01,-1.048501068027471450e-01,-7.053051238360279196e-02,-1.195682897408307799e-01,-7.811870153680634810e-02,5.205039152200800073e-02,-1.488589321690972356e-01,-1.363149772595688425e-01,-7.402869864004144040e-02,-2.225588097541333354e-01,8.227910207177226154e-02,4.424769228379882985e-02
-2.244509789982516157e-01,-2.777624844444128160e-01,2.334751400619481110e-01,2.001828225731884792e-01,0.000000000000000000e+00,5.986439735492415926e-01,2.951166545364428823e-02,2.109880138744939515e-01,4.801616745592274804e-01,4.991582242654837853e-01,3.269492235775486172e-02,2.508277931521036286e-01,-3.367885425736576177e-02,3.078594036778899423e-01,3.097639974082377901e-01,4.510206840302823927e-01,-8.184004644294957942e-02,-1.411736885551517773e-02,2.351403263232432553e-02,-3.895616388338989794e-02,9.884591135673516382e-02,2.906816608529871893e-01,3.884482689888971163e-01,2.892940099070384075e-01,6.157494376974695927e-01,5.071863972068896276e-01,2.432569124851247100e-01,1.505652488865784344e-01,1.461047567768850308e-01,1.493451208312284728e-01,1.152854578917818090e-01,2.147337027602976706e-02,3.324155775881052627e-02,1.350184143467498266e-01,-2.244909610529819896e-02,-9.736767962871561988e-02,6.348027233818917363e-03,-1.432153114392872018e-01,1.274136018307193696e-01,2.359190336689434564e-01,8.076571540327741328e-02,1.530856447662730380e-01,-1.042094092542886069e-01,-1.680421297077623888e-01,-1.544362286829821240e-01,-5.088087760885685179e-02,-1.934236820560112369e-01,-2.004662693457877620e-01,-1.729734337236506769e-01,-4.868334926926785183e-02,-2.400575957254095227e-01,-8.248156130037621880e-02,-8.676482755695678895e-02,-9.555567379445555065e-02,1.033774527043456321e-01,4.917033396290747954e-03,-3.724288306053449848e-01,-2.713564017380487026e-01,-1.580414350948994850e-01,-1.842380620003900710e-02,-1.691715061799080877e-01,-5.334141787477620494e-02,-1.810588793687425702e-01,-6.764562148125068120e-02,-3.466380356157611892e-02,-3.188184772441319181e-04,-1.428132295593268486e-01,-9.082452492626449936e-02,-1.762539191730579102e-01,-1.603512049514444482e-01,-1.893688382926599079e-01,-1.561280594177920644e-01,-3.894775190096136375e-02,-1.044650170916024690e-01,-9.083711878143158058e-02,-1.519641694217618577e-01,-9.566922322653029220e-02,-9.644360593018674876e-02,-1.887749279133097424e-01,-1.226382669639198703e-01,-1.199153178829850813e-01,1.054538599183753658e-02,2.350249649827035880e-01,2.803728818294079494e-01,-6.085246914385762651e-02,2.614169422250441355e-01,2.866189725297275670e-01,3.866830657297293250e-01,4.592325620344586135e-01,2.679983154693252878e-01,-6.024083771483469685e-02,5.695124154355429152e-02,6.357986910044380324e-02,-2.556281974740545748e-02,-1.118296101723240815e-01,-1.041735611428573453e-02,-1.782799514318551826e-01,-9.108277345940023195e-02,-1.946380983989786928e-01,-8.376848989293647629e-02,-9.653258726521761479e-02,1.187608283864347580e-01,-9.763297691535241518e-02,-1.513517300518213643e-03,-4.980076156476787030e-02,-1.023525558470803065e-01,3.679875111394723119e-02,7.371350121246318665e-02,-3.714001176535455112e-02,-1.792151930072870269e-02,-2.433485213628480137e-01,-1.866450987581116105e-01,1.380208494438877470e-02,-1.170360983447621406e-02,-9.282821443513424031e-02,5.687688282138442242e-02
-2.107303178711516789e-01,-2.234322666224677623e-01,2.082905745414690979e-01,3.214411789442839229e-01,5.986439735492415926e-01,0.000000000000000000e+00,5.454795182678211229e-02,2.638148091829002895e-01,6.400921350393926623e-01,7.895945186817556749e-01,8.145838671601363101e-02,2.553987671511183111e-01,5.661657255790428916e-02,2.966121810805690817e-01,3.169852907182926227e-01,4.600551500395138049e-01,-3.844062814463294203e-02,-3.188599940119445780e-02,-2.499539179515187018e-02,-1.379993968735518731e-02,1.693013720105241982e-01,2.623273197612333019e-01,3.303116066511038174e-01,3.237302764629744201e-01,5.911467013070893506e-01,5.813456175349898114e-01,2.115206116654224922e-01,2.852075592451578934e-01,1.009090017954574203e-01,4.662843974124618318e-02,6.359028693835505619e-02,-7.155739845957621859e-02,-7.945583726193747309e-02,3.859635029745589387e-03,-1.031667907368125220e-01,1.006166167994018285e-01,3.730899805833350763e-02,-1.181826129749260074e-01,9.229875661695077782e-02,1.899642197886589334e-01,1.378817547389059595e-01,1.413057624012155900e-01,-2.429537326377528006e-01,-3.032736041655164083e-01,-2.429948661314192127e-01,-2.074668974227649454e-01,-1.609218971713140267e-01,-1.417196272754956132e-01,-2.322681423112601673e-01,-1.377939885673290232e-01,-2.512943580553259060e-01,-1.551669518320465402e-01,-2.124734578113016484e-02,8.173120997789898312e-03,7.038591855132274311e-02,-2.223517910753320878e-02,-3.526033137999450839e-01,-2.624759812891500621e-01,-1.781672567280806474e-01,-1.232561733393552350e-01,-2.467906333462425439e-01,-1.432938123834981425e-01,-1.445659984233487183e-01,-5.097434513361420033e-02,-1.093252040413345283e-01,-9.780206890375557627e-02,-2.226388858500839840e-01,-1.930274592448235349e-01,-1.594632555899278548e-01,-1.359370947025673459e-01,-4.636382644943645021e-02,-9.387835631024232796e-02,-5.285700293118389750e-03,-7.845937830675911440e-02,-9.490147973617418797e-02,-1.417245883588443001e-01,-1.859614722203904724e-01,-2.113078252461775275e-01,-1.255952142342534050e-01,-1.280993947055895366e-01,-1.202367069605180389e-01,-2.793180129614267551e-02,1.986687215759981584e-01,2.520351004345770529e-01,-1.903138098689520497e-02,3.265015713556503885e-01,3.350675010691371858e-01,4.675089363288103539e-01,4.388266504900755760e-01,2.594087194370415239e-01,-1.943716327938824484e-01,-1.408730026872561936e-01,-1.339755237003901200e-01,-1.830859035575062577e-01,-1.175700476333773892e-01,-5.321763076246980445e-02,-2.086294377497467378e-01,-1.574579646687314927e-01,-3.180771328849331114e-01,-2.161083026330442303e-01,-1.790659030436257404e-01,4.450282314802556094e-02,-1.863824351259224521e-01,-1.221286660048968159e-01,-8.067537958853225610e-02,-1.667555585859207823e-01,4.738933029459391211e-02,8.287745643864315170e-02,-8.367000545856043137e-02,-8.733359056777147134e-02,-2.312593402334360837e-01,-3.418027813674008875e-01,-9.178260811655986062e-02,-4.500971928059013805e-02,-1.435234271351132351e-01,6.142164986097863391e-03
4.802514532323867158e-01,1.473964112830791484e-01,6.226323497448006394e-01,3.624084691614914977e-01,2.951166545364428823e-02,5.454795182678211229e-02,0.000000000000000000e+00,3.781858387684701173e-01,2.361535388136709879e-01,1.105306361286528954e-01,2.373763563624667894e-01,1.322740840209322422e-01,5.492395996586802998e-01,1.996937433395022110e-01,1.328695963220760390e-01,6.123301063791774385e-02,-2.306288226470315506e-01,-3.009825397882412990e-01,3.064494388173450434e-01,2.175445648108872698e-01,-7.688480454757977423e-02,-1.342947192946243595e-01,2.258322026631917057e-01,1.916224590508367465e-01,6.114964806053572316e-02,9.231721201210510430e-02,-1.055514050827506128e-01,-4.950219477611104285e-02,-1.913232109074630705e-01,-2.212503899791246897e-01,-1.752413513536834888e-01,-8.266768318885613087e-02,1.423674998096111644e-01,1.728230808920561690e-01,5.140224224276195714e-02,-7.024959356619771278e-02,-3.306216837989479074e-01,-2.843646586574122281e-01,-1.474841448723015758e-01,-1.999597857149998936e-01,-2.324972928740284550e-01,-1.855353738380270678e-01,-3.615949222643581873e-01,-3.794863774653645661e-01,-2.463151127650800298e-01,-3.438229073320704376e-01,-2.478182394268011457e-01,-3.930204082172087943e-01,-2.644872261217151022e-01,-2.065095232688770877e-01,-2.648008083830850068e-01,-3.711015392228707022e-01,-2.631094570166044311e-01,-2.198581475577470745e-01,-3.103753269774303658e-01,-1.417469568839381522e-01,-1.497720695819761659e-02,-4.850601991878798758e-02,6.247630631548076185e-02,-4.452909431634128473e-02,3.940438528039133526e-01,1.362174316625207882e-01,9.381284943841733392e-02,1.075335744519454427e-02,2.862412571563929808e-01,1.810161106024665012e-01,1.602059787259950685e-01,-6.125407604754209284e-02,1.960644628630038577e-01,-5.706417837964500826e-03,2.194261194523328407e-01,2.428919591303366210e-01,1.539047517056045811e-01,1.938874505002287363e-01,1.579620582448177102e-01,8.156058597266611920e-02,2.079594518235164669e-01,1.423569912598241227e-01,-1.101401393548058077e-01,-1.516833058971862047e-01,-2.943115413309845829e-01,-2.943723781606303325e-01,-1.793978043030771963e-01,-1.913461333761644900e-01,-2.040169107620575517e-01,-3.130086880138974181e-01,-1.656683086483957679e-01,-1.473752074864135841e-01,-7.138657278376352167e-02,-2.370677539943039369e-01,4.440394636495043068e-02,2.787365217359166203e-01,8.401423102962124467e-02,1.976790115956794380e-01,-4.142187523007947320e-02,-1.519841418797466537e-01,-3.732224619264585402e-02,-9.647145764379898292e-02,1.206773727316947514e-01,1.271583746242317681e-01,-1.550104421207553450e-02,4.864938817378117869e-02,-5.010309329973628573e-02,4.242176875307756417e-02,-1.136764193729375150e-01,7.925684520559316687e-03,-1.300969080697065294e-01,-9.536071066696980014e-02,-7.477423790338048881e-02,-1.496039251754839421e-02,-8.026278904488769184e-02,1.160223655694821721e-01,3.445940769318150965e-02,-6.742750823211166034e-02,6.538685252533045500e-02,5.561586850064395571e-02
1.473097768006681185e-01,5.789842419813767856e-03,3.293710114186932936e-01,6.234920936557267757e-01,2.109880138744939515e-01,2.638148091829002895e-01,3.781858387684701173e-01,0.000000000000000000e+00,1.750561323676949887e-01,3.016543572649005300e-01,1.029324171212846750e-01,4.153999858452764316e-01,2.154881967460488268e-01,5.659619905556458885e-01,5.476461234202171374e-02,2.962476347914978492e-01,-2.346888776087375506e-01,-3.674686728011370973e-01,-1.380529412681949335e-02,1.069065247667878027e-01,-1.633460778132432289e-01,9.893440138165096598e-02,2.266640900248603208e-01,4.045546578125200354e-01,9.663863832195011827e-02,3.209484140206970149e-01,-1.258209414491344436e-01,-6.022784119998242369e-02,-2.079072314563004398e-01,-1.020038844224406549e-01,-1.625920223933726427e-01,8.047622348710434248e-02,6.116989697818630417e-02,2.874727924173817728e-01,-3.215057061559280921e-02,1.102999908439260407e-01,-2.468594392305751006e-01,-2.477431944772604255e-01,-2.132767634377086829e-01,-9.228430000135327826e-02,-1.579728985368655247e-01,-1.081732640894062097e-01,-2.771494507548777908e-01,-2.755243678422230058e-01,-1.978339588077712152e-01,-7.858320345596117584e-02,-2.123526281381655223e-01,-3.831235437031870195e-01,-1.917947472863529984e-02,8.372930440840455069e-03,-8.816434198212950990e-02,-1.034504684988664658e-01,-1.514375301775268412e-01,-2.612786826927930850e-01,-1.934627832783113732e-01,-3.262333300802263691e-01,-2.319744260747968467e-01,-1.488764344385588856e-01,9.144451507056698680e-02,1.741767430789823989e-01,2.135812698152261269e-01,4.332674827643556714e-01,2.989324153850384316e-02,1.917473789504151316e-01,1.433551621735426607e-01,4.916267488338077474e-01,4.604456870051733264e-02,1.303528691789164196e-01,3.885114325438510791e-02,-3.202220341195377573e-02,1.408813798922276261e-01,1.953331680139597237e-01,1.038383839435940009e-01,1.569691442958993377e-01,9.723862880534181463e-02,8.843941019526582736e-02,9.121800307041619260e-02,1.000043204376298706e-01,-1.584032186759710692e-01,-1.804014755777833545e-01,-3.768696712928851222e-01,-3.832028634160828395e-01,-7.765613768172309472e-02,-4.507659475578837394e-02,-2.019362280351967576e-01,-4.571441775621568060e-02,-1.058991484118735060e-01,6.952876651153254775e-03,1.691974438187265617e-01,-8.757290991155453064e-02,2.395054058259105945e-01,2.402210069686666338e-01,3.076408593475457032e-01,1.363565956064640705e-01,-5.127296682929367855e-02,-6.657250386780312612e-02,-1.073148324202312376e-01,-3.761189102057214961e-02,7.004586835111849263e-02,1.233329010870674036e-01,3.410098382077339507e-02,4.916629838505356259e-02,2.327278326725528909e-02,3.166041246384838914e-02,6.605687449907103603e-02,-2.615525796335694403e-02,-4.109635738410263861e-02,-3.676564516164296248e-02,-2.216439100990422531e-02,3.386273093598660827e-02,-1.173592129273809542e-01,8.127251808909263797e-02,1.215255327287229764e-01,-4.870559590426775526e-02,4.259968521239190092e-03,4.962990489030738583e-02
-9.001283078242951208e-02,-1.299000044587822478e-01,3.001588014825946060e-01,3.185411909740518133e-01,4.801616745592274804e-01,6.400921350393926623e-01,2.361535388136709879e-01,1.750561323676949887e-01,0.000000000000000000e+00,6.328329888038705109e-01,-1.993370693959252427e-03,3.350360339997068143e-02,2.023295027306811766e-01,1.558234153534925059e-01,5.018974161700862080e-01,3.605298740468015906e-01,-8.110085690173804429e-02,-1.393524744676004172e-02,3.113982168193839013e-03,2.684750433783162846e-02,7.256248378484035644e-02,2.106918065140483964e-01,3.919197758361180894e-01,2.276100420298652338e-01,5.477395389936116077e-01,3.757171882600680579e-01,2.527149956125464003e-01,2.230545405888039456e-01,3.229129016421093679e-02,-4.340639815289969866e-02,2.960104369810385647e-02,-5.023183124857989040e-02,-6.041760372113387512e-02,-5.573569530788245047e-02,-1.084694565352380680e-01,8.988389423060015593e-02,4.399974442602522240e-02,-4.851166513440397648e-02,1.209546295715765857e-01,1.523742819095203482e-01,6.785310697438326488e-02,7.983832184983707947e-02,-2.743280454322160611e-01,-4.199979303799645236e-01,-2.991710579934619418e-01,-3.636136638038623414e-01,-5.366744279531563550e-02,-6.874039178195624766e-02,-2.998249632546478582e-01,-1.717165282239639379e-01,-1.999677669414484937e-01,-2.028189112110124481e-01,1.091280355991175455e-01,4.853243029446887430e-02,4.650710407473590546e-02,-2.016112435288593824e-02,-2.521321969964933629e-01,-2.106263232275941699e-01,-1.852508048190374956e-01,-2.321370582772028235e-01,-1.690024255767492156e-01,-2.586116045460973289e-01,-2.024865379890895267e-01,-1.983238736092464705e-01,1.102796147725451648e-02,-1.435464231280098868e-01,-2.204986330293224606e-01,-3.128819188118939776e-01,-4.755023716900903807e-02,-1.313982389513285720e-01,8.515206150824450315e-02,3.471594358844409117e-02,2.496659864130307965e-02,-5.401689506806165580e-02,-1.928156700305196092e-02,-1.437462938143994617e-01,-1.770270133096533416e-01,-2.476138720001738458e-01,-1.621222562870622830e-01,-1.270600715105840439e-01,-1.283480372340400633e-01,-2.060758189605297469e-02,1.599525663866538105e-01,1.565410523494315254e-01,1.915350938030943584e-02,2.228209761402271671e-01,2.369439067609297733e-01,3.371597882962571457e-01,4.307081468504350696e-01,1.933012250394008646e-01,-9.898947158400964175e-02,-7.254460691741598799e-02,-1.296473348502608369e-01,-1.926867697926679945e-01,-1.258302421790311598e-01,-1.452561775900601537e-01,-1.931827343645847461e-01,-2.027429849785056803e-01,-2.214543053404994521e-01,-2.240248077431271911e-01,-1.704285468850407492e-01,-7.597445932732868612e-02,-1.346601056286786391e-01,-1.432810432810524282e-01,-8.230558067884365114e-02,-7.458828317527946283e-02,5.998869632972957458e-03,-3.515321403029462739e-03,-1.876503365147363656e-01,6.942204021385359192e-03,-2.498736382363112296e-01,-2.171960164767301749e-01,-9.153854295272108310e-02,-1.242869460800764131e-01,-1.020909708457041071e-01,6.173814975235125679e-02
-8.880103634192654249e-02,-1.259103237578581280e-01,2.513358715149084377e-01,3.737043066656817736e-01,4.991582242654837853e-01,7.895945186817556749e-01,1.105306361286528954e-01,3.016543572649005300e-01,6.328329888038705109e-01,0.000000000000000000e+00,1.089976925806633440e-01,1.764795884177612628e-01,1.165206642474893306e-01,2.944465108179287749e-01,3.065003103220562686e-01,4.315253676406385908e-01,-9.032423202838459064e-02,-8.859174095985906938e-02,3.433363523572888210e-02,2.224795644927280575e-02,1.257330093315408015e-01,1.591474133138495728e-01,3.310710159657519469e-01,3.219481622884658445e-01,5.191406146600269222e-01,4.939718784491111681e-01,2.251290448148500489e-01,3.166520363889937517e-01,-1.204947734001858691e-03,-3.257918828526536886e-02,-3.968107848743073450e-03,-1.308363636151589626e-01,-4.468006036349030097e-02,1.666163974826861266e-02,-1.486037988245116626e-01,8.275982201642051450e-02,-1.392127343044786275e-02,-1.502405568011108694e-01,8.244840175864556753e-02,1.241542462632845428e-01,6.122782830463832648e-02,1.005892220427417882e-01,-3.393642553593860800e-01,-3.689410693665143848e-01,-2.509178556663194115e-01,-2.598437174334761735e-01,-2.342996428880531612e-01,-1.638448517710724417e-01,-2.774630297956944824e-01,-1.431337715631891272e-01,-2.497366531389557942e-01,-1.626148224960907163e-01,-7.177763080351126646e-02,-3.267201704345448765e-02,3.916950140855299245e-02,-7.108471529381328591e-03,-2.942958446312295973e-01,-2.025902050797970810e-01,-1.242810308110064293e-01,-9.941704393036010501e-02,-1.529986594063178218e-01,-7.787728821645249766e-02,-1.517511783719850682e-01,-8.479816496205683576e-03,1.579790553134591269e-02,-5.487158924820712685e-02,-1.887370596613611173e-01,-2.230507238409994708e-01,-9.747904275785647388e-02,-7.888695422301107707e-02,1.064409938325247724e-02,-4.711061319975608230e-02,-1.951931793959836917e-02,-1.135139788047257597e-01,-8.436898675763188082e-02,-1.640464100829387151e-01,-1.564794677631669295e-01,-2.157941354714703053e-01,-1.098370195596974214e-01,-1.281604256214029514e-01,-2.049737227597706601e-01,-1.073418098390761660e-01,8.060811907610777871e-02,1.544495491232191486e-01,-3.951028503698083422e-02,2.592108897534755596e-01,2.374887914962340307e-01,3.887593733103008597e-01,3.799195937577920512e-01,2.037016967546004531e-01,-2.019494392328086974e-01,-1.092972102772806348e-01,-1.535218110702633032e-01,-1.347159297769812414e-01,-1.570200537965082410e-01,-6.173873454337398814e-02,-2.096424498369810208e-01,-1.261200174381832129e-01,-2.987103661884188965e-01,-1.868721994171842760e-01,-1.847665028371724971e-01,2.063114484667400578e-02,-1.764141279455261058e-01,-1.121071951795672011e-01,-1.033380839845497584e-01,-1.841495898004257559e-01,2.297071345444161652e-02,3.807113217219913054e-02,-1.021912196488444502e-01,-7.673825332398977184e-02,-2.263133627797331293e-01,-3.108713397194660666e-01,-4.888099893023699349e-02,-4.465509259743572629e-02,-8.079151175259929873e-02,2.505413431765388110e-02
3.178373343847867849e-01,8.065877478408305101e-02,3.119872576585148716e-01,1.389737733497736771e-01,3.269492235775486172e-02,8.145838671601363101e-02,2.373763563624667894e-01,1.029324171212846750e-01,-1.993370693959252427e-03,1.089976925806633440e-01,0.000000000000000000e+00,1.224947808838698082e-01,4.817893513773099934e-01,1.200013340639321385e-01,1.907341748345189325e-01,8.404866667603352881e-02,1.804940630562645865e-01,-1.576327472273837960e-01,2.827993491536203718e-01,1.489037313660562523e-01,-1.531898675387262897e-02,-2.127935251756499918e-02,2.321318725870198940e-01,2.018589537344208373e-01,2.835353938504399721e-02,1.314308847877035114e-01,-6.481359012325717261e-02,4.662337762512096251e-02,1.737065609483927631e-01,8.224312724425168405e-03,5.361469981784603572e-02,-7.644451481432472384e-02,1.420892110053626201e-01,4.177848871476391723e-02,4.550865520721185387e-02,-2.113153361910335704e-01,-1.005011607183455419e-01,-1.349554486671420972e-01,-3.131194096161885737e-02,-3.060966762218029612e-03,6.616023363097449372e-02,-1.268128352902115896e-01,-1.594005975777983697e-01,-1.024947047395679822e-01,1.072748214767640582e-02,-6.142059849087930928e-02,-1.179033276654602169e-01,-1.328974203506597673e-01,-8.364173556345796956e-02,-8.157647447317790956e-02,-6.109983947822875822e-02,-7.651220590798961385e-02,-1.756417828207908760e-01,-7.031277661046628213e-02,1.162223688893997305e-02,-5.229619618572235729e-02,6.771903384527581948e-02,4.733952230360898364e-03,1.185745181876113330e-01,8.569799712080416673e-03,2.060818891113662399e-01,-2.438830905498484691e-02,1.085344454917281237e-01,1.184794260456454168e-01,2.502052505741920729e-01,3.700415933289682296e-02,9.896138312806972148e-02,-6.956261973604950521e-02,3.761918684162131321e-02,4.755543750091607846e-02,8.679461588163117636e-02,-3.251458121981784521e-02,1.199326665163522182e-01,1.223750012840576495e-01,1.235195237999161394e-01,5.716021272955833926e-02,1.290742252881537933e-01,1.055608919676654933e-01,2.820721364881869642e-01,-1.042149088771127108e-02,1.665002747725011917e-02,-2.151699640652426637e-01,-3.694239392770328617e-02,-7.471230181136208348e-02,6.772455624717511891e-02,-1.582371478062777614e-01,4.919514270522643180e-03,2.752639376517544353e-02,7.289360864562649533e-02,-7.134234645664923324e-02,-8.756709011813978982e-02,8.558404389219695374e-02,-5.763206079524318265e-02,1.504754473843237517e-01,-6.227636953355032701e-02,1.086448998650299813e-01,1.179043160615331903e-01,8.672393423442338600e-02,-4.096383738701305649e-02,-4.629347478460777571e-02,-9.540230398302039158e-03,7.044812456700300964e-03,-6.843073465394129695e-02,-1.035350939638992988e-02,-1.844118230692037008e-01,-1.062054935635264458e-01,8.439843633853973126e-02,1.279093593062978762e-01,8.828704726594423235e-02,-1.076629928330546382e-01,2.048498291340481448e-01,1.435377494842487653e-02,-1.153658038945046607e-02,-8.422314153604668063e-02,8.584232661155570543e-02,-7.235761223836444100e-02
9.815283936085221483e-02,-1.460578780532680206e-02,2.268223911743988408e-02,1.199617244422007678e-01,2.508277931521036286e-01,2.553987671511183111e-01,1.322740840209322422e-01,4.153999858452764316e-01,3.350360339997068143e-02,1.764795884177612628e-01,1.224947808838698082e-01,0.000000000000000000e+00,1.694229904020285449e-01,5.537817712831174521e-01,-4.323344890407896518e-02,1.759678053593541347e-01,-4.564901232090502053e-02,-8.962417928672308798e-02,6.199992206363426003e-03,1.313748482848571542e-01,6.224896965815367861e-02,1.450503835349561121e-01,1.346271659065537661e-02,3.669647275047521057e-02,7.218498559735597730e-02,2.308452789122935056e-01,-1.502053173010475529e-01,-1.217038602124652230e-01,1.251588368126686779e-01,2.248053559870784035e-01,-2.291432326682021805e-04,4.036523415744788096e-02,1.021667353544324641e-01,2.029116684878319588e-01,-1.349739251178723176e-01,9.039369993031766415e-02,-1.738519660356573349e-01,-1.701199460409763831e-01,-1.257001733260271481e-01,-7.285351299313140919e-03,-1.059742088592701970e-01,7.498477773880919683e-02,-7.824822461325581235e-02,-4.453958271652084383e-02,-9.217416651054612109e-02,7.642149876094551930e-02,-2.194050716571041559e-01,-3.286748281187250598e-01,1.140623226551097102e-01,9.673362182140897436e-02,9.066056801695109024e-03,9.291679773822263122e-02,-1.393645777090076199e-01,-2.497332870342900413e-01,-4.011092308307688536e-02,-4.336641805508055503e-02,-2.970132364489573296e-01,-1.785248058314467812e-01,3.394898345590064564e-02,1.532553129343740550e-01,1.168119045237867443e-01,3.082154078877993308e-01,7.684178669261311490e-02,2.411967132024963045e-01,-1.664826130414335248e-01,1.717533299377133893e-01,-1.865247019281481844e-01,-2.322802822547413715e-02,-5.450805387017916559e-02,-5.442792558932758873e-02,-3.388240977450164559e-02,7.082246837764197799e-03,1.444647489708941746e-01,2.635206461093804742e-01,4.721898406584624022e-03,7.494443862778862875e-02,-8.006443012725142361e-03,6.401542790441570874e-02,-1.836298891337912464e-01,-1.081122348535188821e-01,-1.698465468513419563e-01,-4.094043182727902241e-02,3.690665977467703918e-02,1.263052604679873181e-01,-1.621940502957588681e-01,4.943487402315117213e-02,-3.936152201820539154e-02,3.731194048373745464e-02,1.023044943492009140e-01,-4.508355655644540050e-02,6.040965172528443144e-02,8.515719865138163258e-02,2.281508015616603158e-01,6.696830680417260873e-02,2.729612454352000825e-02,2.880247092606686224e-02,-9.310473276238709350e-02,-5.666197878045472341e-02,3.936447719899457270e-02,9.391845055645391127e-02,-3.475359399305547048e-02,9.530719627732432697e-02,-8.673295830477090185e-02,4.802990883057811633e-02,1.073708083444105399e-01,-1.889336078260237667e-02,3.542256434235191431e-02,1.200055114163613157e-01,-4.524075966292231965e-02,2.755634397608876240e-02,-4.357757436584955985e-02,1.349291854337377177e-03,1.385518139720125497e-01,1.190137019856189055e-02,-1.433913208626642344e-01,-8.160890208123613987e-02
4.213739486653879096e-01,2.080079667014025913e-01,4.896212252429187339e-01,2.442377608396113231e-01,-3.367885425736576177e-02,5.661657255790428916e-02,5.492395996586802998e-01,2.154881967460488268e-01,2.023295027306811766e-01,1.165206642474893306e-01,4.817893513773099934e-01,1.694229904020285449e-01,0.000000000000000000e+00,2.515524446122532898e-01,1.489872175089654027e-01,2.135761465133249187e-02,5.111965687353485326e-03,-2.356728640490949878e-01,2.206765994248910123e-01,1.583003583387426749e-01,-6.969570684691561713e-02,-1.319790044861575973e-01,2.776889504121227703e-01,2.268519992231678994e-01,2.006494150618269860e-04,3.613357507647413369e-02,-7.697555755972718128e-02,-1.009369968821013375e-01,3.038458223745852185e-02,-1.180975950669351654e-02,-7.820153117324976644e-02,-5.990000470976923619e-02,9.322232885428151372e-02,3.116012095834880258e-02,-1.588417175587655550e-01,-1.763232107576296059e-01,-1.781464123446764025e-01,-1.063292155786366711e-01,-1.348502984801053239e-01,-1.267773426049229046e-01,-1.166622500214258285e-01,-1.796037669543967263e-01,-3.855062739964917329e-01,-3.252186137897318252e-01,-1.321555358234380029e-01,-2.999470016054133215e-01,-3.049115203227585336e-01,-3.380434893512291317e-01,-1.800242217084679630e-01,-5.267187770929304680e-02,-1.280037539716014361e-01,-1.077762523901028419e-01,-2.795848395053445179e-01,-1.920030673939376042e-01,-1.511954612126005515e-01,-1.669575111105462903e-02,1.186385395832716648e-02,8.822441464513100171e-03,3.208608128449552677e-02,-1.293547017622054263e-01,3.051459590370368957e-01,6.555098195701661301e-02,5.751642852274990031e-02,5.451546763486474212e-02,2.695711989245082596e-01,3.796738396782416147e-02,-3.791383431942151050e-02,-2.903531125708399552e-01,1.891330286402240213e-01,2.660574032490485574e-02,2.029300522217739877e-01,9.516659303178100215e-02,1.875973948362857358e-01,2.608001209189726444e-01,1.251846939821796290e-01,1.368295036229932177e-02,1.399091048785085500e-01,7.626117061885567816e-02,1.013713684218925243e-01,-6.873730340686591556e-02,-1.334303410351008745e-01,-1.694436979284498213e-01,-4.695795945772109070e-02,-8.125912207429464296e-02,4.280384790752318064e-02,-1.921324685072484106e-01,-1.253876428663106279e-01,-3.049650862400294163e-02,3.255228318660823017e-02,-2.269963703397953614e-01,-4.195470939938516358e-02,1.964654197493688470e-01,5.345276016935270394e-03,1.723971995002167301e-01,-1.487667137028752251e-01,-8.904082179193816005e-02,-3.607922604328368810e-02,2.014542804507099549e-02,4.286447124424064975e-02,2.615871175382263047e-02,-2.056990792859697825e-01,-1.185595583708754083e-03,-2.225014415619746833e-01,-8.739141563460223194e-02,-1.763468064101958999e-01,-4.147120565742812293e-02,-8.090618962986759199e-02,-9.312655129046573665e-02,-6.363364437459466394e-02,-1.798428284032411659e-02,1.023018434436265556e-01,8.943505805708454326e-02,1.039958119224023564e-01,-1.397735874850428162e-01,1.282755683116834078e-01,3.575391650458344117e-02
