0.000000000000000000e+00,6.993497014045715332e-01,-7.288608700037002563e-02,8.096726238727569580e-02,-1.434090733528137207e-01,-2.673926949501037598e-01,-2.593838274478912354e-01,-6.334702484309673309e-03,-3.368631899356842041e-01,-2.421115040779113770e-01,3.111756742000579834e-01,3.520289063453674316e-01,-2.038774788379669189e-01,-1.405333727598190308e-01,-5.739949643611907959e-02,-1.893600672483444214e-01,1.727942973375320435e-01,2.283312082290649414e-01,7.626917362213134766e-01,7.221511602401733398e-01,-7.897467166185379028e-02,-7.831508666276931763e-02,-1.919879019260406494e-02,-8.343411982059478760e-02,-1.137562021613121033e-01,-1.657192409038543701e-01,1.154360268265008926e-02,3.020156733691692352e-02,-1.188427675515413284e-02,-2.785975672304630280e-02,6.866952776908874512e-02,-4.523407202214002609e-03,5.437152981758117676e-01,5.149865746498107910e-01,4.823109135031700134e-02,5.378159228712320328e-03,-2.474815249443054199e-01,-1.899261772632598877e-01,-5.080215260386466980e-02,-1.820459812879562378e-01,-1.534375101327896118e-01,3.154608607292175293e-02,3.270791098475456238e-02,-1.484494358301162720e-01,-1.495909243822097778e-01,-4.037963598966598511e-02,1.133292689919471741e-01,-1.337080597877502441e-01,-5.745431873947381973e-03,-4.554485902190208435e-02,-7.766289263963699341e-02,-2.002929300069808960e-01,-1.959778964519500732e-01,-2.071488350629806519e-01,2.175098955631256104e-01,7.840481400489807129e-02,6.084481477737426758e-01,4.869373142719268799e-01,3.887441158294677734e-01,4.113544523715972900e-01,5.205584764480590820e-01,2.403210997581481934e-01,5.532146096229553223e-01,3.680145442485809326e-01,2.255655825138092041e-01,-1.087494641542434692e-01,3.729312121868133545e-01,3.041998445987701416e-01,6.440640687942504883e-01,6.107587814331054688e-01,3.853209316730499268e-02,-1.046385020017623901e-01,1.791212707757949829e-02,7.687502540647983551e-03,2.146992385387420654e-01,2.736498601734638214e-03,2.864431738853454590e-01,2.265658527612686157e-01,1.312258746474981308e-02,-3.755877166986465454e-02,3.073655068874359131e-01,2.379313670098781586e-02,3.169417381286621094e-01,-2.805242687463760376e-02,2.100345641374588013e-01,-1.479767262935638428e-01,1.138839423656463623e-01,4.579591751098632812e-02,1.363134831190109253e-01,-1.837858557701110840e-01,-1.665136590600013733e-02,-1.897884607315063477e-01,-2.717547491192817688e-02,-1.074303835630416870e-01,-2.216946780681610107e-01,-1.063751801848411560e-01,-5.191868916153907776e-02,-5.908067524433135986e-02,-2.780351042747497559e-02,-1.130411624908447266e-01,2.646288648247718811e-02,-8.707653731107711792e-02,2.231886684894561768e-01,9.641939401626586914e-02,-1.124986857175827026e-01,-3.022234737873077393e-01,1.722953915596008301e-01,5.048165097832679749e-02,-1.191536262631416321e-01,-1.415823996067047119e-01,-8.360955864191055298e-02,-3.540827631950378418e-01,-2.657064795494079590e-01,-2.175949327647686005e-02,-2.757302224636077881e-01,-2.392033338546752930e-01
6.993497014045715332e-01,0.000000000000000000e+00,-2.393425852060317993e-01,-1.017006263136863708e-01,-1.173968985676765442e-01,-2.657178938388824463e-01,-3.892583250999450684e-01,-1.441431045532226562e-02,-3.239926397800445557e-01,-2.768622636795043945e-01,2.787528634071350098e-01,5.562587380409240723e-01,-3.335085511207580566e-01,6.181608140468597412e-02,8.471011370420455933e-02,-8.183681964874267578e-02,2.224086970090866089e-01,2.498272806406021118e-01,6.427973508834838867e-01,6.942141056060791016e-01,-5.194588378071784973e-02,7.447262108325958252e-02,-2.648846209049224854e-01,-2.858082652091979980e-01,-1.592130064964294434e-01,-1.759446412324905396e-01,4.831547662615776062e-02,6.303618103265762329e-02,2.877887897193431854e-02,1.228016838431358337e-01,-1.447019074112176895e-02,1.566409133374691010e-02,5.288466215133666992e-01,5.267246365547180176e-01,4.348829388618469238e-02,-1.537471730262041092e-02,-1.562745869159698486e-01,-1.433803439140319824e-01,6.097898259758949280e-02,-6.876374781131744385e-02,-3.331205993890762329e-02,-9.676901623606681824e-03,-1.132402196526527405e-01,-1.555474996566772461e-01,-1.999578773975372314e-01,-3.798169642686843872e-02,1.079374998807907104e-01,-2.150902450084686279e-01,-3.500820696353912354e-02,-7.068668305873870850e-02,-1.457584947347640991e-01,-2.884063720703125000e-01,-1.985138207674026489e-01,-3.475697636604309082e-01,2.449939996004104614e-01,9.030318260192871094e-02,6.155270934104919434e-01,6.963238716125488281e-01,4.115500748157501221e-01,5.157369375228881836e-01,4.920772016048431396e-01,4.588894546031951904e-01,5.110961198806762695e-01,4.660556018352508545e-01,1.354636400938034058e-01,-1.941045522689819336e-01,3.609187602996826172e-01,3.439564704895019531e-01,6.224494576454162598e-01,6.137736439704895020e-01,1.095537990331649780e-01,-1.376414746046066284e-01,6.606138497591018677e-02,8.616184443235397339e-02,2.910856902599334717e-01,8.452987670898437500e-02,1.917368620634078979e-01,1.620380282402038574e-01,1.229395940899848938e-01,-1.605887115001678467e-01,3.613242805004119873e-01,2.888374961912631989e-02,2.675098478794097900e-01,1.234318241477012634e-01,3.156786859035491943e-01,-1.920469999313354492e-01,2.693786323070526123e-01,1.853818893432617188e-01,2.081990987062454224e-01,-2.921576201915740967e-01,2.811787836253643036e-02,-3.054483234882354736e-01,-9.023921936750411987e-02,-2.557386457920074463e-01,-1.303705275058746338e-01,-9.704884886741638184e-02,4.453915357589721680e-02,-1.759849674999713898e-02,-3.197789564728736877e-02,-7.681826502084732056e-02,9.371754527091979980e-02,-1.541449576616287231e-01,2.831270694732666016e-01,1.326871514320373535e-01,-7.266613841056823730e-02,-3.880758285522460938e-01,2.437678575515747070e-01,5.709810182452201843e-02,-8.111479878425598145e-02,-7.450237125158309937e-02,-7.547051459550857544e-02,-3.755538463592529297e-01,-2.841163575649261475e-01,-9.355259686708450317e-02,-3.402008116245269775e-01,-2.750243246555328369e-01
-7.288608700037002563e-02,-2.393425852060317993e-01,0.000000000000000000e+00,6.476745009422302246e-01,3.445443809032440186e-01,5.113130807876586914e-01,6.938127875328063965e-01,5.500656366348266602e-01,4.320622384548187256e-01,5.063515901565551758e-01,-9.381439536809921265e-02,-3.349361121654510498e-01,1.801571100950241089e-01,-1.400249749422073364e-01,-2.195965200662612915e-01,-2.563028335571289062e-01,-2.589966654777526855e-01,-8.853264898061752319e-02,-5.652881786227226257e-02,-1.251140236854553223e-01,-1.297013908624649048e-01,-2.081544399261474609e-01,7.156376242637634277e-01,6.966818571090698242e-01,4.263633787631988525e-01,3.953000605106353760e-01,-1.929106712341308594e-01,-1.873502135276794434e-01,-2.044294774532318115e-01,-2.210241109132766724e-01,8.292361348867416382e-02,-1.953507810831069946e-01,-1.006915271282196045e-01,-2.445021718740463257e-01,-8.229791373014450073e-02,-5.280186980962753296e-02,-2.194477468729019165e-01,-1.725904643535614014e-01,-1.206198334693908691e-01,-2.422614544630050659e-01,-1.843893527984619141e-01,1.496108435094356537e-02,-1.887053251266479492e-02,-2.855768203735351562e-01,7.844916544854640961e-03,-2.510753870010375977e-01,-3.538353741168975830e-01,-1.437005251646041870e-01,-5.389025062322616577e-02,-1.420456618070602417e-01,8.428361266851425171e-03,1.712958514690399170e-02,3.726097196340560913e-02,3.313068300485610962e-02,-1.001075953245162964e-01,-2.231011241674423218e-01,-1.669216901063919067e-01,-3.335201144218444824e-01,-1.994303762912750244e-01,-2.563908696174621582e-01,-2.023999094963073730e-01,-4.015107154846191406e-01,-3.006640076637268066e-01,-4.044544100761413574e-01,4.599961917847394943e-03,1.116908341646194458e-02,-1.044928580522537231e-01,-2.125859856605529785e-01,5.133616924285888672e-02,-7.241529226303100586e-02,3.410637751221656799e-02,1.924918964505195618e-03,-1.883315742015838623e-01,-2.090108990669250488e-01,-2.050810754299163818e-01,-4.043634235858917236e-01,1.231595687568187714e-02,-8.576938509941101074e-02,-1.104092821478843689e-01,4.929796978831291199e-02,-2.432546764612197876e-01,-3.178219497203826904e-01,-2.753304541110992432e-01,-4.656533002853393555e-01,-1.700410991907119751e-01,-1.670655459165573120e-01,-3.347968161106109619e-01,-4.409286379814147949e-01,-1.384444814175367355e-02,-1.022785529494285583e-01,2.156489528715610504e-02,4.534722771495580673e-03,1.466319710016250610e-01,3.352177143096923828e-02,-1.000671684741973877e-01,-6.580964475870132446e-02,-3.243534564971923828e-01,-2.725192308425903320e-01,-1.488981544971466064e-01,-1.031217277050018311e-01,-7.105284184217453003e-02,-2.495880424976348877e-01,-1.672912538051605225e-01,-2.073477059602737427e-01,7.414036896079778671e-03,6.234724447131156921e-02,-1.569537371397018433e-01,-1.073281988501548767e-01,6.917280703783035278e-02,-1.753742098808288574e-01,-7.202477753162384033e-02,1.875318884849548340e-01,2.159699499607086182e-01,1.351952403783798218e-01,-4.079000279307365417e-02,2.160757929086685181e-01
8.096726238727569580e-02,-1.017006263136863708e-01,6.476745009422302246e-01,0.000000000000000000e+00,2.424362003803253174e-01,4.015637636184692383e-01,6.112565994262695312e-01,5.859491229057312012e-01,2.591334283351898193e-01,4.214930534362792969e-01,3.050141036510467529e-03,-2.426531165838241577e-01,1.964312940835952759e-01,-2.188584767282009125e-02,-3.442739248275756836e-01,-2.582968771457672119e-01,-1.706609576940536499e-01,-3.813023865222930908e-02,1.149946525692939758e-01,1.631198376417160034e-01,-2.411286532878875732e-01,-3.830265104770660400e-01,7.434010505676269531e-01,6.718133687973022461e-01,3.628175258636474609e-01,3.471949100494384766e-01,-1.478505879640579224e-01,-1.976782679557800293e-01,-9.471107274293899536e-02,-2.328504920005798340e-01,-1.847022399306297302e-02,-2.553460597991943359e-01,-1.052281558513641357e-01,-1.397346258163452148e-01,-2.348566204309463501e-01,-1.987038403749465942e-01,-4.880029559135437012e-01,-3.607995510101318359e-01,-3.816330134868621826e-01,-3.918609321117401123e-01,-3.421956002712249756e-01,-1.139234378933906555e-01,1.315050274133682251e-01,-1.627769321203231812e-01,8.289593458175659180e-02,7.844626903533935547e-03,-2.099326997995376587e-01,-6.467273458838462830e-03,1.371116936206817627e-01,1.348078101873397827e-01,1.730566918849945068e-01,2.383382767438888550e-01,8.531147986650466919e-02,2.803845107555389404e-01,-3.045243620872497559e-01,-2.910541296005249023e-01,4.346591979265213013e-02,-1.597426682710647583e-01,-6.494706869125366211e-02,-1.100372374057769775e-01,-7.542863488197326660e-02,-2.548977434635162354e-01,-1.303759068250656128e-01,-1.094961389899253845e-01,7.324823737144470215e-02,1.910127997398376465e-01,-9.314623475074768066e-02,-1.522245407104492188e-01,9.233248978853225708e-02,1.408346742391586304e-01,-1.789510995149612427e-01,-1.877119950950145721e-02,-2.162262946367263794e-01,-3.190015256404876709e-01,-3.543417751789093018e-01,-4.597173929214477539e-01,-1.972200125455856323e-01,-2.638535797595977783e-01,-2.269968241453170776e-01,2.041575163602828979e-01,-2.913387119770050049e-01,-9.853024780750274658e-02,-2.604398131370544434e-01,-4.830755591392517090e-01,-2.849606871604919434e-01,1.053653731942176819e-01,-5.564013719558715820e-01,-5.096918344497680664e-01,-2.416425198316574097e-01,1.101879179477691650e-01,-1.065336167812347412e-01,2.092841565608978271e-01,2.398965656757354736e-01,2.557069659233093262e-01,-1.299580335617065430e-01,-1.650090329349040985e-02,-3.303487896919250488e-01,-2.590659558773040771e-01,-2.232494056224822998e-01,-2.299352288246154785e-01,-2.618396580219268799e-01,-6.366685777902603149e-02,-3.684209585189819336e-01,-3.239227831363677979e-01,-1.594285815954208374e-01,1.569872200489044189e-01,-4.088115990161895752e-01,-3.023124337196350098e-01,1.251418441534042358e-01,-2.532933652400970459e-01,-3.140906393527984619e-01,1.288430392742156982e-01,1.382185220718383789e-01,9.786385297775268555e-02,1.728352755308151245e-01,1.571189910173416138e-01
-1.434090733528137207e-01,-1.173968985676765442e-01,3.445443809032440186e-01,2.424362003803253174e-01,0.000000000000000000e+00,7.973721027374267578e-01,4.216567873954772949e-01,2.620411515235900879e-01,7.129840254783630371e-01,7.573594450950622559e-01,-2.552520632743835449e-01,-2.472797334194183350e-01,1.144354492425918579e-01,-1.278833597898483276e-01,4.265324473381042480e-01,1.846900880336761475e-01,-1.469029635190963745e-01,-4.719427088275551796e-04,-1.248533949255943298e-01,-1.006675511598587036e-01,2.317095398902893066e-01,3.298651576042175293e-01,1.792377084493637085e-01,3.146303296089172363e-01,7.647098898887634277e-01,7.736526727676391602e-01,2.792973816394805908e-01,3.991417586803436279e-01,1.108396723866462708e-01,-1.930185034871101379e-02,3.517240583896636963e-01,1.566770821809768677e-01,-2.010755091905593872e-01,-2.834735214710235596e-01,-8.409544080495834351e-02,-6.333973258733749390e-02,-5.420850962400436401e-02,7.255806773900985718e-02,2.816353142261505127e-01,1.163354292511940002e-01,-3.162896260619163513e-02,1.406908482313156128e-01,-4.744728505611419678e-01,-4.142943918704986572e-01,-2.597996294498443604e-01,-3.466925323009490967e-01,-4.042248129844665527e-01,-4.833966791629791260e-01,-3.401177823543548584e-01,-3.556626737117767334e-01,-4.144381284713745117e-01,-4.257394075393676758e-01,-4.377618134021759033e-01,-4.660122692584991455e-01,-3.575373848434537649e-04,-8.670574426651000977e-02,-2.194059044122695923e-01,-1.135123521089553833e-01,-1.519137434661388397e-02,-2.397564612329006195e-02,-1.757235974073410034e-01,-1.760562807321548462e-01,-1.170110106468200684e-01,-2.274186164140701294e-01,-6.805045157670974731e-02,-4.505455791950225830e-01,-6.989646237343549728e-03,6.798395514488220215e-02,5.897543206810951233e-02,1.079032476991415024e-02,3.173732757568359375e-01,2.297753691673278809e-01,3.573397174477577209e-02,-3.523599728941917419e-02,9.106563776731491089e-02,-1.110348999500274658e-01,2.429201453924179077e-02,3.946575336158275604e-03,-1.000569090247154236e-01,-1.010607853531837463e-01,-1.004853919148445129e-01,-2.223922610282897949e-01,-3.770305588841438293e-02,-4.269732162356376648e-02,-7.005235552787780762e-02,-3.777152597904205322e-01,1.592049896717071533e-01,2.237670719623565674e-01,4.913965612649917603e-02,-2.153091877698898315e-01,-1.520476639270782471e-01,-3.498452305793762207e-01,-2.761246562004089355e-01,-2.423231899738311768e-01,-1.564446985721588135e-01,-1.726372241973876953e-01,-1.378849148750305176e-01,1.818135939538478851e-02,-5.368163809180259705e-02,-2.813793905079364777e-02,-9.903865307569503784e-02,-1.457889527082443237e-01,3.197526335716247559e-01,2.033178955316543579e-01,-8.352731168270111084e-02,-3.216809630393981934e-01,2.911517024040222168e-01,2.984851002693176270e-01,-1.579820811748504639e-01,-1.644547283649444580e-01,6.475972384214401245e-02,-1.789383292198181152e-01,-2.803362607955932617e-01,-2.053882479667663574e-01,-2.434747070074081421e-01,-2.445617765188217163e-01
-2.673926949501037598e-01,-2.657178938388824463e-01,5.113130807876586914e-01,4.015637636184692383e-01,7.973721027374267578e-01,0.000000000000000000e+00,5.834174752235412598e-01,3.999892473220825195e-01,7.108355164527893066e-01,8.329299092292785645e-01,-2.199912965297698975e-01,-2.886107861995697021e-01,1.680976301431655884e-01,-8.382534235715866089e-02,2.384462356567382812e-01,1.367285102605819702e-01,-1.614322811365127563e-01,-9.553891420364379883e-02,-2.469935864210128784e-01,-2.029039412736892700e-01,1.350114196538925171e-01,1.621178388595581055e-01,3.358476758003234863e-01,4.512589275836944580e-01,7.513917088508605957e-01,7.736510038375854492e-01,1.574006676673889160e-01,2.273036986589431763e-01,3.791477531194686890e-02,-6.424964964389801025e-02,2.256376743316650391e-01,-2.339071221649646759e-02,-3.352707326412200928e-01,-4.231945574283599854e-01,-1.816194802522659302e-01,-1.355098634958267212e-01,-7.929272949695587158e-02,8.999597281217575073e-03,1.217153966426849365e-01,3.577049449086189270e-02,-2.645763941109180450e-02,5.309182032942771912e-02,-3.894659280776977539e-01,-3.910435140132904053e-01,-1.991536170244216919e-01,-3.346965610980987549e-01,-4.522190093994140625e-01,-4.113562703132629395e-01,-2.833985388278961182e-01,-2.991264164447784424e-01,-3.091172575950622559e-01,-2.661653459072113037e-01,-3.133476674556732178e-01,-2.835619449615478516e-01,-1.510776579380035400e-01,-1.851986199617385864e-01,-3.069379627704620361e-01,-2.388583570718765259e-01,-1.884392499923706055e-01,-1.741033792495727539e-01,-3.129986524581909180e-01,-2.565646171569824219e-01,-2.223706692457199097e-01,-2.770017683506011963e-01,-1.451812386512756348e-01,-3.069165050983428955e-01,-1.841475367546081543e-01,-1.414908468723297119e-01,-2.471493557095527649e-02,-5.264783278107643127e-02,2.341602444648742676e-01,2.038491815328598022e-01,-2.664206549525260925e-03,-8.016913384199142456e-02,-9.086517989635467529e-02,-1.867364495992660522e-01,-7.320541143417358398e-02,-7.860081642866134644e-02,-9.654345363378524780e-02,-5.153086036443710327e-03,-1.979528516530990601e-01,-1.788912713527679443e-01,-2.295209020376205444e-01,-1.360780894756317139e-01,-1.822661012411117554e-01,-2.375674694776535034e-01,-4.664583504199981689e-02,2.545822784304618835e-02,-5.794225260615348816e-02,-1.144773811101913452e-01,-1.767493486404418945e-01,-2.141410410404205322e-01,-1.907384544610977173e-01,-1.348642706871032715e-01,-5.496652424335479736e-02,-7.522469013929367065e-02,-1.745357066392898560e-01,-4.096093773841857910e-02,-1.225738897919654846e-01,-7.810346037149429321e-02,-1.505316495895385742e-01,-1.401893645524978638e-01,1.088960021734237671e-01,6.463981419801712036e-02,-6.934572756290435791e-02,-1.454634368419647217e-01,8.909703791141510010e-02,1.552005112171173096e-01,-3.344976156949996948e-02,-1.015144735574722290e-01,1.027543097734451294e-02,-5.990049615502357483e-02,-1.267630904912948608e-01,-1.388579457998275757e-01,-1.523597389459609985e-01,-9.725026041269302368e-02
-2.593838274478912354e-01,-3.892583250999450684e-01,6.938127875328063965e-01,6.112565994262695312e-01,4.216567873954772949e-01,5.834174752235412598e-01,0.000000000000000000e+00,5.089874863624572754e-01,5.687665939331054688e-01,5.904892086982727051e-01,2.948558190837502480e-03,-3.968903720378875732e-01,4.940564930438995361e-01,1.150691602379083633e-02,-2.443126142024993896e-01,-1.027055308222770691e-01,-1.455263197422027588e-01,-1.468682438135147095e-01,-2.578679025173187256e-01,-2.811790704727172852e-01,-1.833193153142929077e-01,-2.586160898208618164e-01,5.846913456916809082e-01,4.930761158466339111e-01,4.425178468227386475e-01,4.117711186408996582e-01,-2.283100932836532593e-01,-2.435679286718368530e-01,-4.771263152360916138e-02,-2.981382608413696289e-01,-5.664723925292491913e-03,-2.408758401870727539e-01,-2.686993777751922607e-01,-3.418810665607452393e-01,-1.601465642452239990e-01,-1.449509710073471069e-01,-2.262673228979110718e-01,-1.852670162916183472e-01,-2.605348229408264160e-01,-1.951654255390167236e-01,-1.978716850280761719e-01,-2.348915860056877136e-02,4.842896386981010437e-02,-1.999587267637252808e-01,1.103853508830070496e-01,-1.139047443866729736e-01,-3.281037211418151855e-01,-1.041870191693305969e-01,1.221464201807975769e-02,3.650278970599174500e-02,3.271386399865150452e-02,2.008856385946273804e-01,1.057898998260498047e-02,2.293117642402648926e-01,-3.524954319000244141e-01,-2.628826498985290527e-01,-1.804741621017456055e-01,-3.590006828308105469e-01,-1.791999340057373047e-01,-2.867053747177124023e-01,-2.178463935852050781e-01,-3.246347606182098389e-01,-2.754096686840057373e-01,-3.088871538639068604e-01,-3.569114580750465393e-02,1.684516966342926025e-01,-1.913799494504928589e-01,-2.375833541154861450e-01,-2.433376908302307129e-01,-1.651285588741302490e-01,-1.474153995513916016e-01,1.155749931931495667e-01,-1.309953927993774414e-01,-2.992076575756072998e-01,-3.921354115009307861e-01,-2.728068828582763672e-01,-1.646437048912048340e-01,-1.650633513927459717e-01,-2.228286713361740112e-01,2.137099057435989380e-01,-3.182658851146697998e-01,-7.198178023099899292e-02,-3.132473826408386230e-01,-3.151713907718658447e-01,-3.856745660305023193e-01,1.182073056697845459e-01,-4.974597692489624023e-01,-3.839921355247497559e-01,-2.982021868228912354e-01,1.689738035202026367e-01,-2.242347747087478638e-01,1.310193836688995361e-01,3.661433234810829163e-02,1.772459596395492554e-01,-1.106578856706619263e-01,-4.820525273680686951e-02,-3.676855564117431641e-01,-2.668859362602233887e-01,-2.209738194942474365e-01,-1.736144572496414185e-01,-3.395160436630249023e-01,-3.918149322271347046e-02,-3.775919377803802490e-01,-3.004925549030303955e-01,-2.269333451986312866e-01,2.076473087072372437e-01,-3.667612969875335693e-01,-2.130733430385589600e-01,1.248000934720039368e-01,-1.810551732778549194e-01,-1.849773675203323364e-01,1.870184093713760376e-01,1.496661901473999023e-01,-2.337189018726348877e-02,1.102899163961410522e-01,1.957304477691650391e-01
-6.334702484309673309e-03,-1.441431045532226562e-02,5.500656366348266602e-01,5.859491229057312012e-01,2.620411515235900879e-01,3.999892473220825195e-01,5.089874863624572754e-01,0.000000000000000000e+00,3.396241068840026855e-01,4.637936353683471680e-01,1.851368881762027740e-02,1.417426206171512604e-02,1.700780689716339111e-01,2.909722626209259033e-01,-8.055932074785232544e-02,-3.761054277420043945e-01,-1.131127104163169861e-01,1.036699041724205017e-01,-2.839140221476554871e-02,3.422995656728744507e-02,-1.655283570289611816e-01,-2.332591116428375244e-01,4.453353285789489746e-01,4.181167185306549072e-01,2.629999220371246338e-01,2.023953497409820557e-01,-1.852771043777465820e-01,-2.340434193611145020e-01,-1.359258741140365601e-01,-2.649612259119749069e-03,-8.822204172611236572e-02,-3.178403377532958984e-01,-1.092980280518531799e-01,-1.196529343724250793e-01,-1.194837614893913269e-01,-3.977499529719352722e-02,-3.738738000392913818e-01,-3.359773457050323486e-01,-1.786345839500427246e-01,-4.141840338706970215e-01,-2.665666937828063965e-01,-7.907965779304504395e-02,7.144397497177124023e-02,-1.536221504211425781e-01,3.593033924698829651e-02,-2.284328825771808624e-02,-1.054591685533523560e-01,-4.461576044559478760e-02,1.877785772085189819e-01,4.803548008203506470e-02,2.276119589805603027e-01,5.723653361201286316e-02,2.935951948165893555e-01,3.874894604086875916e-02,-5.972830206155776978e-02,-4.195777475833892822e-01,1.390725933015346527e-02,-6.845518946647644043e-02,-5.510458722710609436e-02,-1.432063877582550049e-01,-4.245433583855628967e-02,-4.090151563286781311e-02,-2.135641574859619141e-01,-1.094093695282936096e-01,-2.832385944202542305e-03,3.645993396639823914e-02,-1.033584624528884888e-01,-9.723309427499771118e-02,6.790403276681900024e-02,-2.774546667933464050e-02,-1.463444903492927551e-02,-2.819379568099975586e-01,-1.594565361738204956e-01,-6.324345618486404419e-02,-2.532209269702434540e-02,-4.991971850395202637e-01,-3.995369374752044678e-02,-2.158971577882766724e-01,3.126196935772895813e-02,-4.635858535766601562e-02,-8.655788004398345947e-02,-3.106784522533416748e-01,-1.305003464221954346e-01,-4.827958345413208008e-01,8.702905476093292236e-02,-2.257871627807617188e-01,-2.790243625640869141e-01,-4.274760484695434570e-01,1.566271334886550903e-01,-3.185920417308807373e-01,1.461985558271408081e-01,-4.182890430092811584e-02,3.192882835865020752e-01,-1.163888797163963318e-01,-1.106158122420310974e-01,-1.292517334222793579e-01,-1.914832741022109985e-01,-2.920008301734924316e-01,-1.907695233821868896e-01,-1.753775179386138916e-01,-8.691564202308654785e-03,-3.742529153823852539e-01,-2.339757829904556274e-01,-4.002820253372192383e-01,5.140335112810134888e-02,-5.584625899791717529e-02,-2.385355383157730103e-01,-3.770354986190795898e-01,1.098625063896179199e-01,-1.385375410318374634e-01,-1.756507009267807007e-01,1.344798505306243896e-02,1.355861127376556396e-01,1.231286749243736267e-01,4.345738887786865234e-02,4.249095544219017029e-02
-3.368631899356842041e-01,-3.239926397800445557e-01,4.320622384548187256e-01,2.591334283351898193e-01,7.129840254783630371e-01,7.108355164527893066e-01,5.687665939331054688e-01,3.396241068840026855e-01,0.000000000000000000e+00,7.074959874153137207e-01,-2.179387509822845459e-01,-3.484371006488800049e-01,3.254173696041107178e-01,5.529917404055595398e-02,3.810754120349884033e-01,1.122912168502807617e-01,-1.834753155708312988e-01,-8.257459104061126709e-02,-3.565442264080047607e-01,-2.983224391937255859e-01,1.368009299039840698e-01,1.889310926198959351e-01,2.428030222654342651e-01,3.319586217403411865e-01,5.801704525947570801e-01,5.957715511322021484e-01,1.600244045257568359e-01,1.488308608531951904e-01,3.799620270729064941e-02,-1.074716672301292419e-01,2.120945900678634644e-01,1.030458211898803711e-01,-2.866360545158386230e-01,-3.378305733203887939e-01,-1.070702672004699707e-01,-8.347643911838531494e-02,-7.398014515638351440e-02,-5.607564526144415140e-05,1.287906169891357422e-01,1.163805555552244186e-02,-1.126616150140762329e-01,7.279641926288604736e-02,-3.419913947582244873e-01,-2.985412478446960449e-01,-1.199956685304641724e-01,-2.693625986576080322e-01,-4.554229080677032471e-01,-3.615196347236633301e-01,-2.226222008466720581e-01,-2.216446101665496826e-01,-2.660435140132904053e-01,-1.946763098239898682e-01,-2.294683903455734253e-01,-2.509508132934570312e-01,-1.447737365961074829e-01,-2.142381370067596436e-01,-2.791040539741516113e-01,-2.547346949577331543e-01,-7.279420644044876099e-02,-1.466128826141357422e-01,-2.055918574333190918e-01,-2.288148105144500732e-01,-2.712600529193878174e-01,-3.584464788436889648e-01,-9.946837276220321655e-02,-2.778629064559936523e-01,-1.045354232192039490e-01,-1.039560884237289429e-01,-1.640701591968536377e-01,-2.532885372638702393e-01,1.577947139739990234e-01,2.068156749010086060e-01,-4.616100713610649109e-02,-8.592326939105987549e-02,-4.516895487904548645e-02,-1.570452004671096802e-01,-6.996773928403854370e-02,-9.365804493427276611e-02,-1.285174041986465454e-01,-6.767313182353973389e-02,-2.274087816476821899e-01,-2.661850750446319580e-01,-1.544136106967926025e-01,-1.608923524618148804e-01,-1.651106625795364380e-01,-2.903431951999664307e-01,-2.616325207054615021e-02,1.039730105549097061e-02,-4.317111894488334656e-02,-1.787875145673751831e-01,-1.730070561170578003e-01,-2.778474390506744385e-01,-2.145050913095474243e-01,-2.466482222080230713e-01,-1.978906244039535522e-01,-2.534554898738861084e-01,-3.007839322090148926e-01,-1.792267560958862305e-01,-1.384489685297012329e-01,-6.883928179740905762e-02,-1.796495765447616577e-01,-2.365216165781021118e-01,2.873381040990352631e-02,-4.852334409952163696e-02,-1.087164282798767090e-01,-1.443543881177902222e-01,3.548374027013778687e-02,9.280998259782791138e-02,-7.082768529653549194e-02,-1.931635141372680664e-01,2.012004330754280090e-02,-1.177689898759126663e-02,-1.180379837751388550e-01,-2.065618038177490234e-01,-1.027478426694869995e-01,-9.922779351472854614e-02
-2.421115040779113770e-01,-2.768622636795043945e-01,5.063515901565551758e-01,4.214930534362792969e-01,7.573594450950622559e-01,8.329299092292785645e-01,5.904892086982727051e-01,4.637936353683471680e-01,7.074959874153137207e-01,0.000000000000000000e+00,-2.016235888004302979e-01,-3.014055788516998291e-01,1.762670129537582397e-01,-7.585585862398147583e-02,2.120633423328399658e-01,8.958934247493743896e-02,-1.619842946529388428e-01,-5.808934569358825684e-02,-2.254442572593688965e-01,-1.876479387283325195e-01,1.258744448423385620e-01,1.182364821434020996e-01,3.696025907993316650e-01,4.637026190757751465e-01,6.926938295364379883e-01,6.989449262619018555e-01,6.747674196958541870e-02,1.662635356187820435e-01,1.633374020457267761e-02,-4.068844020366668701e-02,2.308638989925384521e-01,-3.088840655982494354e-02,-2.934198081493377686e-01,-3.920360803604125977e-01,-1.516365110874176025e-01,-1.078315377235412598e-01,-1.052242144942283630e-01,5.719938315451145172e-03,9.107171744108200073e-02,-1.339070033282041550e-02,-6.327349692583084106e-02,6.969535350799560547e-02,-3.535449206829071045e-01,-3.883279860019683838e-01,-1.538615524768829346e-01,-3.202988505363464355e-01,-4.247280061244964600e-01,-3.539333641529083252e-01,-2.371730953454971313e-01,-2.637909650802612305e-01,-2.837315499782562256e-01,-2.241362929344177246e-01,-2.740692198276519775e-01,-2.319796979427337646e-01,-1.359710991382598877e-01,-1.975065767765045166e-01,-2.872308194637298584e-01,-2.555201053619384766e-01,-1.878590285778045654e-01,-1.921290755271911621e-01,-2.959697246551513672e-01,-2.699688673019409180e-01,-1.936025321483612061e-01,-2.595275938510894775e-01,-8.749169111251831055e-02,-2.729977071285247803e-01,-1.687103062868118286e-01,-1.397583335638046265e-01,-5.670460313558578491e-02,-7.566270977258682251e-02,1.827520728111267090e-01,1.639929711818695068e-01,-6.763290613889694214e-02,-9.376146644353866577e-02,-9.538909792900085449e-02,-2.167367339134216309e-01,-8.647654205560684204e-02,-9.895455837249755859e-02,-1.029162108898162842e-01,-2.242860384285449982e-02,-2.292270511388778687e-01,-1.787928938865661621e-01,-1.910458207130432129e-01,-1.683262139558792114e-01,-1.917039304971694946e-01,-2.299981415271759033e-01,-6.988873332738876343e-02,-5.757591221481561661e-03,-6.093460321426391602e-02,-1.091153919696807861e-01,-1.578837633132934570e-01,-2.006721198558807373e-01,-1.748660355806350708e-01,-1.310134083032608032e-01,-6.948126107454299927e-02,-1.219471842050552368e-01,-1.788553893566131592e-01,-7.867886871099472046e-02,-1.099271401762962341e-01,-7.598512619733810425e-02,-1.941774636507034302e-01,-1.315255165100097656e-01,7.235928624868392944e-02,3.611111268401145935e-02,-8.588103204965591431e-02,-1.277832537889480591e-01,7.231627404689788818e-02,1.319861561059951782e-01,-4.564118757843971252e-02,-1.114216744899749756e-01,1.704880222678184509e-02,-3.959444165229797363e-02,-1.265192180871963501e-01,-1.107691526412963867e-01,-1.295407712459564209e-01,-8.989391475915908813e-02
3.111756742000579834e-01,2.787528634071350098e-01,-9.381439536809921265e-02,3.050141036510467529e-03,-2.552520632743835449e-01,-2.199912965297698975e-01,2.948558190837502480e-03,1.851368881762027740e-02,-2.179387509822845459e-01,-2.016235888004302979e-01,0.000000000000000000e+00,3.803234100341796875e-01,1.962242871522903442e-01,2.315117716789245605e-01,-2.449054121971130371e-01,-1.432142108678817749e-01,2.068048864603042603e-01,3.826748952269554138e-02,2.145790308713912964e-01,2.237047851085662842e-01,-2.552106678485870361e-01,-2.900272309780120850e-01,-4.014978930354118347e-02,-1.567382067441940308e-01,-2.265427410602569580e-01,-2.563326060771942139e-01,-1.689820289611816406e-01,-2.402341663837432861e-01,3.042273037135601044e-02,-4.725715145468711853e-02,-6.060945615172386169e-02,-1.449935883283615112e-01,2.128124982118606567e-01,1.999754309654235840e-01,-1.631612330675125122e-01,-1.358613967895507812e-01,-1.322402358055114746e-01,-2.409110665321350098e-01,-3.818394839763641357e-01,-3.253089785575866699e-01,-7.599158585071563721e-02,-9.252376109361648560e-02,1.439501196146011353e-01,3.454533219337463379e-02,-5.852484330534934998e-02,3.349324688315391541e-02,7.684584707021713257e-02,3.473105281591415405e-02,9.878128767013549805e-02,1.265089660882949829e-01,1.093906685709953308e-01,1.461559981107711792e-01,6.118375808000564575e-02,1.195092052221298218e-01,-8.102125674486160278e-02,-8.979648351669311523e-02,3.427822589874267578e-01,2.259093225002288818e-01,-1.370598282665014267e-02,-3.558121155947446823e-03,2.488776296377182007e-01,1.747453510761260986e-01,3.428197205066680908e-01,2.740494310855865479e-01,-1.938543654978275299e-02,1.856035590171813965e-01,-9.985896944999694824e-02,-1.017712056636810303e-01,7.877485454082489014e-02,1.513090431690216064e-01,-1.549424529075622559e-01,-1.273958981037139893e-01,1.135322749614715576e-01,6.201463192701339722e-02,-1.036932505667209625e-02,1.085509210824966431e-01,7.671259343624114990e-02,5.714824795722961426e-02,-5.310792475938796997e-03,-4.196996986865997314e-02,2.343510091304779053e-01,1.303633749485015869e-01,-8.999912533909082413e-04,-7.961338013410568237e-02,2.675855299457907677e-03,2.173186987638473511e-01,-2.166330218315124512e-01,-1.735994666814804077e-01,-1.644420623779296875e-01,7.024017721414566040e-02,-9.872621297836303711e-02,4.267401248216629028e-02,9.536914527416229248e-03,3.698696941137313843e-02,-7.963111996650695801e-02,1.101215109229087830e-01,-8.001725375652313232e-02,-7.457389682531356812e-02,-4.222821816802024841e-02,-1.397280991077423096e-01,-1.481617391109466553e-01,-6.894826143980026245e-02,-2.318352907896041870e-01,-2.109586447477340698e-01,-1.006918177008628845e-01,1.060286238789558411e-01,-2.366075664758682251e-01,-2.489994317293167114e-01,2.284437417984008789e-02,-7.284211367368698120e-02,-2.328790128231048584e-01,-1.240338012576103210e-01,6.424669176340103149e-02,1.777474954724311829e-02,-2.008827589452266693e-02,6.742406636476516724e-02
3.520289063453674316e-01,5.562587380409240723e-01,-3.349361121654510498e-01,-2.426531165838241577e-01,-2.472797334194183350e-01,-2.886107861995697021e-01,-3.968903720378875732e-01,1.417426206171512604e-02,-3.484371006488800049e-01,-3.014055788516998291e-01,3.803234100341796875e-01,0.000000000000000000e+00,-1.301196515560150146e-01,3.048404753208160400e-01,5.961859971284866333e-02,-1.480014622211456299e-01,3.264077901840209961e-01,3.006423413753509521e-01,2.974171340465545654e-01,3.657075762748718262e-01,-2.119594998657703400e-02,-5.405754968523979187e-02,-4.370933175086975098e-01,-3.689931333065032959e-01,-1.940530985593795776e-01,-2.126068472862243652e-01,-1.458300352096557617e-01,-8.696106821298599243e-02,1.757632493972778320e-01,4.566893875598907471e-01,-1.444246321916580200e-01,-1.305467933416366577e-01,1.962716281414031982e-01,1.848082840442657471e-01,-5.389256030321121216e-02,-8.899588882923126221e-02,9.500462561845779419e-02,3.955171629786491394e-02,-2.495556324720382690e-02,-1.306665837764739990e-01,2.632455825805664062e-01,8.254840224981307983e-02,-2.329690754413604736e-02,1.404664479196071625e-02,-1.833714246749877930e-01,3.210115060210227966e-02,1.991154849529266357e-01,2.384485490620136261e-02,9.429892897605895996e-02,6.655252724885940552e-02,6.928402185440063477e-02,-7.784552872180938721e-02,8.053519576787948608e-02,-1.616811752319335938e-01,3.357005417346954346e-01,1.156427413225173950e-01,1.931536346673965454e-01,3.778252303600311279e-01,5.775301530957221985e-02,1.727745682001113892e-01,1.783877313137054443e-01,3.991751670837402344e-01,3.963506817817687988e-01,5.246905684471130371e-01,-1.462554931640625000e-01,-1.243098080158233643e-01,-3.363733738660812378e-02,1.807715743780136108e-02,2.544987499713897705e-01,1.887541264295578003e-01,9.923094511032104492e-02,-2.562306225299835205e-01,2.637427747249603271e-01,3.304917216300964355e-01,2.087341845035552979e-01,3.463384881615638733e-02,1.318103522062301636e-01,1.189955845475196838e-01,3.009251356124877930e-01,-1.675003767013549805e-01,3.861223161220550537e-01,8.778404444456100464e-02,1.180231794714927673e-01,1.119874715805053711e-01,3.404837250709533691e-01,-5.261706933379173279e-02,1.452705115079879761e-01,7.534417510032653809e-02,2.364625185728073120e-01,-2.484728991985321045e-01,2.240687757730484009e-01,-1.180301606655120850e-01,5.611165612936019897e-02,-1.651765108108520508e-01,1.618050932884216309e-01,1.086760461330413818e-01,2.731144726276397705e-01,1.561679840087890625e-01,1.611439436674118042e-01,1.029454246163368225e-01,2.986278533935546875e-01,-1.195333376526832581e-01,1.735524088144302368e-01,8.302780240774154663e-02,1.627772450447082520e-01,-1.518320888280868530e-01,1.488544344902038574e-01,-4.451110213994979858e-02,1.230755746364593506e-01,2.359072268009185791e-01,9.365407377481460571e-02,-2.017998993396759033e-01,2.441821433603763580e-02,1.638615876436233521e-01,-8.763502538204193115e-02,-6.709077954292297363e-02
-2.038774788379669189e-01,-3.335085511207580566e-01,1.801571100950241089e-01,1.964312940835952759e-01,1.144354492425918579e-01,1.680976301431655884e-01,4.940564930438995361e-01,1.700780689716339111e-01,3.254173696041107178e-01,1.762670129537582397e-01,1.962242871522903442e-01,-1.301196515560150146e-01,0.000000000000000000e+00,2.476019114255905151e-01,-4.230077192187309265e-02,-1.279041450470685959e-02,-1.029036566615104675e-02,-6.862366199493408203e-02,-2.503419816493988037e-01,-2.969204485416412354e-01,-2.148276194930076599e-02,-1.773253381252288818e-01,1.552385389804840088e-01,1.206446215510368347e-01,1.159525737166404724e-01,9.846704453229904175e-02,-1.247124597430229187e-01,-1.739211380481719971e-01,1.210697293281555176e-01,-6.494463980197906494e-02,9.015263617038726807e-02,2.276816405355930328e-02,-1.746851801872253418e-01,-2.081584483385086060e-01,-1.934439092874526978e-01,-1.576272100210189819e-01,-1.082040891051292419e-01,-6.166150048375129700e-02,-2.735030651092529297e-01,-1.608751118183135986e-01,2.665810845792293549e-02,1.910445690155029297e-01,1.511071771383285522e-01,-3.222565632313489914e-03,1.043029576539993286e-01,1.280159205198287964e-01,-1.662739515304565430e-01,4.252967238426208496e-02,1.745369881391525269e-01,2.412468194961547852e-01,1.461112350225448608e-01,2.847506403923034668e-01,1.129864603281021118e-01,2.695449292659759521e-01,-2.209294885396957397e-01,-1.389221698045730591e-01,-6.711116433143615723e-02,-2.263268679380416870e-01,-2.074507996439933777e-02,-2.406439036130905151e-01,-2.439327351748943329e-02,-1.731510013341903687e-01,-1.185904592275619507e-01,-1.663457900285720825e-01,-1.710255630314350128e-02,1.692711412906646729e-01,-1.556500792503356934e-01,-2.017589956521987915e-01,-3.771246373653411865e-01,-3.185791075229644775e-01,-7.229412347078323364e-02,1.890677660703659058e-01,1.525932997465133667e-01,-1.523956563323736191e-02,-2.526537775993347168e-01,-9.976823627948760986e-02,-3.751029074192047119e-02,3.168642055243253708e-03,-1.457460820674896240e-01,1.459009200334548950e-01,-2.723006717860698700e-02,4.540877789258956909e-02,-6.910955160856246948e-02,-1.274710893630981445e-01,-2.651422619819641113e-01,1.760999411344528198e-01,-3.315655291080474854e-01,-1.775084733963012695e-01,-2.188742458820343018e-01,1.859425753355026245e-01,-1.833070814609527588e-01,1.366641819477081299e-01,5.160120874643325806e-02,1.695838719606399536e-01,-1.456796228885650635e-01,-4.640450328588485718e-02,-2.556802034378051758e-01,-1.572905927896499634e-01,-1.553279757499694824e-01,-1.194220185279846191e-01,-3.075246214866638184e-01,-2.450090087950229645e-02,-4.106755852699279785e-01,-3.399318456649780273e-01,-2.537782788276672363e-01,2.264328896999359131e-01,-3.736169636249542236e-01,-2.678169012069702148e-01,9.254036843776702881e-02,-1.759374290704727173e-01,-1.804478317499160767e-01,1.615316271781921387e-01,8.224852383136749268e-02,-6.505673378705978394e-02,1.948582082986831665e-01,1.450249999761581421e-01
