0.000000000000000000e+00,6.597104668617248535e-01,3.448958396911621094e-01,4.586446583271026611e-01,-1.815119087696075439e-01,-1.453554928302764893e-01,1.609332710504531860e-01,2.752612829208374023e-01,-2.823415398597717285e-01,-1.558241099119186401e-01,4.316800832748413086e-01,4.018129110336303711e-01,3.647797703742980957e-01,2.569408416748046875e-01,-6.417139619588851929e-02,-1.238939389586448669e-01,9.198224171996116638e-03,-4.592023789882659912e-02,5.897281765937805176e-01,5.399768352508544922e-01,-5.035442858934402466e-02,-2.816176116466522217e-01,7.101253420114517212e-02,6.511750072240829468e-02,-7.339716702699661255e-02,-6.931663304567337036e-02,-6.418667733669281006e-02,-3.886712715029716492e-02,2.862069308757781982e-01,1.938460767269134521e-01,-1.265206038951873779e-01,-5.730330571532249451e-02,-1.766297519207000732e-01,-9.089761972427368164e-02,-3.203334212303161621e-01,-2.120646089315414429e-01,-1.549842655658721924e-01,-2.234076559543609619e-01,-2.027125954627990723e-01,-8.176781982183456421e-02,-4.009080678224563599e-02,-1.484811156988143921e-01,-5.002150535583496094e-01,-4.391594231128692627e-01,-4.274206161499023438e-01,-2.096444964408874512e-01,-2.617824971675872803e-01,-2.157599478960037231e-01,-2.372187823057174683e-01,-2.535416185855865479e-01,-1.650563180446624756e-01,-5.618733167648315430e-02,-1.049233302474021912e-01,-9.547924995422363281e-02,-1.483409255743026733e-01,-9.142658114433288574e-02,6.549566388130187988e-01,5.744264125823974609e-01,3.306466937065124512e-01,1.028664633631706238e-01,3.930135071277618408e-01,3.954034745693206787e-01,8.584052324295043945e-02,-4.201450571417808533e-02,1.213216483592987061e-01,1.743025481700897217e-01,-1.287050098180770874e-01,-2.506158947944641113e-01,4.883597493171691895e-01,2.012773007154464722e-01,1.994365602731704712e-01,6.681865453720092773e-02,8.917055279016494751e-02,1.114636585116386414e-01,8.327377587556838989e-02,-1.512459367513656616e-01,7.344520837068557739e-02,-5.571732297539710999e-03,-1.197664439678192139e-01,-6.294354796409606934e-02,6.801778078079223633e-02,1.538309082388877869e-02,-2.749397754669189453e-01,-2.983521521091461182e-01,-4.107870534062385559e-02,-8.366388082504272461e-02,2.688103727996349335e-02,1.264755725860595703e-01,4.473882913589477539e-02,-2.141906619071960449e-01,-3.945142626762390137e-01,-3.779250979423522949e-01,-4.226904511451721191e-01,-3.457038998603820801e-01,-1.381480693817138672e-01,-1.542660742998123169e-01,-1.625663489103317261e-01,3.200897946953773499e-02,-3.207288086414337158e-01,-3.350093960762023926e-01,-6.841927766799926758e-02,-8.961189538240432739e-02,1.169954612851142883e-02,8.122284710407257080e-02,-1.405414342880249023e-01,-1.724479943513870239e-01,-1.961369365453720093e-01,3.375106304883956909e-02,-2.327978461980819702e-01,8.491075038909912109e-02,5.677001923322677612e-02,-1.066152229905128479e-01,-1.674745231866836548e-01,-2.920264564454555511e-02,-2.708719074726104736e-01,-1.179341673851013184e-01
6.597104668617248535e-01,0.000000000000000000e+00,2.715127766132354736e-01,3.723667860031127930e-01,-2.197012603282928467e-01,-2.715546190738677979e-01,8.296389877796173096e-02,3.422364890575408936e-01,-2.318549454212188721e-01,-2.140899151563644409e-01,2.471721321344375610e-01,3.625080883502960205e-01,3.856264352798461914e-01,2.548860907554626465e-01,-1.507995184510946274e-02,-1.433086991310119629e-01,-2.968450263142585754e-02,1.921702176332473755e-02,4.597149491310119629e-01,4.942541420459747314e-01,-9.003920853137969971e-02,-2.234072089195251465e-01,1.241974979639053345e-01,1.730462759733200073e-01,-5.702920630574226379e-02,2.842465974390506744e-02,-1.288545131683349609e-01,-3.013954497873783112e-02,2.212776243686676025e-01,6.591212749481201172e-02,-1.329751908779144287e-01,-1.648303866386413574e-02,-2.752541601657867432e-01,-3.463626652956008911e-02,-2.682510912418365479e-01,-1.688395738601684570e-01,-1.321627497673034668e-01,-1.568264961242675781e-01,-1.547779589891433716e-01,-5.671414732933044434e-02,5.118154920637607574e-03,-6.565254926681518555e-02,-5.320788621902465820e-01,-4.595759510993957520e-01,-4.390415847301483154e-01,-1.946335434913635254e-01,-2.402968853712081909e-01,-1.778792589902877808e-01,-2.458302229642868042e-01,-2.466686964035034180e-01,-1.079107746481895447e-01,5.119695141911506653e-02,-2.633656375110149384e-02,-5.683989822864532471e-02,-1.177645772695541382e-01,8.986752480268478394e-03,6.193354129791259766e-01,7.316016554832458496e-01,2.333022654056549072e-01,1.405286341905593872e-01,3.799477815628051758e-01,3.687279224395751953e-01,1.214099079370498657e-01,-1.714264750480651855e-01,2.730457186698913574e-01,2.954881787300109863e-01,-1.614550799131393433e-01,-2.154043614864349365e-01,3.964544236660003662e-01,3.303123712539672852e-01,1.076331660151481628e-01,1.121609807014465332e-01,1.467204689979553223e-01,6.435460597276687622e-02,-7.083214819431304932e-02,-1.587364226579666138e-01,-9.272186085581779480e-03,-7.733808457851409912e-02,-1.284357458353042603e-01,-7.707995921373367310e-02,1.069255322217941284e-01,1.482593715190887451e-01,-2.794263660907745361e-01,-2.126874625682830811e-01,1.906698495149612427e-01,9.092222154140472412e-02,7.788836210966110229e-02,1.114088296890258789e-01,2.771859802305698395e-02,-1.574353128671646118e-01,-5.082864761352539062e-01,-4.551146626472473145e-01,-4.729584753513336182e-01,-3.628953397274017334e-01,-1.139711737632751465e-01,-1.124806255102157593e-01,-2.432857751846313477e-01,-6.916961167007684708e-03,-4.080668687820434570e-01,-4.798032343387603760e-01,-1.939375996589660645e-01,-1.286469697952270508e-01,-1.855313964188098907e-02,4.657906666398048401e-02,-1.195374056696891785e-01,-1.066188439726829529e-01,-1.796796470880508423e-01,-1.425999552011489868e-01,-1.904027462005615234e-01,3.067871369421482086e-02,1.887744292616844177e-02,-2.167445421218872070e-01,-2.501808106899261475e-01,-9.379460476338863373e-03,-1.821806728839874268e-01,-2.705066800117492676e-01
3.448958396911621094e-01,2.715127766132354736e-01,0.000000000000000000e+00,5.157577395439147949e-01,8.336462080478668213e-02,1.351250112056732178e-01,6.328408122062683105e-01,5.293593406677246094e-01,1.353220045566558838e-01,1.021689921617507935e-01,3.953526616096496582e-01,3.057796359062194824e-01,3.379916548728942871e-01,3.382768929004669189e-01,1.101719066500663757e-01,1.576097495853900909e-02,-2.050890475511550903e-01,-7.757683843374252319e-02,4.197191596031188965e-01,3.253972232341766357e-01,-4.401204735040664673e-02,-4.098085165023803711e-01,4.646246135234832764e-01,4.826934039592742920e-01,1.240477561950683594e-01,1.721393764019012451e-01,7.189932465553283691e-02,1.054427474737167358e-01,1.246401071548461914e-01,1.606953889131546021e-01,3.780508041381835938e-01,3.140977323055267334e-01,1.085495874285697937e-01,1.779306381940841675e-01,-2.088153511285781860e-01,-1.883996725082397461e-01,-2.693902850151062012e-01,-3.176133632659912109e-01,-2.965728342533111572e-01,-1.409811079502105713e-01,-1.137786209583282471e-01,-3.051446974277496338e-01,-3.124942481517791748e-01,-2.653894126415252686e-01,-9.387696534395217896e-02,7.986707612872123718e-03,-3.511694371700286865e-01,-3.774661421775817871e-01,-7.113997824490070343e-03,1.894341595470905304e-02,-8.594037592411041260e-02,-7.374854385852813721e-02,-2.296300232410430908e-01,-6.997627764940261841e-02,-1.719812154769897461e-01,-2.642709314823150635e-01,1.667724102735519409e-01,1.188719943165779114e-01,1.151080802083015442e-01,-9.331100434064865112e-02,3.507612943649291992e-01,3.029584288597106934e-01,5.611769855022430420e-03,8.153592050075531006e-02,2.640158534049987793e-01,2.511407732963562012e-01,-1.138240322470664978e-01,-4.675439000129699707e-02,1.309848874807357788e-01,-1.522078216075897217e-01,2.344913184642791748e-01,2.368466109037399292e-01,1.083342283964157104e-01,8.925089240074157715e-02,1.387907713651657104e-01,-7.790420204401016235e-02,-1.791154146194458008e-01,-4.557402804493904114e-02,-2.923022210597991943e-01,-3.462554812431335449e-01,-1.553122252225875854e-01,-1.486991196870803833e-01,-4.606111049652099609e-01,-3.881042301654815674e-01,-2.211296409368515015e-01,-1.808406859636306763e-01,1.514723524451255798e-03,-1.708583720028400421e-02,-1.679138280451297760e-02,-1.914061009883880615e-01,-9.481400251388549805e-02,2.166233211755752563e-02,-1.346006542444229126e-01,-4.457236081361770630e-02,-2.925498485565185547e-01,-2.111068516969680786e-01,-1.842007488012313843e-01,-6.461579352617263794e-02,-2.114987522363662720e-01,-1.635762751102447510e-01,-1.861145049333572388e-01,-1.361979246139526367e-01,-1.473537385463714600e-01,-9.969341754913330078e-02,-2.588168084621429443e-01,-2.529053092002868652e-01,-3.001759350299835205e-01,-9.243234246969223022e-02,-2.872503697872161865e-01,-4.883707314729690552e-02,-6.479184608906507492e-03,2.884106896817684174e-02,6.662732362747192383e-02,-2.039638906717300415e-02,-2.234619408845901489e-01,5.272545665502548218e-02
4.586446583271026611e-01,3.723667860031127930e-01,5.157577395439147949e-01,0.000000000000000000e+00,9.262562543153762817e-02,1.493803262710571289e-01,2.921813428401947021e-01,4.532355368137359619e-01,-5.293076485395431519e-02,-1.982068642973899841e-02,1.499665379524230957e-01,2.577674090862274170e-01,2.721568346023559570e-01,4.021087884902954102e-01,5.275797098875045776e-02,-4.473200812935829163e-02,-3.167196512222290039e-01,-1.559218168258666992e-01,2.636683583259582520e-01,1.966226696968078613e-01,3.808448091149330139e-02,-1.760190427303314209e-01,3.609572052955627441e-01,3.924559354782104492e-01,1.145460382103919983e-01,1.216009929776191711e-01,1.703116744756698608e-01,2.504873089492321014e-02,7.294876873493194580e-02,4.458358883857727051e-02,8.544331043958663940e-02,2.716643512248992920e-01,-1.769056618213653564e-01,-1.269973814487457275e-01,-3.071464002132415771e-01,-2.326180934906005859e-01,-2.737934887409210205e-01,-2.777498662471771240e-01,-9.670839458703994751e-02,-1.163775995373725891e-01,-4.832862317562103271e-02,-9.003672003746032715e-02,-4.727262854576110840e-01,-4.791133701801300049e-01,-4.055492877960205078e-01,-2.540499269962310791e-01,-2.972443401813507080e-01,-2.923230528831481934e-01,-2.195800691843032837e-01,-1.576998680830001831e-01,-2.690101563930511475e-01,-1.527726352214813232e-01,-1.869089603424072266e-01,-2.755252122879028320e-01,-2.047110795974731445e-01,-1.733715683221817017e-01,2.091101855039596558e-01,2.164090275764465332e-01,1.423335373401641846e-01,2.568182907998561859e-02,2.056765258312225342e-01,2.359597533941268921e-01,-9.089140594005584717e-02,-1.831147670745849609e-01,8.497040718793869019e-02,1.949289888143539429e-01,-1.566565185785293579e-01,-1.847486346960067749e-01,3.133907914161682129e-01,4.796950519084930420e-02,2.703870236873626709e-01,5.002271384000778198e-02,1.521657556295394897e-01,7.537330687046051025e-02,1.063807979226112366e-01,-1.958678513765335083e-01,-4.103187471628189087e-02,-1.193383634090423584e-01,-2.958269715309143066e-01,-2.390161901712417603e-01,-4.939902573823928833e-02,-1.759963482618331909e-01,-2.275326102972030640e-01,-1.475907862186431885e-01,-1.715299934148788452e-01,-1.368767619132995605e-01,2.770836055278778076e-01,3.387460708618164062e-01,2.593486607074737549e-01,-1.015259474515914917e-01,-2.033924162387847900e-01,-1.118430197238922119e-01,-1.447086483240127563e-01,3.881014883518218994e-02,-2.228731960058212280e-01,-1.500801295042037964e-01,-2.625006735324859619e-01,-9.846327453851699829e-02,-3.640122711658477783e-01,-3.929336965084075928e-01,-1.082872748374938965e-01,-3.068547323346138000e-02,-1.323674321174621582e-01,-1.880160649307072163e-03,-9.230551123619079590e-02,-1.385209858417510986e-01,-3.660364076495170593e-02,3.858032822608947754e-02,-1.583119481801986694e-01,-6.951199471950531006e-02,-3.939864784479141235e-02,-1.879523545503616333e-01,-1.512458175420761108e-01,-2.476770877838134766e-01,-2.435830831527709961e-01,-1.604142040014266968e-01
-1.815119087696075439e-01,-2.197012603282928467e-01,8.336462080478668213e-02,9.262562543153762817e-02,0.000000000000000000e+00,7.146584987640380859e-01,1.095043718814849854e-01,-6.743638217449188232e-02,6.464268565177917480e-01,6.383584141731262207e-01,-3.543367981910705566e-02,-7.000095397233963013e-02,7.311312854290008545e-02,9.246860444545745850e-02,5.562059879302978516e-01,5.029832720756530762e-01,-1.463205218315124512e-01,-1.523915678262710571e-01,-2.231764346361160278e-01,-2.878029048442840576e-01,2.931332588195800781e-01,7.034291326999664307e-02,6.526343990117311478e-03,1.518207415938377380e-02,4.613291919231414795e-01,4.538824856281280518e-01,6.614440083503723145e-01,5.653852224349975586e-01,-6.635110825300216675e-02,1.541236881166696548e-02,2.782295048236846924e-01,1.612966954708099365e-01,-2.829768508672714233e-02,-5.835901573300361633e-02,-2.770886197686195374e-02,-4.893292114138603210e-02,-9.176290035247802734e-02,9.882174199447035789e-04,1.467363089323043823e-01,1.450656801462173462e-01,2.944803982973098755e-02,-2.143030241131782532e-02,-5.407875403761863708e-02,-5.278345197439193726e-02,2.192557603120803833e-02,-1.208789050579071045e-01,-1.809767186641693115e-01,-1.850596517324447632e-01,1.812143437564373016e-02,2.440166892483830452e-03,-2.907201275229454041e-02,-6.843221187591552734e-02,-1.444215327501296997e-01,-1.119735389947891235e-01,-7.626479119062423706e-02,-5.971366912126541138e-02,-1.819674521684646606e-01,-2.360952347517013550e-01,-1.614663600921630859e-01,-1.786871403455734253e-01,2.381381345912814140e-03,1.499334350228309631e-02,-7.357380818575620651e-03,-1.113524474203586578e-02,-1.085862051695585251e-02,-4.785177856683731079e-02,-6.971497088670730591e-02,-1.767440587282180786e-01,-1.848441362380981445e-01,-1.628142744302749634e-01,2.614882290363311768e-01,8.725132793188095093e-02,1.445251237601041794e-02,-4.854010883718729019e-03,1.373743414878845215e-01,5.234762281179428101e-02,-7.114542275667190552e-02,4.518272727727890015e-02,-8.162509649991989136e-02,8.546694368124008179e-02,1.150439158082008362e-01,-3.027179650962352753e-02,2.693180143833160400e-01,2.630169689655303955e-01,-8.815944194793701172e-02,-8.133653551340103149e-03,4.790984392166137695e-01,3.687821626663208008e-01,2.867561578750610352e-01,2.311676740646362305e-01,1.745987385511398315e-01,2.050041556358337402e-01,1.685571521520614624e-01,9.709551185369491577e-02,-1.351598650217056274e-01,6.246731802821159363e-02,-2.118851244449615479e-02,1.514469273388385773e-03,2.289399690926074982e-02,3.157659620046615601e-02,-4.715381190180778503e-02,-1.390726268291473389e-01,-2.277610450983047485e-01,-3.419366776943206787e-01,-1.193655431270599365e-01,-1.027365922927856445e-01,1.093413755297660828e-01,-4.747963976114988327e-03,5.858144722878932953e-03,1.148508042097091675e-01,-1.800499558448791504e-01,3.739498555660247803e-02,-9.879181161522865295e-03,-5.185415595769882202e-02,3.637557104229927063e-02,1.990929543972015381e-01
-1.453554928302764893e-01,-2.715546190738677979e-01,1.351250112056732178e-01,1.493803262710571289e-01,7.146584987640380859e-01,0.000000000000000000e+00,2.058414518833160400e-01,2.728206571191549301e-03,6.030288338661193848e-01,7.024363279342651367e-01,-8.726899512112140656e-03,-9.860290214419364929e-03,2.111318288370966911e-03,9.053599089384078979e-02,4.694660902023315430e-01,4.806070625782012939e-01,-8.576749265193939209e-02,-1.011724621057510376e-01,-1.586441844701766968e-01,-2.275976538658142090e-01,2.452598810195922852e-01,-1.154038403183221817e-02,2.038642391562461853e-02,4.252883419394493103e-02,4.176241159439086914e-01,3.849786520004272461e-01,6.319511532783508301e-01,5.606312751770019531e-01,-5.979636684060096741e-02,1.208280175924301147e-01,3.287852108478546143e-01,1.499826908111572266e-01,2.964653633534908295e-02,-2.817324735224246979e-02,-4.252732172608375549e-02,-2.284811995923519135e-02,-2.035547196865081787e-01,-6.087422743439674377e-02,-1.558839809149503708e-02,2.184663526713848114e-02,4.729184880852699280e-02,-2.521791309118270874e-02,-2.584820799529552460e-02,-2.738313749432563782e-02,4.229244217276573181e-02,-6.491690129041671753e-02,-2.168107032775878906e-01,-2.261199802160263062e-01,9.775650501251220703e-02,-1.450338982976973057e-03,-3.120634704828262329e-02,-1.150974109768867493e-01,-1.939532458782196045e-01,-7.022430002689361572e-02,-1.635651290416717529e-01,-1.777345985174179077e-01,-1.748556941747665405e-01,-2.682035565376281738e-01,-9.738413244485855103e-02,-1.772699505090713501e-01,-2.994309738278388977e-02,1.517930906265974045e-02,-2.415229007601737976e-02,1.614891588687896729e-01,-1.372957676649093628e-01,-1.311790347099304199e-01,-7.154102902859449387e-03,-1.017663702368736267e-01,-1.502846926450729370e-01,-2.564989626407623291e-01,2.872971892356872559e-01,7.111386209726333618e-02,-1.877570897340774536e-02,4.625418409705162048e-02,2.475059330463409424e-01,1.358475983142852783e-01,3.508219122886657715e-02,1.098021864891052246e-01,-1.198597028851509094e-01,1.438280791044235229e-01,5.050102993845939636e-02,-5.906421318650245667e-02,1.876709014177322388e-01,1.590273827314376831e-01,-1.673959791660308838e-01,1.055919448845088482e-03,3.617475628852844238e-01,2.662853002548217773e-01,2.401690334081649780e-01,2.147248834371566772e-01,2.840850353240966797e-01,2.950315177440643311e-01,2.995322048664093018e-01,1.484504789113998413e-01,-1.486008614301681519e-01,-1.271008979529142380e-02,1.085580140352249146e-02,8.038232102990150452e-03,7.533130049705505371e-02,1.202722042798995972e-01,5.399505421519279480e-02,-8.787700533866882324e-02,-1.240184679627418518e-01,-2.354094982147216797e-01,-8.202500641345977783e-02,-1.188996061682701111e-01,-4.704277031123638153e-03,3.926309198141098022e-02,-3.417992219328880310e-02,8.791994303464889526e-02,-7.736256718635559082e-02,1.545708179473876953e-01,1.071685105562210083e-01,-1.089966949075460434e-02,-6.133651826530694962e-03,2.197427600622177124e-01
1.609332710504531860e-01,8.296389877796173096e-02,6.328408122062683105e-01,2.921813428401947021e-01,1.095043718814849854e-01,2.058414518833160400e-01,0.000000000000000000e+00,5.631160140037536621e-01,2.587483525276184082e-01,1.779371649026870728e-01,3.096999228000640869e-01,2.745748162269592285e-01,2.541257441043853760e-01,2.511897683143615723e-01,3.828885778784751892e-02,-4.411956667900085449e-02,-1.048030108213424683e-01,-6.197702512145042419e-02,2.370842099189758301e-01,2.213300764560699463e-01,-1.711735576391220093e-01,-3.339630663394927979e-01,3.471543490886688232e-01,3.483116626739501953e-01,9.534706920385360718e-02,1.113140136003494263e-01,5.169261991977691650e-02,6.953760981559753418e-02,7.654599845409393311e-02,6.688380241394042969e-02,3.124994337558746338e-01,2.224401831626892090e-01,1.243849247694015503e-01,1.712909936904907227e-01,-5.420678853988647461e-02,-2.068576402962207794e-02,-2.699486613273620605e-01,-3.059423267841339111e-01,-2.275456488132476807e-01,-1.951890140771865845e-01,-5.579904839396476746e-02,-2.325451821088790894e-01,-1.782663166522979736e-01,-1.850143522024154663e-01,-1.115670651197433472e-01,-1.709477044641971588e-02,-2.127074748277664185e-01,-2.282088994979858398e-01,1.950147002935409546e-02,6.241432391107082367e-03,-6.881842017173767090e-02,-6.734611093997955322e-02,-2.598373293876647949e-01,-7.232101261615753174e-02,-1.368413567543029785e-01,-2.418234050273895264e-01,-6.342439353466033936e-02,-6.703505665063858032e-02,6.319545954465866089e-02,-9.155686944723129272e-02,3.049970865249633789e-01,2.577561736106872559e-01,-7.829028367996215820e-02,2.540979683399200439e-01,1.275548487901687622e-01,9.391279518604278564e-02,-2.313712053000926971e-02,-1.168731693178415298e-02,7.662050891667604446e-03,-1.947462707757949829e-01,1.437817960977554321e-01,1.985350102186203003e-01,4.578996822237968445e-02,6.049968302249908447e-02,1.147770360112190247e-01,-3.192658722400665283e-02,-2.548574469983577728e-02,6.597647815942764282e-02,-2.359408736228942871e-01,-3.103531599044799805e-01,-1.698001474142074585e-01,-1.906785964965820312e-01,-3.969678580760955811e-01,-3.593472838401794434e-01,-2.223098725080490112e-01,-1.467316150665283203e-01,-9.409765154123306274e-02,-8.080221712589263916e-02,-1.873402297496795654e-02,-1.428011357784271240e-01,8.640789985656738281e-02,1.493691205978393555e-01,3.365815430879592896e-02,1.026010662317276001e-01,-1.815965324640274048e-01,-1.474303156137466431e-01,-3.530448675155639648e-02,-5.991255119442939758e-02,-6.618666648864746094e-02,-6.010021269321441650e-02,-2.937368862330913544e-02,8.409315347671508789e-02,-6.125153973698616028e-02,-5.882238596677780151e-02,-1.223335042595863342e-01,-1.375169008970260620e-01,-2.495427429676055908e-01,-7.759759575128555298e-02,-1.938244104385375977e-01,-7.096855342388153076e-02,3.213821351528167725e-02,8.404812216758728027e-02,1.877129226922988892e-01,8.094153553247451782e-02,-1.503568142652511597e-01,2.013985067605972290e-02
2.752612829208374023e-01,3.422364890575408936e-01,5.293593406677246094e-01,4.532355368137359619e-01,-6.743638217449188232e-02,2.728206571191549301e-03,5.631160140037536621e-01,0.000000000000000000e+00,6.027404591441154480e-02,-7.458291482180356979e-03,2.755715847015380859e-01,4.692994058132171631e-01,3.953101336956024170e-01,4.735150933265686035e-01,4.503128305077552795e-02,-6.076712161302566528e-02,-8.709101378917694092e-02,3.912558034062385559e-02,2.835168242454528809e-01,3.039034307003021240e-01,-1.240876913070678711e-01,-2.974171340465545654e-01,4.632258415222167969e-01,4.511424303054809570e-01,-5.430946592241525650e-03,7.680186629295349121e-02,-5.506687611341476440e-02,-1.204347237944602966e-02,1.859056949615478516e-01,9.851402789354324341e-02,2.633489072322845459e-01,3.995649814605712891e-01,-5.391560122370719910e-02,2.151542305946350098e-01,-1.647357940673828125e-01,-2.289350330829620361e-02,-3.013245165348052979e-01,-2.771702110767364502e-01,-2.848262190818786621e-01,-3.263002634048461914e-01,-1.008601114153862000e-01,-1.565368622541427612e-01,-3.530419170856475830e-01,-3.372502923011779785e-01,-2.854145765304565430e-01,-1.088199019432067871e-01,-2.578572034835815430e-01,-2.607696354389190674e-01,-9.567372500896453857e-02,-1.064236536622047424e-01,-1.336544603109359741e-01,-4.651796445250511169e-02,-2.503549456596374512e-01,-1.676809936761856079e-01,-1.757563501596450806e-01,-1.750416159629821777e-01,7.701702415943145752e-02,1.638476699590682983e-01,-4.472086578607559204e-02,-7.964923232793807983e-02,3.461280465126037598e-01,4.187576174736022949e-01,7.160392403602600098e-02,2.079221159219741821e-01,2.231370508670806885e-01,3.193511366844177246e-01,-2.983326017856597900e-01,-1.835136264562606812e-01,-1.796521060168743134e-02,-9.796801209449768066e-02,1.192056462168693542e-01,1.896943747997283936e-01,1.098898872733116150e-01,1.090595051646232605e-01,8.031462877988815308e-02,-6.618015468120574951e-02,-8.487362414598464966e-02,-6.502918899059295654e-03,-2.332866042852401733e-01,-2.858822047710418701e-01,-8.553545922040939331e-02,-9.787134826183319092e-02,-4.008655548095703125e-01,-2.623714208602905273e-01,-9.663846343755722046e-02,-1.065687388181686401e-01,5.658936500549316406e-02,4.390311241149902344e-02,-6.076012179255485535e-02,-2.817006707191467285e-01,-2.184079885482788086e-01,-1.652022451162338257e-01,-1.299513578414916992e-01,-1.231998056173324585e-01,-1.606197804212570190e-01,-1.532402038574218750e-01,-1.983437240123748779e-01,-9.770489484071731567e-02,-3.038685619831085205e-01,-3.115981221199035645e-01,-1.530652046203613281e-01,-4.596263170242309570e-02,-1.277060806751251221e-01,-3.751717880368232727e-02,-1.548133045434951782e-01,-8.384357392787933350e-02,-1.994938254356384277e-01,-1.300754845142364502e-01,-1.210579201579093933e-01,-8.064413070678710938e-02,-2.240145578980445862e-02,-1.422941386699676514e-01,-3.120991773903369904e-02,-4.260876402258872986e-02,-1.662064939737319946e-01,-1.735720336437225342e-01
-2.823415398597717285e-01,-2.318549454212188721e-01,1.353220045566558838e-01,-5.293076485395431519e-02,6.464268565177917480e-01,6.030288338661193848e-01,2.587483525276184082e-01,6.027404591441154480e-02,0.000000000000000000e+00,6.194496750831604004e-01,-6.295736879110336304e-02,-8.982480317354202271e-02,-3.901785530615597963e-04,-6.909735500812530518e-02,4.337328374385833740e-01,3.120372593402862549e-01,7.087577134370803833e-03,-6.457276642322540283e-02,-2.374811172485351562e-01,-2.129905521869659424e-01,1.152314841747283936e-01,3.486548736691474915e-02,4.055285081267356873e-02,8.626829832792282104e-02,3.647443354129791260e-01,3.257015943527221680e-01,4.104213416576385498e-01,4.373072683811187744e-01,-9.632612764835357666e-02,5.799035425297915936e-04,2.962891459465026855e-01,1.103713437914848328e-01,5.335497483611106873e-02,4.022173583507537842e-02,1.602485477924346924e-01,1.985284686088562012e-01,-7.099548727273941040e-02,-3.891240805387496948e-02,8.928712457418441772e-02,6.400067359209060669e-02,8.526717871427536011e-02,-8.510410785675048828e-03,4.587880149483680725e-02,1.011375058442354202e-02,5.270785838365554810e-02,-2.026935108006000519e-02,-3.610094636678695679e-02,-7.152079790830612183e-02,8.907753229141235352e-02,2.817542757838964462e-03,2.856119163334369659e-02,-5.239572376012802124e-02,-1.333669126033782959e-01,5.485614016652107239e-02,2.069210261106491089e-02,-7.655952125787734985e-02,-2.329492717981338501e-01,-2.148167937994003296e-01,-1.684978157281875610e-01,-1.561494767665863037e-01,2.430241927504539490e-02,2.135600149631500244e-02,-4.235924780368804932e-02,1.457664221525192261e-01,-3.342166170477867126e-02,-6.673786044120788574e-02,3.604315966367721558e-02,-5.960903689265251160e-02,-2.148004919290542603e-01,-1.693509519100189209e-01,1.781211197376251221e-01,1.514564603567123413e-01,7.346798665821552277e-03,1.295670680701732635e-02,2.066914439201354980e-01,1.482694447040557861e-01,2.759433910250663757e-02,8.367731422185897827e-02,-6.007368117570877075e-02,2.285202406346797943e-02,-1.769927889108657837e-02,-8.904805034399032593e-02,1.246301457285881042e-01,8.660347014665603638e-02,-9.273922443389892578e-02,-4.736590757966041565e-02,2.251598089933395386e-01,5.651621520519256592e-02,1.142598763108253479e-01,1.851126253604888916e-01,2.025046646595001221e-01,2.074180841445922852e-01,1.989808827638626099e-01,8.703933656215667725e-02,-1.661490090191364288e-02,1.073273420333862305e-01,1.137486994266510010e-01,1.011711210012435913e-01,1.417247653007507324e-01,1.582269370555877686e-01,-9.826658293604850769e-03,-7.665318250656127930e-02,-1.344188153743743896e-01,-3.197247385978698730e-01,-5.327925831079483032e-02,-3.047326579689979553e-02,-6.043667346239089966e-02,-1.166313961148262024e-01,4.188792407512664795e-02,1.121378391981124878e-01,-2.206390723586082458e-02,1.125689148902893066e-01,5.029733106493949890e-02,-1.451398013159632683e-03,7.991518080234527588e-02,1.202918738126754761e-01
-1.558241099119186401e-01,-2.140899151563644409e-01,1.021689921617507935e-01,-1.982068642973899841e-02,6.383584141731262207e-01,7.024363279342651367e-01,1.779371649026870728e-01,-7.458291482180356979e-03,6.194496750831604004e-01,0.000000000000000000e+00,-2.172597683966159821e-02,-4.388669505715370178e-03,-2.728229202330112457e-02,4.214542731642723083e-02,5.431461930274963379e-01,5.572452545166015625e-01,-1.579515635967254639e-02,-9.986857324838638306e-02,-1.024398952722549438e-01,-1.562403142452239990e-01,2.000908255577087402e-01,-2.372524328529834747e-02,-6.862556096166372299e-03,4.052429273724555969e-02,4.531668722629547119e-01,4.531893432140350342e-01,6.000215411186218262e-01,6.039500236511230469e-01,-9.366977028548717499e-03,1.239281222224235535e-01,3.205814063549041748e-01,6.617195159196853638e-02,2.893085032701492310e-02,3.024359419941902161e-02,-1.292275823652744293e-02,6.498454511165618896e-02,-1.413694173097610474e-01,-9.592088870704174042e-03,-2.302992343902587891e-02,2.494058199226856232e-02,5.087140575051307678e-02,-2.714695036411285400e-02,-3.845637291669845581e-02,-3.744971705600619316e-03,7.110018283128738403e-02,-4.933457076549530029e-02,-1.868006587028503418e-01,-1.983374059200286865e-01,7.872922718524932861e-02,-2.933595702052116394e-02,-3.816141188144683838e-02,-1.068365722894668579e-01,-2.248643487691879272e-01,1.238172315061092377e-02,-1.469342559576034546e-01,-1.220038607716560364e-01,-1.280854642391204834e-01,-2.055450826883316040e-01,-1.848096549510955811e-01,-2.119970470666885376e-01,-5.194620415568351746e-02,5.952961370348930359e-02,4.821581766009330750e-02,2.495359182357788086e-01,-5.249654874205589294e-02,-5.388939008116722107e-02,-4.505141451954841614e-02,-1.447344720363616943e-01,-1.744891852140426636e-01,-2.092566341161727905e-01,2.548160851001739502e-01,1.371026188135147095e-01,-1.232412829995155334e-01,-1.032291352748870850e-02,2.075936347246170044e-01,9.081251919269561768e-02,2.755577117204666138e-02,1.408775746822357178e-01,-1.934024691581726074e-02,1.666592210531234741e-01,9.290516376495361328e-02,6.715776026248931885e-02,2.077075541019439697e-01,1.179155856370925903e-01,-1.026597619056701660e-01,1.029148027300834656e-01,2.684203982353210449e-01,1.127620264887809753e-01,1.176524683833122253e-01,2.843504548072814941e-01,2.576408088207244873e-01,2.399107664823532104e-01,2.434869855642318726e-01,5.498610436916351318e-02,-1.230221390724182129e-01,4.035965073853731155e-03,4.800946637988090515e-02,4.874558001756668091e-02,1.243720576167106628e-01,1.575319170951843262e-01,3.583686798810958862e-02,-9.597913175821304321e-02,-9.853631258010864258e-02,-2.306926995515823364e-01,-7.876439392566680908e-02,-1.117700189352035522e-01,-3.551228344440460205e-02,-3.703431785106658936e-02,-3.426390141248703003e-02,1.314542293548583984e-01,-3.846683725714683533e-02,1.712947040796279907e-01,1.287469416856765747e-01,7.995928823947906494e-02,3.898844867944717407e-02,1.953398883342742920e-01
4.316800832748413086e-01,2.471721321344375610e-01,3.953526616096496582e-01,1.499665379524230957e-01,-3.543367981910705566e-02,-8.726899512112140656e-03,3.096999228000640869e-01,2.755715847015380859e-01,-6.295736879110336304e-02,-2.172597683966159821e-02,0.000000000000000000e+00,5.765310525894165039e-01,5.336748361587524414e-01,4.307276010513305664e-01,4.299768060445785522e-02,7.682729512453079224e-02,1.181772425770759583e-01,1.980099231004714966e-01,4.241548180580139160e-01,3.409995436668395996e-01,6.431254558265209198e-03,-3.437697887420654297e-01,9.332472085952758789e-02,8.181505650281906128e-02,-6.370649486780166626e-02,-2.729144692420959473e-02,-3.557504713535308838e-02,9.497404098510742188e-03,3.811639845371246338e-01,3.379538655281066895e-01,1.607884019613265991e-01,7.932758331298828125e-02,4.674315825104713440e-02,1.900945454835891724e-01,-2.217720448970794678e-01,-2.030640840530395508e-01,-7.827539741992950439e-02,-4.021448642015457153e-02,-2.998981177806854248e-01,-2.227775007486343384e-02,-1.001735180616378784e-01,-2.655443847179412842e-01,-2.208996266126632690e-01,-9.790375828742980957e-02,3.638485819101333618e-02,8.963427692651748657e-02,-3.064148724079132080e-01,-2.872526347637176514e-01,2.011277712881565094e-02,3.303171321749687195e-02,9.226965904235839844e-02,1.454783380031585693e-01,-1.433546394109725952e-01,4.864781722426414490e-02,-9.809831529855728149e-02,-1.447346657514572144e-01,3.018235862255096436e-01,1.878260225057601929e-01,1.003302931785583496e-01,-1.710957884788513184e-01,4.511086642742156982e-01,3.564990758895874023e-01,3.211983740329742432e-01,3.363690972328186035e-01,1.852042824029922485e-01,1.575349569320678711e-01,-2.746223509311676025e-01,-2.440214455127716064e-01,-2.578355185687541962e-02,-1.419256180524826050e-01,1.704042702913284302e-01,9.846938401460647583e-02,1.301369667053222656e-01,1.639563888311386108e-01,6.869243085384368896e-02,-5.058775655925273895e-03,-1.228373870253562927e-01,1.783264875411987305e-01,-6.565883755683898926e-02,-7.542144507169723511e-02,3.271759487688541412e-03,1.534784864634275436e-02,-2.194447964429855347e-01,-1.793824732303619385e-01,-4.952981323003768921e-02,-1.147633939981460571e-01,-2.789947576820850372e-02,-4.306924715638160706e-02,-2.856717817485332489e-02,-1.694313883781433105e-01,-2.100785225629806519e-01,-1.593435704708099365e-01,-3.218267261981964111e-01,-3.352861702442169189e-01,-2.153273373842239380e-01,-2.029446661472320557e-01,-1.864171177148818970e-01,-7.100164890289306641e-02,-1.892341971397399902e-01,-6.986543536186218262e-02,-1.602136194705963135e-01,-1.519685238599777222e-01,-1.069612428545951843e-01,-1.217148452997207642e-01,-3.628638982772827148e-01,-3.847419917583465576e-01,-2.156702578067779541e-01,-2.266213111579418182e-02,-1.757810264825820923e-01,1.610779464244842529e-01,-2.048847824335098267e-01,-2.946631237864494324e-02,-9.293023496866226196e-03,-6.754916906356811523e-02,-3.470306992530822754e-01,1.768311709165573120e-01
4.018129110336303711e-01,3.625080883502960205e-01,3.057796359062194824e-01,2.577674090862274170e-01,-7.000095397233963013e-02,-9.860290214419364929e-03,2.745748162269592285e-01,4.692994058132171631e-01,-8.982480317354202271e-02,-4.388669505715370178e-03,5.765310525894165039e-01,0.000000000000000000e+00,4.737700819969177246e-01,5.577334761619567871e-01,3.362151980400085449e-02,7.535182684659957886e-02,1.379336118698120117e-01,2.807748317718505859e-01,3.680327534675598145e-01,3.763410747051239014e-01,-3.291669487953186035e-02,-2.444645166397094727e-01,2.138446718454360962e-01,2.226966321468353271e-01,-1.497731059789657593e-01,-5.498080700635910034e-02,-3.048877115361392498e-04,2.624638006091117859e-02,4.068147838115692139e-01,3.834069967269897461e-01,1.807863861322402954e-01,2.042436301708221436e-01,-6.297563016414642334e-02,1.413089931011199951e-01,-2.548641562461853027e-01,-1.663910448551177979e-01,-1.433437019586563110e-01,-8.538395166397094727e-02,-2.969395816326141357e-01,-1.644498854875564575e-01,-7.435752451419830322e-02,-1.549057811498641968e-01,-3.229611217975616455e-01,-1.888534277677536011e-01,-1.395387947559356689e-01,9.516990743577480316e-03,-3.153114914894104004e-01,-2.943473160266876221e-01,-2.409742400050163269e-02,-6.128456816077232361e-02,2.892516553401947021e-02,1.364148557186126709e-01,-1.908121705055236816e-01,-5.109319463372230530e-02,-1.776695847511291504e-01,-1.182763725519180298e-01,2.477509528398513794e-01,2.523654401302337646e-01,1.522321812808513641e-02,-1.245716586709022522e-01,3.692345917224884033e-01,4.453041255474090576e-01,2.228617221117019653e-01,3.620866537094116211e-01,8.405551314353942871e-02,1.417585164308547974e-01,-3.836380541324615479e-01,-3.380782306194305420e-01,-1.979785040020942688e-02,-7.418684661388397217e-02,8.623873442411422729e-02,7.764779776334762573e-02,2.053092271089553833e-01,2.535293400287628174e-01,7.846394181251525879e-02,7.586178369820117950e-03,-1.147808879613876343e-01,6.585913896560668945e-02,-4.323162883520126343e-02,-2.614378742873668671e-02,7.141149789094924927e-02,6.543944776058197021e-02,-1.842607259750366211e-01,-9.740556031465530396e-02,-2.030285261571407318e-02,-6.997257471084594727e-02,1.860899850726127625e-02,4.617205262184143066e-02,-3.429434075951576233e-02,-1.420482993125915527e-01,-2.959519028663635254e-01,-2.623469531536102295e-01,-3.142735362052917480e-01,-3.710702359676361084e-01,-1.867189109325408936e-01,-1.910882592201232910e-01,-2.660636603832244873e-01,-1.247430667281150818e-01,-2.782930731773376465e-01,-2.328719496726989746e-01,-9.575910866260528564e-02,-1.165106669068336487e-01,-7.884203642606735229e-02,-5.191665515303611755e-02,-2.543423175811767578e-01,-2.770030200481414795e-01,-1.089261397719383240e-01,-8.964829891920089722e-02,-1.666941940784454346e-01,6.706109642982482910e-02,-1.824762374162673950e-01,-1.609358638525009155e-01,-9.199821203947067261e-02,-6.263867020606994629e-02,-2.528693079948425293e-01,-3.563415491953492165e-03
3.647797703742980957e-01,3.856264352798461914e-01,3.379916548728942871e-01,2.721568346023559570e-01,7.311312854290008545e-02,2.111318288370966911e-03,2.541257441043853760e-01,3.953101336956024170e-01,-3.901785530615597963e-04,-2.728229202330112457e-02,5.336748361587524414e-01,4.737700819969177246e-01,0.000000000000000000e+00,5.438194870948791504e-01,3.165639936923980713e-01,1.667105853557586670e-01,-4.525723680853843689e-02,1.595861762762069702e-01,2.957806587219238281e-01,2.688783705234527588e-01,8.181168138980865479e-02,-1.985011696815490723e-01,3.896822333335876465e-01,3.311745524406433105e-01,9.241471439599990845e-02,1.492336690425872803e-01,7.004419714212417603e-02,7.721479237079620361e-02,3.635025322437286377e-01,2.340636253356933594e-01,1.753954291343688965e-01,2.939859330654144287e-01,-2.222428470849990845e-01,6.850764900445938110e-02,-2.175443023443222046e-01,-2.189640253782272339e-01,-5.376717448234558105e-02,3.916537389159202576e-02,-9.167061001062393188e-02,6.814052909612655640e-02,2.168603427708148956e-02,-4.555938765406608582e-02,-4.254220128059387207e-01,-2.946607470512390137e-01,-1.968808621168136597e-01,-9.794639796018600464e-02,-4.243861138820648193e-01,-4.367529451847076416e-01,-2.099408805370330811e-01,-1.838960349559783936e-01,-5.813262984156608582e-02,7.904772460460662842e-02,-1.467141509056091309e-01,-9.850198775529861450e-02,-2.083400487899780273e-01,-8.757885545492172241e-02,2.286085039377212524e-01,2.426496893167495728e-01,-9.491007775068283081e-02,-2.820607423782348633e-01,4.592325389385223389e-01,3.936953246593475342e-01,3.548659086227416992e-01,2.552032843232154846e-02,4.687544405460357666e-01,4.638469517230987549e-01,-3.490093648433685303e-01,-3.491366803646087646e-01,-6.189328059554100037e-02,4.439141601324081421e-03,1.494053155183792114e-01,1.248766705393791199e-01,2.286671549081802368e-01,1.579506397247314453e-01,3.200102970004081726e-02,-2.219612523913383484e-02,-1.504441797733306885e-01,1.230802759528160095e-01,-1.445662081241607666e-01,-2.878532744944095612e-02,1.120679154992103577e-01,1.891589611768722534e-01,-1.120441704988479614e-01,-3.692160127684473991e-03,2.115409821271896362e-01,-2.660069242119789124e-02,2.414605319499969482e-01,2.295956015586853027e-01,1.188430860638618469e-01,-1.585934013128280640e-01,-3.745473623275756836e-01,-3.223321735858917236e-01,-3.984589576721191406e-01,-3.062244653701782227e-01,-1.966118514537811279e-01,-1.365938931703567505e-01,-3.299621045589447021e-01,-1.157774701714515686e-01,-4.121890068054199219e-01,-3.747549057006835938e-01,-2.947939336299896240e-01,-2.644265294075012207e-01,-1.727701574563980103e-01,-2.134845256805419922e-01,-3.121924102306365967e-01,-2.515176534652709961e-01,-1.230921745300292969e-01,-2.408806979656219482e-02,-1.709728837013244629e-01,3.933885321021080017e-02,-2.615338861942291260e-01,-2.615619301795959473e-01,-1.840795129537582397e-01,-1.289626359939575195e-01,-2.425108402967453003e-01,-5.395046249032020569e-02
