0.000000000000000000e+00,6.936167478561401367e-01,2.781359851360321045e-01,4.247630536556243896e-01,-1.464097648859024048e-01,-6.063873693346977234e-02,3.916322588920593262e-01,2.861372232437133789e-01,1.425687968730926514e-01,-9.083873778581619263e-02,5.916400551795959473e-01,3.758669197559356689e-01,4.170792102813720703e-01,4.468695521354675293e-01,1.175045222043991089e-01,-1.597057431936264038e-01,2.526578493416309357e-02,-6.235120818018913269e-03,4.335159361362457275e-01,5.636609792709350586e-01,-2.199675291776657104e-01,-1.023688092827796936e-01,-2.937011420726776123e-01,-8.273588865995407104e-02,-3.219008445739746094e-01,-1.855024844408035278e-01,-1.724896728992462158e-01,-1.638768017292022705e-01,2.726273238658905029e-01,-1.282923370599746704e-01,-1.029175743460655212e-01,-5.126807466149330139e-02,2.640947401523590088e-01,3.736119568347930908e-01,1.757817715406417847e-01,-9.923441708087921143e-02,-5.240818262100219727e-01,-4.767384529113769531e-01,-1.649939715862274170e-01,-6.910322606563568115e-02,-1.227239817380905151e-01,-3.777223229408264160e-01,1.328156292438507080e-01,1.714715659618377686e-01,-4.879996180534362793e-02,4.001241624355316162e-01,1.446254104375839233e-01,-1.848669946193695068e-01,1.395385861396789551e-01,2.924779355525970459e-01,9.287340939044952393e-02,2.634853124618530273e-01,1.612978726625442505e-01,1.414574831724166870e-01,-2.544258907437324524e-02,3.708493337035179138e-02,7.072442770004272461e-01,5.064827203750610352e-01,5.885667204856872559e-01,5.125561952590942383e-01,4.946089386940002441e-01,2.658794820308685303e-01,4.036360979080200195e-01,9.487907588481903076e-02,-1.257480829954147339e-01,-1.459120959043502808e-01,4.950328767299652100e-01,3.424233198165893555e-01,3.260106146335601807e-01,5.525649189949035645e-01,1.104530040174722672e-02,-2.476766258478164673e-01,4.224945902824401855e-01,4.357077777385711670e-01,1.433991193771362305e-01,2.900888621807098389e-01,1.203602403402328491e-01,3.302685916423797607e-01,-2.771643698215484619e-01,8.715921640396118164e-02,7.203695923089981079e-02,1.240068003535270691e-01,-3.202158808708190918e-01,-2.536822557449340820e-01,-2.233424456790089607e-03,1.188400015234947205e-01,-3.666982054710388184e-02,-3.425429761409759521e-01,7.348939776420593262e-02,7.950706779956817627e-02,-3.351726531982421875e-01,-1.028809025883674622e-01,-2.632227241992950439e-01,-7.083848863840103149e-02,-1.507385820150375366e-01,-3.041840856894850731e-03,-6.418731808662414551e-02,-1.324606221169233322e-02,-2.566124498844146729e-01,-2.633201777935028076e-01,-1.779225617647171021e-01,1.974304765462875366e-01,-1.710357517004013062e-01,-8.488298393785953522e-03,-3.165960609912872314e-01,-1.409115493297576904e-01,-1.631094217300415039e-01,-8.745705336332321167e-02,2.517559826374053955e-01,4.323728978633880615e-01,-2.454972416162490845e-01,-2.653107941150665283e-01,-8.780635893344879150e-02,1.637892127037048340e-01,-3.739669322967529297e-01,-5.140024796128273010e-02
6.936167478561401367e-01,0.000000000000000000e+00,1.220123246312141418e-01,2.979212999343872070e-01,-2.510527670383453369e-01,-1.830939203500747681e-01,1.760850995779037476e-01,5.070624500513076782e-02,2.732209675014019012e-02,-1.133170649409294128e-01,4.292271435260772705e-01,2.487025856971740723e-01,3.081815540790557861e-01,2.864539325237274170e-01,1.739670634269714355e-01,-1.238148882985115051e-01,1.180404722690582275e-01,1.208840906620025635e-01,3.306162655353546143e-01,4.227349460124969482e-01,-1.794831305742263794e-01,-2.363682687282562256e-01,-3.708145320415496826e-01,-1.824236065149307251e-01,-3.547571301460266113e-01,-2.388474494218826294e-01,-2.345497012138366699e-01,-1.926567852497100830e-01,3.026963174343109131e-01,-1.082257479429244995e-01,-1.830035895109176636e-01,-1.403000205755233765e-01,2.889666855335235596e-01,3.569857776165008545e-01,1.675745397806167603e-01,-1.976584196090698242e-01,-4.687076508998870850e-01,-4.721123576164245605e-01,-2.340751290321350098e-01,2.164347656071186066e-02,-1.667728275060653687e-01,-4.226554930210113525e-01,3.441395759582519531e-01,3.282480537891387939e-01,2.051575183868408203e-01,5.477680563926696777e-01,2.701596915721893311e-01,-1.576402932405471802e-01,2.775685489177703857e-01,4.399066567420959473e-01,1.172694489359855652e-01,3.412086963653564453e-01,1.366324424743652344e-01,2.303426414728164673e-01,-1.301512215286493301e-02,-2.515321830287575722e-03,7.878552675247192383e-01,6.812761425971984863e-01,6.580788493156433105e-01,5.921091437339782715e-01,4.192714095115661621e-01,1.294056773185729980e-01,3.166421055793762207e-01,-2.979980222880840302e-02,-1.240924671292304993e-01,-2.074571102857589722e-01,6.900480985641479492e-01,4.387395381927490234e-01,4.037833809852600098e-01,5.771341323852539062e-01,-1.345373839139938354e-01,-3.533523976802825928e-01,3.449035584926605225e-01,3.351466059684753418e-01,1.264810711145401001e-01,2.378422319889068604e-01,1.519080437719821930e-02,1.570502966642379761e-01,-2.107471823692321777e-01,2.367724627256393433e-01,1.197519078850746155e-01,1.495235413312911987e-01,-1.949461847543716431e-01,-1.559989899396896362e-01,5.363834649324417114e-02,2.548798322677612305e-01,-3.536560758948326111e-02,-2.731112539768218994e-01,6.820456683635711670e-02,1.300992667675018311e-01,-4.966304600238800049e-01,-1.210324540734291077e-01,-3.443782031536102295e-01,3.775557875633239746e-02,-1.841808855533599854e-01,-5.250720307230949402e-03,-1.286758631467819214e-01,-2.050707116723060608e-02,-4.999983012676239014e-01,-5.280662775039672852e-01,-2.408528476953506470e-01,3.268489837646484375e-01,-2.496172189712524414e-01,-3.769808262586593628e-02,-3.041212558746337891e-01,-1.475463658571243286e-01,-2.164106070995330811e-01,-5.328036472201347351e-02,1.891861259937286377e-01,3.789701461791992188e-01,-2.980929911136627197e-01,-5.189740657806396484e-01,-2.331787347793579102e-01,5.248697474598884583e-02,-2.774190902709960938e-01,-4.838914796710014343e-02
2.781359851360321045e-01,1.220123246312141418e-01,0.000000000000000000e+00,5.754093527793884277e-01,3.825014829635620117e-01,3.827375769615173340e-01,6.800070405006408691e-01,5.281758308410644531e-01,1.281529814004898071e-01,-3.713586600497364998e-03,2.935646176338195801e-01,2.015407532453536987e-01,3.928627967834472656e-01,3.749334812164306641e-01,-1.053831800818443298e-01,6.158925965428352356e-02,-3.654261827468872070e-01,-3.050293624401092529e-01,3.993247151374816895e-01,4.503050148487091064e-01,-3.206255435943603516e-01,-1.130753085017204285e-01,2.146193534135818481e-01,4.884358346462249756e-01,1.299323886632919312e-01,-1.443689037114381790e-02,-6.163998972624540329e-03,-7.470954209566116333e-02,-1.734106540679931641e-01,-4.325323924422264099e-02,1.906006038188934326e-01,2.536354064941406250e-01,-4.477553535252809525e-03,2.756892442703247070e-01,4.851879179477691650e-01,4.143213629722595215e-01,-7.653971761465072632e-02,-2.626653611660003662e-01,1.257994920015335083e-01,-2.502321004867553711e-01,1.102004107087850571e-02,-5.362080410122871399e-02,-2.793686091899871826e-01,-8.052863180637359619e-02,-2.904797792434692383e-01,-1.403449922800064087e-01,-3.047143816947937012e-01,-3.519727885723114014e-01,-2.717055678367614746e-01,-3.197290003299713135e-01,-2.017368078231811523e-01,-3.879079222679138184e-01,1.531494501978158951e-02,-3.654049932956695557e-01,-9.940668195486068726e-02,-2.699784636497497559e-01,8.456936478614807129e-02,-1.876411139965057373e-01,7.771671563386917114e-02,-1.546743959188461304e-01,2.862972021102905273e-01,1.208301633596420288e-01,1.641934514045715332e-01,9.147839248180389404e-02,1.217556297779083252e-01,1.492530703544616699e-01,2.674729228019714355e-01,3.510684967041015625e-01,1.648067384958267212e-01,2.519654929637908936e-01,3.109118640422821045e-01,-7.899983972311019897e-02,4.695551842451095581e-02,1.236380040645599365e-01,9.236245602369308472e-02,2.308473922312259674e-02,2.837044000625610352e-01,3.047860860824584961e-01,-2.771713435649871826e-01,-4.564371705055236816e-01,-1.826647967100143433e-01,-2.353841364383697510e-01,-1.314506232738494873e-01,-3.871410489082336426e-01,-3.944787383079528809e-02,-4.020567238330841064e-01,1.406445056200027466e-01,5.720767006278038025e-02,1.556956022977828979e-01,-3.340772092342376709e-01,2.606757581233978271e-01,-6.372996419668197632e-02,3.580489009618759155e-02,-3.575709760189056396e-01,1.330599933862686157e-02,-1.170240268111228943e-01,3.846597298979759216e-02,-3.001775592565536499e-02,2.815839350223541260e-01,1.270359307527542114e-01,2.645920515060424805e-01,-3.087243437767028809e-01,3.208478689193725586e-01,3.489518910646438599e-02,-5.876279249787330627e-02,-7.905033230781555176e-02,3.800008445978164673e-02,3.478847816586494446e-02,2.924389839172363281e-01,2.410096377134323120e-01,-1.525713652372360229e-01,2.036729753017425537e-01,2.018774002790451050e-01,2.799685001373291016e-01,-3.172375559806823730e-01,-8.781296759843826294e-02
4.247630536556243896e-01,2.979212999343872070e-01,5.754093527793884277e-01,0.000000000000000000e+00,7.334767282009124756e-02,2.895821630954742432e-01,5.243698954582214355e-01,6.817446351051330566e-01,1.199019625782966614e-01,-2.243901044130325317e-01,4.104871749877929688e-01,4.475648999214172363e-01,2.992359697818756104e-01,3.730058670043945312e-01,2.457051351666450500e-02,-1.622019559144973755e-01,-1.424867659807205200e-01,-1.459766775369644165e-01,3.783221244812011719e-01,4.710130393505096436e-01,-3.647489547729492188e-01,-2.074086815118789673e-01,2.294038608670234680e-02,3.455282449722290039e-01,-1.994844228029251099e-01,-1.988367587327957153e-01,-2.040560245513916016e-01,-2.017101943492889404e-01,-5.174364428967237473e-03,3.447426483035087585e-02,-1.145164892077445984e-01,9.959784895181655884e-02,1.755556315183639526e-01,4.147573709487915039e-01,3.876451849937438965e-01,1.781315505504608154e-01,-3.078587353229522705e-01,-3.426922261714935303e-01,-1.781526505947113037e-01,-2.395957857370376587e-01,-1.158219426870346069e-01,-2.821881771087646484e-01,-8.986740559339523315e-02,5.058431625366210938e-02,-2.231245785951614380e-01,8.546329289674758911e-02,-9.197033196687698364e-02,-2.182620912790298462e-01,-1.516636908054351807e-01,-4.802603647112846375e-02,-7.524094730615615845e-02,-2.569160424172878265e-02,1.006501391530036926e-01,-1.204273924231529236e-01,-3.164190333336591721e-03,-1.052407249808311462e-01,3.021584153175354004e-01,1.062618046998977661e-01,3.087342977523803711e-01,1.573750823736190796e-01,4.244913458824157715e-01,3.739188313484191895e-01,2.389746159315109253e-01,2.519119381904602051e-01,-4.594325646758079529e-02,9.462118148803710938e-02,3.261226415634155273e-01,4.079336822032928467e-01,1.814254224300384521e-01,2.977335453033447266e-01,3.671060502529144287e-02,-2.442047595977783203e-01,2.182709574699401855e-01,2.279474586248397827e-01,1.067970767617225647e-01,-1.566308736801147461e-02,1.740409135818481445e-01,1.838673651218414307e-01,-2.040369063615798950e-01,-9.746067225933074951e-02,-5.071139708161354065e-02,-1.078112274408340454e-01,-2.881669998168945312e-01,-4.458320438861846924e-01,-6.505316495895385742e-02,-7.804045826196670532e-02,-5.195359885692596436e-02,-2.069293707609176636e-01,9.651260077953338623e-02,-1.322907358407974243e-01,-4.629076272249221802e-02,-1.814597398042678833e-01,-1.357132196426391602e-01,-2.806747853755950928e-01,-5.977195873856544495e-02,-1.531114727258682251e-01,4.057064652442932129e-02,-6.626144051551818848e-02,9.666771441698074341e-02,-3.563422337174415588e-02,5.032764747738838196e-02,-2.593206167221069336e-01,7.774149626493453979e-02,-1.552955210208892822e-01,-1.610351651906967163e-01,-5.524831265211105347e-02,-1.017668172717094421e-01,-3.192004188895225525e-02,2.712871134281158447e-01,3.355136811733245850e-01,2.085437253117561340e-02,8.358699083328247070e-02,1.427218616008758545e-01,2.053064703941345215e-01,-3.204156160354614258e-01,-1.631254851818084717e-01
-1.464097648859024048e-01,-2.510527670383453369e-01,3.825014829635620117e-01,7.334767282009124756e-02,0.000000000000000000e+00,6.417170763015747070e-01,3.784211277961730957e-01,1.758526414632797241e-01,4.429943561553955078e-01,4.066729247570037842e-01,2.817340381443500519e-02,-1.306904405355453491e-01,1.711009591817855835e-01,3.273900598287582397e-02,-1.819942295551300049e-01,2.418050616979598999e-01,-2.133782804012298584e-01,-8.296330273151397705e-02,-1.492852866649627686e-01,2.288866974413394928e-02,-1.999126225709915161e-01,6.529654562473297119e-02,1.043255925178527832e-01,2.696405947208404541e-01,6.171300411224365234e-01,4.282641410827636719e-01,4.580180048942565918e-01,4.254295825958251953e-01,-1.433754153549671173e-02,5.100374668836593628e-02,4.871823787689208984e-01,3.678508102893829346e-01,-1.292157620191574097e-01,-1.974811218678951263e-02,1.072690412402153015e-01,1.985846310853958130e-01,3.143303692340850830e-01,-7.643865048885345459e-02,3.365016877651214600e-01,-2.695001661777496338e-01,2.730757594108581543e-01,2.170367389917373657e-01,-5.392159223556518555e-01,-5.121361613273620605e-01,-1.063849478960037231e-01,-2.996121346950531006e-01,-4.875010848045349121e-01,-4.201934337615966797e-01,-3.004027903079986572e-01,-4.343806803226470947e-01,-2.944186925888061523e-01,-5.187284946441650391e-01,-2.547968029975891113e-01,-5.201504230499267578e-01,-1.987796872854232788e-01,-3.357611298561096191e-01,-2.644357085227966309e-01,-4.239129126071929932e-01,-2.371557652950286865e-01,-3.177747130393981934e-01,-4.556935280561447144e-03,-1.019112989306449890e-01,-1.181893721222877502e-01,1.443351153284311295e-02,-1.467471867799758911e-01,4.006240516901016235e-02,-1.513884365558624268e-01,2.721247822046279907e-02,2.208266407251358032e-02,-6.213273108005523682e-02,4.814042150974273682e-01,2.687831223011016846e-01,-5.204993486404418945e-02,-7.054749876260757446e-02,-1.766217350959777832e-01,-2.110802680253982544e-01,1.460983306169509888e-01,1.173643469810485840e-01,-8.723597973585128784e-02,-3.876964151859283447e-01,-8.146835118532180786e-02,-1.880305856466293335e-01,2.023012191057205200e-01,-1.564228348433971405e-02,-2.239435762166976929e-01,-5.369768142700195312e-01,3.118476597592234612e-04,1.671047806739807129e-01,6.334330886602401733e-03,-3.745786249637603760e-01,3.407031595706939697e-01,2.132079750299453735e-02,1.886826157569885254e-01,-3.119936585426330566e-01,6.482280790805816650e-02,-2.138290181756019592e-02,1.160967499017715454e-01,5.653177946805953979e-02,3.781573772430419922e-01,3.278151750564575195e-01,3.846308588981628418e-01,-1.988526135683059692e-01,5.370565056800842285e-01,3.221272230148315430e-01,6.254733353853225708e-02,-6.327630579471588135e-02,2.567491233348846436e-01,1.840927749872207642e-01,1.129623688757419586e-02,-1.262232065200805664e-01,-1.553022414445877075e-01,2.968579828739166260e-01,2.072271406650543213e-01,1.383808106184005737e-01,-1.725765168666839600e-01,-5.299793183803558350e-02
-6.063873693346977234e-02,-1.830939203500747681e-01,3.827375769615173340e-01,2.895821630954742432e-01,6.417170763015747070e-01,0.000000000000000000e+00,3.146976530551910400e-01,4.163433611392974854e-01,5.605315566062927246e-01,3.961207270622253418e-01,-1.136029418557882309e-02,5.821154639124870300e-02,1.197017431259155273e-01,1.530011296272277832e-01,2.288751304149627686e-03,2.174488902091979980e-01,-2.322045862674713135e-01,-3.640434518456459045e-02,-8.877438306808471680e-02,1.539024710655212402e-01,-2.648577690124511719e-01,-2.269799634814262390e-02,-3.716008737683296204e-02,1.674797534942626953e-01,5.068615674972534180e-01,2.285969853401184082e-01,3.738529086112976074e-01,2.413567006587982178e-01,-1.117738485336303711e-01,1.384242475032806396e-01,3.978844881057739258e-01,3.918479382991790771e-01,-1.451544612646102905e-01,1.100310012698173523e-01,1.348045021295547485e-01,2.492906004190444946e-01,3.144861757755279541e-01,-2.587137520313262939e-01,1.916539818048477173e-01,-4.218644201755523682e-01,3.293201625347137451e-01,3.266483843326568604e-01,-5.362480282783508301e-01,-4.164498448371887207e-01,-2.076947838068008423e-01,-2.443130463361740112e-01,-4.951531291007995605e-01,-4.077678620815277100e-01,-3.000192940235137939e-01,-4.238524436950683594e-01,-2.310639917850494385e-01,-5.308015942573547363e-01,-1.411281377077102661e-01,-6.532465219497680664e-01,-7.020264118909835815e-02,-3.437115252017974854e-01,-2.091554403305053711e-01,-4.487942755222320557e-01,-1.035260558128356934e-01,-3.165247738361358643e-01,5.109231173992156982e-02,1.821628771722316742e-02,-1.140802130103111267e-01,1.905770897865295410e-01,-2.598875463008880615e-01,-4.083020612597465515e-02,-1.093527227640151978e-01,1.960407793521881104e-01,1.991229951381683350e-01,6.280574202537536621e-02,4.780360162258148193e-01,2.221464365720748901e-01,-5.049747601151466370e-02,4.326526448130607605e-02,-9.094883501529693604e-02,-2.472482025623321533e-01,2.862614989280700684e-01,2.275055348873138428e-01,-1.422210484743118286e-01,-3.780139386653900146e-01,-1.363547891378402710e-01,-3.905691206455230713e-01,2.033241689205169678e-01,-1.513095498085021973e-01,-3.972064256668090820e-01,-6.284898519515991211e-01,-1.514931321144104004e-01,1.436459273099899292e-01,3.080290555953979492e-02,-5.726329088211059570e-01,4.057828783988952637e-01,-2.136492729187011719e-01,2.087620347738265991e-01,-4.968247413635253906e-01,-3.210260346531867981e-02,-1.091957911849021912e-01,5.610665306448936462e-02,-3.323326632380485535e-02,5.076929330825805664e-01,3.627425134181976318e-01,5.834968686103820801e-01,-3.166559040546417236e-01,6.817388534545898438e-01,2.436548471450805664e-01,1.618260741233825684e-01,-7.598032802343368530e-02,3.062078654766082764e-01,1.814210563898086548e-01,1.177936047315597534e-01,-1.572369933128356934e-01,-2.031458765268325806e-01,3.232193589210510254e-01,3.321547806262969971e-01,2.344651967287063599e-01,-1.490391641855239868e-01,-4.778585210442543030e-02
3.916322588920593262e-01,1.760850995779037476e-01,6.800070405006408691e-01,5.243698954582214355e-01,3.784211277961730957e-01,3.146976530551910400e-01,0.000000000000000000e+00,5.853048563003540039e-01,2.025158405303955078e-01,1.792948693037033081e-01,4.765956401824951172e-01,3.369224667549133301e-01,6.307559609413146973e-01,4.014807939529418945e-01,-2.041875571012496948e-01,4.501014202833175659e-02,-1.561851799488067627e-01,-1.606297194957733154e-01,4.461410641670227051e-01,5.194672346115112305e-01,-3.737565577030181885e-01,-1.318096518516540527e-01,9.443051367998123169e-02,2.871866822242736816e-01,1.295358389616012573e-01,2.567969262599945068e-02,8.702760189771652222e-02,1.305602192878723145e-01,1.069031730294227600e-01,3.779952228069305420e-02,2.084753960371017456e-01,1.304566115140914917e-01,2.430360913276672363e-01,4.414218068122863770e-01,3.585885763168334961e-01,2.257782518863677979e-01,-2.601432800292968750e-01,-3.639407455921173096e-01,-2.861422719433903694e-03,-2.234517335891723633e-01,-6.238245964050292969e-02,-2.421756833791732788e-01,-2.722660005092620850e-01,-9.892240911722183228e-02,-3.306670188903808594e-01,-4.108752682805061340e-02,-3.040845990180969238e-01,-4.682615101337432861e-01,-3.747252821922302246e-01,-2.870794832706451416e-01,-2.892735898494720459e-01,-2.631415724754333496e-01,-1.709516495466232300e-01,-2.441562265157699585e-01,-2.401819974184036255e-01,-2.520296275615692139e-01,2.026682794094085693e-01,4.242241848260164261e-03,3.450813889503479004e-02,2.679990231990814209e-02,4.509659111499786377e-01,4.364184737205505371e-01,3.789894282817840576e-01,3.371074497699737549e-01,-1.033212095499038696e-01,1.401652991771697998e-01,2.116813510656356812e-01,3.094446361064910889e-01,-1.611733995378017426e-02,1.521934270858764648e-01,3.651815056800842285e-01,-4.392528161406517029e-02,2.672425806522369385e-01,3.454232513904571533e-01,1.357807666063308716e-01,7.494407147169113159e-02,2.342430502176284790e-01,3.011137843132019043e-01,-1.651589423418045044e-01,-1.396554708480834961e-01,5.505264550447463989e-02,-1.038805209100246429e-02,-1.858567446470260620e-01,-2.739678025245666504e-01,-1.057969182729721069e-01,-2.113934606313705444e-01,-4.344409797340631485e-03,-1.458994895219802856e-01,-9.040535241365432739e-02,-2.321689575910568237e-01,-8.171259425580501556e-03,-1.325480043888092041e-01,-1.215744316577911377e-01,-3.372231721878051758e-01,2.348302677273750305e-02,-8.579514175653457642e-02,-2.749614976346492767e-02,-7.012172788381576538e-02,9.576736390590667725e-02,-3.816811367869377136e-02,7.635072618722915649e-02,-2.262790650129318237e-01,1.377533823251724243e-01,-1.107013085857033730e-03,-1.509580910205841064e-01,-1.369128525257110596e-01,3.107786178588867188e-02,5.244591087102890015e-02,2.154674530029296875e-01,2.796301841735839844e-01,-2.146966904401779175e-01,3.847035393118858337e-02,6.894855201244354248e-02,2.022440582513809204e-01,-3.472439050674438477e-01,-1.576031446456909180e-01
2.861372232437133789e-01,5.070624500513076782e-02,5.281758308410644531e-01,6.817446351051330566e-01,1.758526414632797241e-01,4.163433611392974854e-01,5.853048563003540039e-01,0.000000000000000000e+00,1.149117574095726013e-01,-4.221666976809501648e-02,3.578509390354156494e-01,5.664508342742919922e-01,3.751043379306793213e-01,3.650269210338592529e-01,-1.199086531996726990e-01,-1.502324193716049194e-01,-2.151874601840972900e-01,-1.440058052539825439e-01,3.832408189773559570e-01,4.663915336132049561e-01,-2.989989817142486572e-01,-1.251294463872909546e-02,5.928263440728187561e-02,2.340099811553955078e-01,-4.039693623781204224e-02,-1.054396256804466248e-01,1.444080285727977753e-02,-2.193362079560756683e-02,-8.153954893350601196e-02,1.680835187435150146e-01,3.644214570522308350e-02,1.700541824102401733e-01,1.961153894662857056e-01,4.319798350334167480e-01,2.582925558090209961e-01,2.930263876914978027e-01,-1.557570397853851318e-01,-3.146350681781768799e-01,-3.868125379085540771e-02,-3.098816275596618652e-01,-5.752847716212272644e-02,-1.198560968041419983e-01,-2.455591112375259399e-01,2.083650603890419006e-02,-4.440955817699432373e-01,-1.109034493565559387e-01,-1.628078818321228027e-01,-1.864010840654373169e-01,-2.806113958358764648e-01,-2.187372893095016479e-01,-9.729231894016265869e-02,-1.615000665187835693e-01,1.417789161205291748e-01,-3.227264583110809326e-01,1.080127283930778503e-01,-1.752758324146270752e-01,8.126484602689743042e-02,-1.348814517259597778e-01,8.776928484439849854e-02,-4.275559261441230774e-02,4.613746106624603271e-01,4.805997014045715332e-01,2.293173819780349731e-01,5.202938318252563477e-01,-1.239954233169555664e-01,1.728268414735794067e-01,5.025105550885200500e-02,2.509105205535888672e-01,6.475712358951568604e-02,1.218368560075759888e-01,2.318419665098190308e-01,-1.692887097597122192e-01,1.435769200325012207e-01,2.990208566188812256e-01,8.375277370214462280e-02,-3.494917973875999451e-02,2.903779447078704834e-01,2.426031976938247681e-01,-3.069946914911270142e-02,-2.288004755973815918e-01,7.611140608787536621e-02,-2.810001075267791748e-01,-2.188045233488082886e-01,-5.521249771118164062e-01,-1.381506621837615967e-01,-2.850802838802337646e-01,-1.340676993131637573e-01,-2.363736033439636230e-01,1.678662896156311035e-01,-3.341030478477478027e-01,1.832534074783325195e-01,-2.926399707794189453e-01,5.442028492689132690e-02,-5.174368619918823242e-01,6.985940784215927124e-02,-1.122748404741287231e-01,1.336309909820556641e-01,-9.836717694997787476e-02,3.609297573566436768e-01,1.260328739881515503e-01,2.797176241874694824e-01,-5.166434049606323242e-01,2.164329290390014648e-01,-2.935298383235931396e-01,-7.443659752607345581e-02,-1.678445637226104736e-01,4.194341599941253662e-02,-7.745758444070816040e-02,1.846399605274200439e-01,2.954361140727996826e-01,2.678618580102920532e-02,2.556697726249694824e-01,2.887541651725769043e-01,3.286314010620117188e-01,-2.123854905366897583e-01,-1.445204615592956543e-01
1.425687968730926514e-01,2.732209675014019012e-02,1.281529814004898071e-01,1.199019625782966614e-01,4.429943561553955078e-01,5.605315566062927246e-01,2.025158405303955078e-01,1.149117574095726013e-01,0.000000000000000000e+00,4.383788406848907471e-01,2.800128795206546783e-02,-3.937513381242752075e-02,1.729145199060440063e-01,2.952713370323181152e-01,3.810930848121643066e-01,2.738068997859954834e-01,1.540120877325534821e-02,1.176006253808736801e-02,-9.649044275283813477e-02,1.255797296762466431e-01,-1.684806644916534424e-01,-1.192172393202781677e-01,-2.874351441860198975e-01,3.190864995121955872e-02,3.785919547080993652e-01,2.076172381639480591e-01,1.965122222900390625e-01,1.871297359466552734e-01,1.822955012321472168e-01,1.321816630661487579e-02,3.963075876235961914e-01,3.581032752990722656e-01,-5.525135900825262070e-03,1.483159214258193970e-01,-2.751709148287773132e-02,2.763235755264759064e-02,2.021582424640655518e-01,-2.657804191112518311e-01,1.091181486845016479e-01,-2.728111743927001953e-01,3.656688034534454346e-01,1.910817176103591919e-01,-3.830410838127136230e-01,-3.787333667278289795e-01,-6.473375856876373291e-02,-2.677748352289199829e-02,-3.746737241744995117e-01,-3.872003853321075439e-01,-1.506913006305694580e-01,-1.789149791002273560e-01,-1.949135512113571167e-01,-2.356874346733093262e-01,-3.491088151931762695e-01,-3.580305874347686768e-01,-2.329729050397872925e-01,-1.445589661598205566e-01,-1.609055697917938232e-02,-1.331881582736968994e-01,1.874221302568912506e-02,4.146077483892440796e-02,1.706101149320602417e-01,1.071467995643615723e-01,7.446736842393875122e-02,3.581453859806060791e-02,-3.747127354145050049e-01,-2.672575116157531738e-01,-1.229665591381490231e-03,1.718720793724060059e-01,1.246503442525863647e-01,9.200379252433776855e-02,3.315525054931640625e-01,2.118864357471466064e-01,1.643510907888412476e-01,1.388543248176574707e-01,-1.038618758320808411e-01,-9.334176033735275269e-02,1.040537580847740173e-01,2.172560095787048340e-01,-3.185705840587615967e-01,-1.413707286119461060e-01,-1.697959750890731812e-01,-1.674464941024780273e-01,1.275665760040283203e-01,1.372921168804168701e-01,-5.211991667747497559e-01,-3.340136706829071045e-01,-2.438606172800064087e-01,-1.112860888242721558e-01,-1.703444868326187134e-01,-2.814612984657287598e-01,5.637541785836219788e-02,-7.914743572473526001e-02,-5.283158645033836365e-02,-2.516016960144042969e-01,-1.170671209692955017e-01,-6.067321170121431351e-03,-8.682204037904739380e-02,8.232639729976654053e-02,1.794718950986862183e-01,1.745405644178390503e-01,3.308154046535491943e-01,7.951465249061584473e-02,4.828186333179473877e-01,4.763723611831665039e-01,-4.658502712845802307e-02,-9.948226809501647949e-02,2.483305335044860840e-01,2.263112068176269531e-01,3.856448829174041748e-02,-1.834650784730911255e-01,-3.630361855030059814e-01,2.550894021987915039e-02,6.348311901092529297e-02,-4.932777490466833115e-03,-3.104835748672485352e-01,-1.995587050914764404e-01
-9.083873778581619263e-02,-1.133170649409294128e-01,-3.713586600497364998e-03,-2.243901044130325317e-01,4.066729247570037842e-01,3.961207270622253418e-01,1.792948693037033081e-01,-4.221666976809501648e-02,4.383788406848907471e-01,0.000000000000000000e+00,-1.738047972321510315e-02,-1.498998105525970459e-01,1.754183620214462280e-01,7.352107763290405273e-02,2.621610462665557861e-02,5.262118577957153320e-01,4.811693355441093445e-02,1.161631494760513306e-01,-1.157232969999313354e-01,3.946950286626815796e-02,-7.865379005670547485e-02,-4.188795387744903564e-02,-1.343670487403869629e-01,-8.804973214864730835e-03,6.281927227973937988e-01,4.100904166698455811e-01,4.247715473175048828e-01,4.218347370624542236e-01,9.300057590007781982e-02,1.695054918527603149e-01,5.249475836753845215e-01,2.316146194934844971e-01,6.106172129511833191e-02,2.034062743186950684e-01,-9.228608570992946625e-03,8.003842830657958984e-02,1.711814701557159424e-01,-2.462899237871170044e-01,8.906028419733047485e-02,-2.044822424650192261e-01,1.531328260898590088e-01,1.707490086555480957e-01,-3.111580014228820801e-01,-2.469834983348846436e-01,-1.066386774182319641e-01,-1.254918873310089111e-01,-4.107921719551086426e-01,-4.541900157928466797e-01,-2.751358449459075928e-01,-3.550538420677185059e-01,-2.714298367500305176e-01,-4.456395506858825684e-01,-3.777057230472564697e-01,-4.421000480651855469e-01,-3.076123595237731934e-01,-4.171683490276336670e-01,-8.148609101772308350e-02,-1.533610075712203979e-01,-1.728460639715194702e-01,-1.685666292905807495e-01,-3.520531579852104187e-02,6.033130362629890442e-02,-9.886080399155616760e-03,9.767054766416549683e-02,-3.194705247879028320e-01,-8.196056634187698364e-02,-7.977238297462463379e-02,1.282649189233779907e-01,-1.633930765092372894e-02,-7.055275142192840576e-02,5.567266345024108887e-01,3.265423476696014404e-01,-3.215392678976058960e-02,2.017842978239059448e-01,-1.244473736733198166e-02,-6.511915475130081177e-02,1.497018486261367798e-01,1.016430854797363281e-01,9.259199351072311401e-02,3.455736115574836731e-02,1.757285296916961670e-01,-7.777349650859832764e-02,2.984720766544342041e-01,2.177378088235855103e-01,-2.984432876110076904e-01,-3.448095023632049561e-01,-1.322003155946731567e-01,1.701715290546417236e-01,-2.253353893756866455e-01,-4.356425702571868896e-01,1.058060899376869202e-01,-1.931037902832031250e-01,1.080812141299247742e-01,-2.767855226993560791e-01,2.140568941831588745e-02,-2.602558396756649017e-02,-3.695585951209068298e-02,-8.055445551872253418e-02,8.334508538246154785e-02,1.602627523243427277e-02,3.007715046405792236e-01,-9.972022846341133118e-03,3.537489473819732666e-01,2.482513785362243652e-01,2.567247860133647919e-02,-1.921133548021316528e-01,2.121165990829467773e-01,9.935345500707626343e-02,-9.481567144393920898e-02,-1.497657001018524170e-01,-3.716421723365783691e-01,-6.655254215002059937e-02,-6.919676810503005981e-02,9.074125438928604126e-02,-9.687433391809463501e-02,-8.437190949916839600e-02
5.916400551795959473e-01,4.292271435260772705e-01,2.935646176338195801e-01,4.104871749877929688e-01,2.817340381443500519e-02,-1.136029418557882309e-02,4.765956401824951172e-01,3.578509390354156494e-01,2.800128795206546783e-02,-1.738047972321510315e-02,0.000000000000000000e+00,4.842458069324493408e-01,5.740700960159301758e-01,2.981320619583129883e-01,-9.597899764776229858e-02,-1.333127766847610474e-01,2.293327748775482178e-01,1.002802178263664246e-01,4.622513353824615479e-01,4.485704600811004639e-01,-1.756250858306884766e-01,-4.462227225303649902e-02,-6.268291175365447998e-02,5.787157639861106873e-02,-1.312955766916275024e-01,3.506983816623687744e-02,-6.259495392441749573e-03,6.143747828900814056e-03,4.167123436927795410e-01,1.585057377815246582e-02,1.238619908690452576e-01,7.945886999368667603e-02,4.571558535099029541e-01,4.452730119228363037e-01,1.446412503719329834e-01,-4.998217150568962097e-02,-4.087053835391998291e-01,-3.901222348213195801e-01,-1.292234659194946289e-01,-1.133245229721069336e-01,-2.130986452102661133e-01,-4.033425450325012207e-01,3.859264031052589417e-02,6.751511991024017334e-02,-2.176910191774368286e-01,1.539507806301116943e-01,7.904466986656188965e-02,-2.477334141731262207e-01,-6.923356652259826660e-02,8.871653676033020020e-02,-2.391579374670982361e-02,2.015379220247268677e-01,6.652627140283584595e-02,1.339726299047470093e-01,2.143400348722934723e-02,-1.664444059133529663e-02,5.053811073303222656e-01,3.918171525001525879e-01,2.846398651599884033e-01,3.255063295364379883e-01,4.444517493247985840e-01,4.324503242969512939e-01,5.261518955230712891e-01,3.543098270893096924e-01,-1.341855525970458984e-01,7.230561226606369019e-02,2.704464793205261230e-01,1.315687298774719238e-01,8.255637437105178833e-02,2.688562870025634766e-01,1.323871910572052002e-01,-1.760582327842712402e-01,3.496226072311401367e-01,3.942325711250305176e-01,6.163753941655158997e-02,1.003763079643249512e-01,7.233268767595291138e-02,1.415467113256454468e-01,3.242503106594085693e-02,1.775644272565841675e-01,3.349685072898864746e-01,1.666054278612136841e-01,-2.304076254367828369e-01,-2.020825147628784180e-01,8.378144353628158569e-02,1.442891210317611694e-01,-1.134451031684875488e-01,-3.329773545265197754e-01,2.936962805688381195e-02,1.046823263168334961e-01,-3.265027105808258057e-01,-1.318521983921527863e-02,-2.360603064298629761e-01,-8.892241865396499634e-02,3.300576284527778625e-02,-9.846484661102294922e-02,-4.778935387730598450e-02,-9.664052724838256836e-02,-2.423804253339767456e-01,-2.576826214790344238e-01,-2.475512772798538208e-01,4.897796362638473511e-02,-2.365339696407318115e-01,-8.700226992368698120e-02,-2.667237520217895508e-01,-7.920970767736434937e-02,-1.551606506109237671e-01,-1.230397224426269531e-01,1.817453503608703613e-01,3.744135797023773193e-01,-1.020543202757835388e-01,-1.634218692779541016e-01,-1.350836008787155151e-01,1.352612227201461792e-01,-4.547509253025054932e-01,-2.404125630855560303e-01
3.758669197559356689e-01,2.487025856971740723e-01,2.015407532453536987e-01,4.475648999214172363e-01,-1.306904405355453491e-01,5.821154639124870300e-02,3.369224667549133301e-01,5.664508342742919922e-01,-3.937513381242752075e-02,-1.498998105525970459e-01,4.842458069324493408e-01,0.000000000000000000e+00,4.115709066390991211e-01,3.528490662574768066e-01,-5.167740955948829651e-02,-2.516578435897827148e-01,2.015040218830108643e-01,2.683925330638885498e-01,3.528360724449157715e-01,3.506308197975158691e-01,-9.714622795581817627e-02,4.582364112138748169e-02,-1.389806717634201050e-01,-2.656564861536026001e-02,-2.528509497642517090e-01,-1.133870407938957214e-01,-7.141530513763427734e-02,-3.990674391388893127e-02,2.958411276340484619e-01,3.617168068885803223e-01,-2.143478486686944962e-03,1.006099507212638855e-01,4.159475564956665039e-01,4.399430453777313232e-01,-5.617086589336395264e-02,-1.324905604124069214e-01,-3.400155305862426758e-01,-3.738627433776855469e-01,-1.604907661676406860e-01,-1.165764480829238892e-01,-2.610282599925994873e-01,-3.196699619293212891e-01,1.279412116855382919e-02,2.158092409372329712e-01,-3.965823948383331299e-01,1.513890177011489868e-01,1.405551582574844360e-01,6.375027820467948914e-03,-6.362137943506240845e-02,1.115539744496345520e-01,6.164906173944473267e-02,2.637045979499816895e-01,2.345330715179443359e-01,4.893164336681365967e-02,1.690893471240997314e-01,5.420035496354103088e-02,2.680336534976959229e-01,2.437594383955001831e-01,1.703210622072219849e-01,2.465346455574035645e-01,3.701084852218627930e-01,4.423644840717315674e-01,3.817255795001983643e-01,6.092225909233093262e-01,-1.702263951301574707e-01,1.763730645179748535e-01,7.744194567203521729e-02,1.173750758171081543e-01,2.662851847708225250e-02,1.428460776805877686e-01,5.817874148488044739e-02,-3.001758754253387451e-01,2.442018240690231323e-01,4.152290523052215576e-01,7.017182069830596447e-04,8.818842470645904541e-03,5.014830827713012695e-02,1.857318170368671417e-02,2.664828002452850342e-01,1.249709352850914001e-01,4.296934604644775391e-01,3.503911942243576050e-02,-2.233562469482421875e-01,-4.270853996276855469e-01,6.096318736672401428e-02,1.142598092555999756e-01,-2.541895508766174316e-01,-4.063211083412170410e-01,1.139676570892333984e-01,-1.113838888704776764e-02,-2.218962013721466064e-01,-2.565043568611145020e-01,-1.347731798887252808e-01,-3.274070322513580322e-01,8.749990910291671753e-02,6.726788729429244995e-02,1.082483530044555664e-01,-8.582444489002227783e-02,-6.563089787960052490e-02,-2.395725250244140625e-01,-4.785392805933952332e-02,-2.651389837265014648e-01,-1.661466658115386963e-01,-3.688447177410125732e-01,-1.479490697383880615e-01,-1.802512258291244507e-01,-7.078850269317626953e-02,-1.350509375333786011e-01,5.162099376320838928e-02,3.236928284168243408e-01,-2.475694380700588226e-02,-8.982006460428237915e-02,7.359836995601654053e-02,1.765488237142562866e-01,-1.933946758508682251e-01,-2.392325401306152344e-01
4.170792102813720703e-01,3.081815540790557861e-01,3.928627967834472656e-01,2.992359697818756104e-01,1.711009591817855835e-01,1.197017431259155273e-01,6.307559609413146973e-01,3.751043379306793213e-01,1.729145199060440063e-01,1.754183620214462280e-01,5.740700960159301758e-01,4.115709066390991211e-01,0.000000000000000000e+00,4.517313241958618164e-01,1.715319789946079254e-02,1.372670531272888184e-01,1.160224825143814087e-01,9.500165283679962158e-02,4.604747593402862549e-01,3.982149064540863037e-01,-3.180108666419982910e-01,-1.140866652131080627e-01,4.230407997965812683e-02,1.143455728888511658e-01,5.861299484968185425e-02,2.795583382248878479e-02,1.940308883786201477e-02,8.045412600040435791e-02,3.494600355625152588e-01,4.604377318173646927e-03,2.831888198852539062e-01,1.422536820173263550e-01,4.065945148468017578e-01,4.619587957859039307e-01,2.587823271751403809e-01,9.440790861845016479e-02,-2.955069839954376221e-01,-4.504183828830718994e-01,-1.274560391902923584e-01,-1.442639082670211792e-01,-1.044277995824813843e-01,-3.228396773338317871e-01,-1.131790056824684143e-01,4.138468950986862183e-02,-3.007642626762390137e-01,2.500326558947563171e-02,-1.619357913732528687e-01,-4.103191494941711426e-01,-2.219132184982299805e-01,-7.323314994573593140e-02,-1.242656186223030090e-01,-2.721449173986911774e-02,-1.154991835355758667e-01,-5.900567024946212769e-02,-2.038679867982864380e-01,-1.619891077280044556e-01,3.134037554264068604e-01,2.092119008302688599e-01,5.770756304264068604e-02,1.327937394380569458e-01,4.515923559665679932e-01,4.476640522480010986e-01,4.552255868911743164e-01,3.613377809524536133e-01,-4.695320501923561096e-02,1.764691770076751709e-01,2.215040922164916992e-01,2.124910652637481689e-01,-7.586225122213363647e-02,1.318946480751037598e-01,2.581880390644073486e-01,-1.555250883102416992e-01,3.416819572448730469e-01,3.424695730209350586e-01,1.925411522388458252e-01,1.203467771410942078e-01,6.297114491462707520e-02,2.074823826551437378e-01,-5.040064081549644470e-02,6.542152911424636841e-02,2.239438742399215698e-01,1.226987391710281372e-01,-1.218010336160659790e-01,-1.137503981590270996e-01,-3.704287111759185791e-02,-3.585964068770408630e-02,-4.403856769204139709e-02,-2.032191008329391479e-01,-1.118226572871208191e-01,-1.086085885763168335e-01,-1.717445254325866699e-01,-8.639896661043167114e-02,-1.837811321020126343e-01,-2.069482952356338501e-01,-3.106527030467987061e-02,-9.450778365135192871e-02,-1.861256659030914307e-01,-1.046433076262474060e-01,-1.816002279520034790e-01,-3.110240995883941650e-01,-7.517202943563461304e-02,-6.315767019987106323e-02,-5.128435790538787842e-02,-8.009403944015502930e-03,-2.171935290098190308e-01,-1.373570859432220459e-01,-4.553369805216789246e-02,2.381867729127407074e-02,1.670229285955429077e-01,2.862723767757415771e-01,-2.980971932411193848e-01,-2.201836109161376953e-01,-8.337511867284774780e-02,1.669560968875885010e-01,-3.446068465709686279e-01,-2.135490775108337402e-01
