0.000000000000000000e+00,4.756351113319396973e-01,3.397543430328369141e-01,-3.288155794143676758e-01,1.377756148576736450e-01,-3.609974980354309082e-01,5.112937688827514648e-01,-2.761037349700927734e-01,-1.655134558677673340e-01,-3.709096014499664307e-01,4.249180555343627930e-01,2.789323329925537109e-01,3.581466376781463623e-01,1.155361719429492950e-02,-1.273623853921890259e-02,-2.451630681753158569e-01,4.177304208278656006e-01,2.781001627445220947e-01,5.443364381790161133e-01,5.094687342643737793e-01,-8.682306110858917236e-02,-1.660322695970535278e-01,-1.535957902669906616e-01,-3.695423007011413574e-01,-5.001559853553771973e-02,-1.813917756080627441e-01,1.457830518484115601e-01,1.932217627763748169e-01,2.002481967210769653e-01,2.178787142038345337e-01,1.084819659590721130e-01,2.725884616374969482e-01,2.458541542291641235e-01,2.477774173021316528e-01,1.382809132337570190e-01,2.052409648895263672e-01,-2.124646753072738647e-01,-1.979586035013198853e-01,-2.022314816713333130e-01,1.798155531287193298e-02,-6.476876884698867798e-02,-1.350795775651931763e-01,-1.127026900649070740e-01,-5.438453331589698792e-02,1.789199858903884888e-01,4.895768314599990845e-02,5.539851635694503784e-02,3.231263160705566406e-02,1.172301620244979858e-01,-1.427288651466369629e-01,-1.426738947629928589e-01,-3.276516795158386230e-01,-1.255063265562057495e-01,-2.627631425857543945e-01,-3.127074614167213440e-02,-3.984204307198524475e-02,5.710326433181762695e-01,4.169007539749145508e-01,2.208433151245117188e-01,1.735015511512756348e-01,1.384688764810562134e-01,1.157448738813400269e-01,3.601280152797698975e-01,3.586699366569519043e-01,1.292227655649185181e-01,-8.883950114250183105e-02,2.103633433580398560e-01,2.249505370855331421e-01,4.105240702629089355e-01,4.457739591598510742e-01,-9.697948396205902100e-02,1.203782036900520325e-01,1.821701079607009888e-01,8.361157774925231934e-02,1.861113309860229492e-01,1.869762390851974487e-01,-2.158643752336502075e-01,-1.737298965454101562e-01,-5.098748020827770233e-03,9.731679223477840424e-03,8.133613318204879761e-02,4.554811492562294006e-02,4.705914482474327087e-02,-5.553922802209854126e-02,-9.128335863351821899e-03,-7.619563024491071701e-03,1.865773648023605347e-01,2.433714084327220917e-02,-1.076632812619209290e-01,1.034128963947296143e-01,-1.531542688608169556e-01,-3.113602995872497559e-01,-3.856608569622039795e-01,-3.714151680469512939e-01,-5.600098520517349243e-03,3.855070844292640686e-02,1.164406388998031616e-01,1.661547124385833740e-01,-2.381379902362823486e-02,-3.181377053260803223e-02,-3.750518709421157837e-02,5.543185025453567505e-02,1.111782342195510864e-01,7.402531057596206665e-02,6.452973000705242157e-03,-7.100862264633178711e-02,4.011541232466697693e-02,9.537614136934280396e-02,7.728627324104309082e-02,2.219088822603225708e-01,8.747068047523498535e-02,-7.694924622774124146e-02,2.734653279185295105e-02,1.784224659204483032e-01,-1.262288242578506470e-01,-1.682551205158233643e-01
4.756351113319396973e-01,0.000000000000000000e+00,3.115893006324768066e-01,-2.991119772195816040e-02,-3.368914127349853516e-01,-3.575167655944824219e-01,4.755521416664123535e-01,2.430887892842292786e-02,-5.012754201889038086e-01,-3.414515256881713867e-01,3.525317311286926270e-01,4.443705379962921143e-01,4.164986908435821533e-01,2.899028956890106201e-01,-2.476242333650588989e-01,-2.482233345508575439e-01,4.355949163436889648e-01,4.996167123317718506e-01,3.105253875255584717e-01,5.045965909957885742e-01,-2.795547246932983398e-01,-3.846398293972015381e-01,-1.959284767508506775e-02,-1.673989444971084595e-01,-4.406743049621582031e-01,-2.418239563703536987e-01,-3.549721240997314453e-01,-3.171400129795074463e-01,3.984864056110382080e-01,3.808616101741790771e-01,5.406231805682182312e-02,1.943560689687728882e-01,4.835225939750671387e-01,5.057576894760131836e-01,3.539443612098693848e-01,3.625088036060333252e-01,-4.489108324050903320e-01,-3.522063195705413818e-01,-4.501219987869262695e-01,-4.276444315910339355e-01,1.028334349393844604e-01,1.531907171010971069e-01,2.468630373477935791e-01,1.854636967182159424e-01,3.924951255321502686e-01,5.308964103460311890e-02,3.117735385894775391e-01,3.939836919307708740e-01,2.592413127422332764e-01,2.006603330373764038e-01,1.201724484562873840e-01,-2.947857975959777832e-02,-3.058017417788505554e-02,-1.653745621442794800e-01,-2.592355906963348389e-01,7.956420630216598511e-02,6.641470193862915039e-01,7.621779441833496094e-01,4.806079566478729248e-01,4.082787930965423584e-01,2.653147578239440918e-01,3.406060636043548584e-01,3.577661514282226562e-01,4.645277857780456543e-01,1.730669140815734863e-01,1.985805034637451172e-01,4.845294654369354248e-01,4.681937098503112793e-01,5.645756125450134277e-01,5.475636124610900879e-01,-3.273357450962066650e-01,-1.139859408140182495e-01,2.265283316373825073e-01,4.872416146099567413e-03,-2.934944443404674530e-02,2.006835304200649261e-02,-1.918886788189411163e-02,8.002012223005294800e-02,-3.481224477291107178e-01,-2.876455783843994141e-01,-1.471719443798065186e-01,-2.563936710357666016e-01,-1.390617489814758301e-01,1.150461882352828979e-01,-2.842262685298919678e-01,-1.707096695899963379e-01,-2.924689650535583496e-01,-1.918460428714752197e-01,-4.489544332027435303e-01,-2.794502079486846924e-01,2.530342340469360352e-01,1.656608656048774719e-02,-4.095389321446418762e-02,-9.280478209257125854e-02,2.783631160855293274e-02,-6.268117576837539673e-03,6.493213027715682983e-02,1.514362394809722900e-01,3.102207779884338379e-01,1.421332359313964844e-01,-2.869059145450592041e-01,-1.622058302164077759e-01,-1.317425817251205444e-01,-1.293733716011047363e-01,1.048866808414459229e-01,6.385844200849533081e-02,3.037521243095397949e-01,2.003477364778518677e-01,2.664126157760620117e-01,2.299161702394485474e-01,1.296750009059906006e-01,-7.506014406681060791e-02,2.030693888664245605e-01,3.218473196029663086e-01,3.229711577296257019e-02,-1.546557247638702393e-01
3.397543430328369141e-01,3.115893006324768066e-01,0.000000000000000000e+00,-2.913652360439300537e-01,1.165359467267990112e-01,-1.525582373142242432e-01,7.215759754180908203e-01,-3.029038906097412109e-01,-7.384731620550155640e-02,-2.514712810516357422e-01,3.636632859706878662e-01,2.944606542587280273e-01,4.917069971561431885e-01,1.376768201589584351e-01,1.955680996179580688e-01,1.606323570013046265e-02,2.355441749095916748e-01,2.848241329193115234e-01,4.098325669765472412e-01,4.303056597709655762e-01,-1.303660422563552856e-01,-1.280485987663269043e-01,1.122363209724426270e-01,-6.762671400792896748e-04,5.734064802527427673e-02,1.536836475133895874e-01,5.278233811259269714e-02,9.044574201107025146e-02,1.130178719758987427e-01,-3.239800035953521729e-02,4.121510982513427734e-01,5.122360587120056152e-01,3.378383815288543701e-02,8.529089391231536865e-02,7.747616618871688843e-02,1.332726329565048218e-01,-2.101288586854934692e-01,-1.492648571729660034e-01,-1.730148941278457642e-01,-8.714232593774795532e-02,2.115017920732498169e-02,-3.795802965760231018e-02,-1.707270927727222443e-02,3.129562735557556152e-02,2.077982425689697266e-01,-4.043645411729812622e-02,1.092965379357337952e-01,5.174970999360084534e-02,1.659845709800720215e-01,7.481184601783752441e-02,-1.093038618564605713e-01,-1.813638955354690552e-01,-4.285509511828422546e-02,-9.187024086713790894e-02,-4.857853427529335022e-02,3.090451098978519440e-02,3.693100512027740479e-01,2.599298655986785889e-01,9.265718609094619751e-02,5.293495580554008484e-02,-8.571254462003707886e-02,-1.364782750606536865e-01,3.245547711849212646e-01,2.139050886034965515e-02,1.986058205366134644e-01,-8.464393764734268188e-02,1.127511784434318542e-01,2.211285531520843506e-01,3.000055551528930664e-01,3.013775050640106201e-01,-9.121000021696090698e-02,3.232152387499809265e-02,8.965555578470230103e-02,-1.265870779752731323e-01,1.826043426990509033e-02,-2.832546457648277283e-02,-1.169050559401512146e-01,-7.646577060222625732e-02,-2.336741238832473755e-01,-7.570961862802505493e-02,-8.304217457771301270e-02,-4.052811488509178162e-02,2.848172560334205627e-02,-1.971784830093383789e-01,1.498523950576782227e-01,1.658208109438419342e-02,1.170275062322616577e-01,1.189122442156076431e-02,-3.516974672675132751e-02,4.740993306040763855e-02,8.924011141061782837e-02,-1.780861243605613708e-02,-1.017202064394950867e-01,-6.835219264030456543e-02,-1.381060332059860229e-01,-7.275871187448501587e-02,3.133935481309890747e-02,2.015677839517593384e-01,1.689857542514801025e-01,1.987030059099197388e-01,2.142124325037002563e-01,2.798412144184112549e-01,3.935263752937316895e-01,3.498014211654663086e-01,2.696520984172821045e-01,2.566097676753997803e-01,8.123867958784103394e-02,6.955212354660034180e-02,3.514801710844039917e-02,2.226648330688476562e-01,-1.318615227937698364e-01,1.195837855339050293e-01,2.707178890705108643e-01,3.429500758647918701e-01,5.230443179607391357e-02,3.841724991798400879e-02
-3.288155794143676758e-01,-2.991119772195816040e-02,-2.913652360439300537e-01,0.000000000000000000e+00,-3.675254881381988525e-01,3.030595481395721436e-01,-2.802437841892242432e-01,7.734149098396301270e-01,-2.292975932359695435e-01,4.113304615020751953e-01,-1.967118084430694580e-01,-9.718389064073562622e-02,-2.051173746585845947e-01,2.286099642515182495e-01,-3.730711340904235840e-01,-3.235724195837974548e-02,2.041826723143458366e-03,8.047810196876525879e-02,-1.078007370233535767e-01,-1.463104635477066040e-01,-5.364309623837471008e-02,-1.109239980578422546e-01,4.263119995594024658e-01,6.345083713531494141e-01,-2.865375280380249023e-01,-1.625116728246212006e-02,-3.185176849365234375e-01,-3.604881167411804199e-01,2.643517777323722839e-02,8.257114142179489136e-02,-2.277232706546783447e-01,-3.733650147914886475e-01,1.104423329234123230e-01,2.928226254880428314e-02,5.439251288771629333e-02,4.332122951745986938e-02,-4.579213261604309082e-02,-5.312904343008995056e-02,-7.760410010814666748e-02,-2.398725599050521851e-01,1.226022914052009583e-01,3.034610450267791748e-01,1.643281131982803345e-01,7.460479438304901123e-02,1.931827515363693237e-02,-1.244887411594390869e-01,3.340973518788814545e-03,1.251222044229507446e-01,-1.658634543418884277e-01,3.240669146180152893e-02,5.240766797214746475e-03,7.374008744955062866e-02,-5.557740479707717896e-02,-1.003279089927673340e-01,-2.397263348102569580e-01,-1.201029680669307709e-02,-8.147631585597991943e-02,-4.889235645532608032e-02,1.017585471272468567e-01,-1.360133886337280273e-01,9.112072177231311798e-03,-3.797112964093685150e-03,-1.580473780632019043e-01,-6.899867206811904907e-02,-6.319835782051086426e-02,2.121474146842956543e-01,6.322822719812393188e-02,-1.435500197112560272e-02,3.939475119113922119e-02,-1.519120484590530396e-01,-2.075349390506744385e-01,-4.159646034240722656e-01,-5.194506794214248657e-02,3.774142265319824219e-02,-1.838769912719726562e-01,-1.077207028865814209e-01,7.821586728096008301e-02,6.176923960447311401e-02,-7.840160280466079712e-02,-2.042042016983032227e-01,-1.655395925045013428e-01,-3.366249501705169678e-01,-1.645411998033523560e-01,1.216692849993705750e-01,-3.300538957118988037e-01,-3.578593730926513672e-01,-3.959929645061492920e-01,-2.180939316749572754e-01,-2.153094410896301270e-01,-3.644362092018127441e-01,2.241991311311721802e-01,1.810226589441299438e-01,3.092151880264282227e-01,1.646676510572433472e-01,5.420095846056938171e-02,-6.432985514402389526e-02,-1.027375459671020508e-01,-5.413011088967323303e-02,2.317323088645935059e-01,1.415187269449234009e-01,-3.378764688968658447e-01,-3.636153638362884521e-01,-3.928076922893524170e-01,-3.228521347045898438e-01,-9.535131044685840607e-03,1.319053582847118378e-03,1.151108816266059875e-01,-1.328673493117094040e-02,2.120887860655784607e-02,-1.722257733345031738e-01,-1.089159119874238968e-02,4.702691733837127686e-02,3.918704017996788025e-02,-5.022612586617469788e-02,4.160355031490325928e-02,9.450599551200866699e-02
1.377756148576736450e-01,-3.368914127349853516e-01,1.165359467267990112e-01,-3.675254881381988525e-01,0.000000000000000000e+00,3.014282882213592529e-01,1.670389994978904724e-02,-4.352104067802429199e-01,6.500068306922912598e-01,1.880287230014801025e-01,-7.923992234282195568e-04,-2.793012857437133789e-01,-1.498412787914276123e-01,-4.758714735507965088e-01,4.735600352287292480e-01,2.614580094814300537e-01,-2.713984251022338867e-01,-4.095874130725860596e-01,2.196548283100128174e-01,-1.062949225306510925e-01,3.868422210216522217e-01,4.156375527381896973e-01,-8.440449833869934082e-02,-1.307434290647506714e-01,7.025557756423950195e-01,4.506089389324188232e-01,7.850202322006225586e-01,7.853867411613464355e-01,-3.720229268074035645e-01,-3.762527704238891602e-01,2.859291434288024902e-01,2.592313587665557861e-01,-3.484419882297515869e-01,-4.073913991451263428e-01,-1.933130919933319092e-01,-1.967801302671432495e-01,3.213781416416168213e-01,1.672842651605606079e-01,4.441565573215484619e-01,5.158009529113769531e-01,-1.622966825962066650e-01,-3.624560832977294922e-01,-5.371496081352233887e-01,-3.566167950630187988e-01,-2.839258015155792236e-01,-7.260040938854217529e-02,-3.890678882598876953e-01,-4.611771702766418457e-01,-1.621284931898117065e-01,-4.119687974452972412e-01,-3.094540536403656006e-01,-4.407404363155364990e-01,-1.338348984718322754e-01,-1.035765707492828369e-01,1.646437644958496094e-01,-1.687241047620773315e-01,-2.287829369306564331e-01,-2.722211480140686035e-01,-3.738819062709808350e-01,-2.629859149456024170e-01,-2.508634328842163086e-01,-2.668851017951965332e-01,-1.653030216693878174e-01,-1.730015426874160767e-01,-1.816892251372337341e-02,-3.840302228927612305e-01,-3.328762948513031006e-01,-3.581612706184387207e-01,-1.806834936141967773e-01,-1.051264926791191101e-01,4.054037332534790039e-01,3.079595565795898438e-01,-6.145209819078445435e-02,-9.527199715375900269e-02,8.811415731906890869e-02,-9.043547324836254120e-03,-1.735682189464569092e-01,-2.764075100421905518e-01,3.136022090911865234e-01,3.896666765213012695e-01,2.103326469659805298e-01,3.575643897056579590e-01,2.059821337461471558e-01,-1.733402013778686523e-01,4.826963245868682861e-01,2.592072486877441406e-01,6.281185150146484375e-01,3.994157016277313232e-01,5.339929461479187012e-01,5.169946551322937012e-01,-5.758981108665466309e-01,-3.511768281459808350e-01,-4.908457398414611816e-01,-3.138907551765441895e-01,3.928919509053230286e-02,1.410663276910781860e-01,7.747906446456909180e-02,4.693108052015304565e-02,-4.351321160793304443e-01,-2.326740026473999023e-01,3.249650895595550537e-01,2.952040135860443115e-01,3.468824923038482666e-01,2.451366782188415527e-01,-1.934755891561508179e-01,-1.764980554580688477e-01,-1.650493592023849487e-01,-2.276625037193298340e-01,-2.523095011711120605e-01,-6.806887686252593994e-02,-6.731818616390228271e-02,-2.838264778256416321e-02,-2.275262027978897095e-01,-1.965595334768295288e-01,-2.393284738063812256e-01,-4.413299635052680969e-02
-3.609974980354309082e-01,-3.575167655944824219e-01,-1.525582373142242432e-01,3.030595481395721436e-01,3.014282882213592529e-01,0.000000000000000000e+00,-2.364840805530548096e-01,2.520748078823089600e-01,4.076296687126159668e-01,8.419930338859558105e-01,-1.563514620065689087e-01,-1.603482365608215332e-01,-2.498933523893356323e-01,-5.650546401739120483e-02,2.217629998922348022e-01,4.856669902801513672e-01,-4.344014227390289307e-01,-3.275046646595001221e-01,-8.547686785459518433e-02,-3.034934699535369873e-01,2.366671264171600342e-01,2.205358594655990601e-01,3.308330476284027100e-01,3.349086344242095947e-01,3.514629602432250977e-01,6.240915060043334961e-01,1.791904419660568237e-01,1.696749329566955566e-01,-1.802134662866592407e-01,-3.057327270507812500e-01,2.978562712669372559e-01,5.098533257842063904e-02,-1.997388601303100586e-01,-3.026360571384429932e-01,-1.376734524965286255e-01,-1.463948041200637817e-01,1.360969543457031250e-01,-2.995567955076694489e-02,1.699355691671371460e-01,4.875282570719718933e-02,1.024324074387550354e-01,8.668247610330581665e-02,-1.840329170227050781e-01,-1.350192278623580933e-01,-1.713212281465530396e-01,-1.029474213719367981e-01,-3.314325213432312012e-01,-2.575690448284149170e-01,-1.761053353548049927e-01,-1.090429499745368958e-01,-6.021010130643844604e-02,-1.079434752464294434e-01,-1.760948449373245239e-01,-8.731817454099655151e-02,-1.778739094734191895e-01,-2.035335302352905273e-01,-2.908324599266052246e-01,-2.116839140653610229e-01,-1.256880164146423340e-01,-2.022037506103515625e-01,-3.412127122282981873e-02,-1.580711305141448975e-01,-3.247042298316955566e-01,-2.578138411045074463e-01,-2.621139585971832275e-02,-9.516034275293350220e-02,-1.650516837835311890e-01,-3.129730224609375000e-01,-1.072213798761367798e-01,-2.233141511678695679e-01,2.481443434953689575e-01,-1.540985852479934692e-01,-5.580637603998184204e-02,-1.080367416143417358e-01,-1.732880473136901855e-01,-1.484718769788742065e-01,1.116159185767173767e-01,3.981027007102966309e-02,7.970648258924484253e-02,8.074211329221725464e-02,-6.574551574885845184e-03,-9.973583370447158813e-02,1.258980669081211090e-02,1.441922411322593689e-02,7.110171020030975342e-02,-2.075354754924774170e-01,2.159039303660392761e-02,1.328952014446258545e-01,2.665054500102996826e-01,-9.097055345773696899e-02,-1.728611439466476440e-01,-7.689281553030014038e-02,1.040108501911163330e-01,3.799592331051826477e-02,-8.420050889253616333e-02,-1.279999017715454102e-01,-1.661290228366851807e-01,-2.069752812385559082e-01,-1.606564372777938843e-01,-1.844699680805206299e-01,-7.038606703281402588e-02,-1.883591562509536743e-01,-1.332904547452926636e-01,-1.867265254259109497e-01,-4.341076686978340149e-02,-4.770245403051376343e-02,-1.573609746992588043e-02,-9.973616153001785278e-02,-1.898671388626098633e-01,-2.039855569601058960e-01,-1.411974281072616577e-01,-1.993838548660278320e-01,-1.659663915634155273e-01,-2.042302042245864868e-01,5.226641148328781128e-02,1.485906094312667847e-01
5.112937688827514648e-01,4.755521416664123535e-01,7.215759754180908203e-01,-2.802437841892242432e-01,1.670389994978904724e-02,-2.364840805530548096e-01,0.000000000000000000e+00,-2.139672487974166870e-01,-1.831227689981460571e-01,-2.914835214614868164e-01,4.221152961254119873e-01,4.632763266563415527e-01,5.411248803138732910e-01,2.806565761566162109e-01,1.167246326804161072e-01,-2.802145294845104218e-02,3.612459897994995117e-01,4.207029342651367188e-01,5.062604546546936035e-01,4.954314529895782471e-01,-1.875281482934951782e-01,-2.775217592716217041e-01,1.366113275289535522e-01,-1.770042926073074341e-01,-2.184429764747619629e-02,7.442295551300048828e-02,-6.434913724660873413e-02,-1.980308629572391510e-02,3.199775516986846924e-01,1.830082833766937256e-01,3.689725100994110107e-01,5.130453705787658691e-01,2.918951213359832764e-01,2.976722121238708496e-01,2.467469274997711182e-01,2.910410761833190918e-01,-3.586622476577758789e-01,-2.608400583267211914e-01,-3.387070596218109131e-01,-2.280482798814773560e-01,3.819779306650161743e-02,-2.998114377260208130e-02,9.532701969146728516e-02,1.026067584753036499e-01,3.337165117263793945e-01,-4.686397686600685120e-02,1.811253130435943604e-01,1.857527643442153931e-01,1.804311573505401611e-01,7.693424075841903687e-02,-7.593078166246414185e-02,-1.943006813526153564e-01,-1.387107223272323608e-01,-2.436031848192214966e-01,-1.813710778951644897e-01,4.673681408166885376e-02,4.826896488666534424e-01,4.317795932292938232e-01,2.562233805656433105e-01,1.488551348447799683e-01,5.768979713320732117e-02,6.879288703203201294e-02,4.020946621894836426e-01,3.226133882999420166e-01,2.515579164028167725e-01,6.359145045280456543e-02,2.627776563167572021e-01,3.501928746700286865e-01,3.596690595149993896e-01,3.259092569351196289e-01,-1.359929740428924561e-01,7.638429850339889526e-02,2.151246070861816406e-01,-5.237384885549545288e-02,8.316579461097717285e-02,5.141201987862586975e-02,-6.136387214064598083e-02,2.323440834879875183e-02,-2.634767889976501465e-01,-1.550875008106231689e-01,-1.335875689983367920e-01,-7.821603119373321533e-02,-5.128149315714836121e-02,-8.243160694837570190e-02,-8.269543945789337158e-02,-1.029823720455169678e-01,1.434401888400316238e-02,4.478531703352928162e-02,-2.244675755500793457e-01,-9.435592591762542725e-02,1.866533309221267700e-01,-2.044248580932617188e-02,-7.636702060699462891e-02,-8.959034830331802368e-02,-1.008523777127265930e-01,-4.579646140336990356e-02,5.195770040154457092e-02,2.149211168289184570e-01,2.680317759513854980e-01,1.702013313770294189e-01,-2.839027531445026398e-02,9.131975471973419189e-02,1.729990839958190918e-01,1.553677320480346680e-01,1.901115775108337402e-01,1.739554852247238159e-01,1.687145382165908813e-01,1.329491287469863892e-01,1.463806182146072388e-01,2.823183536529541016e-01,-9.932462126016616821e-03,5.059863999485969543e-02,3.048813641071319580e-01,4.074543118476867676e-01,8.502444624900817871e-02,-8.656196296215057373e-02
-2.761037349700927734e-01,2.430887892842292786e-02,-3.029038906097412109e-01,7.734149098396301270e-01,-4.352104067802429199e-01,2.520748078823089600e-01,-2.139672487974166870e-01,0.000000000000000000e+00,-2.627436816692352295e-01,3.733361661434173584e-01,-1.888827979564666748e-01,1.016519665718078613e-01,-1.580528020858764648e-01,4.444110095500946045e-01,-3.098612725734710693e-01,1.175603270530700684e-02,-3.720964491367340088e-02,1.406843811273574829e-01,-7.141825556755065918e-02,-7.091630250215530396e-02,-1.852225065231323242e-01,-2.350206375122070312e-01,4.026907086372375488e-01,5.076615810394287109e-01,-2.864943146705627441e-01,-3.682361543178558350e-02,-4.632682800292968750e-01,-4.879697561264038086e-01,5.859074741601943970e-02,2.430638521909713745e-01,-1.696030199527740479e-01,-3.879804015159606934e-01,1.884726434946060181e-01,1.384087502956390381e-01,2.666310407221317291e-02,1.972588151693344116e-02,-1.265154629945755005e-01,-1.725542098283767700e-01,-1.641140282154083252e-01,-3.327609300613403320e-01,1.254023909568786621e-01,2.906559407711029053e-01,1.864545494318008423e-01,8.984922617673873901e-02,3.112282417714595795e-02,-1.048444956541061401e-01,-3.659788146615028381e-02,1.108754053711891174e-01,-1.439908593893051147e-01,8.301602303981781006e-02,3.745166957378387451e-02,1.065945997834205627e-01,-8.522015064954757690e-02,-1.665372997522354126e-01,-2.837907075881958008e-01,-6.392640620470046997e-02,-8.848895668052136898e-04,2.470256388187408447e-02,2.135880738496780396e-01,-2.157225087285041809e-02,1.484677642583847046e-01,1.076874062418937683e-01,-7.235498726367950439e-02,5.233287066221237183e-02,-5.864834412932395935e-02,3.122790753841400146e-01,1.132245883345603943e-01,1.991622336208820343e-02,7.185937464237213135e-02,-1.393018811941146851e-01,-1.056068390607833862e-01,-3.984908759593963623e-01,-2.075997181236743927e-02,1.521864533424377441e-01,-1.013478040695190430e-01,-2.596081979572772980e-02,1.076884120702743530e-01,1.195914819836616516e-01,-1.238221377134323120e-01,-2.678453624248504639e-01,-1.397166252136230469e-01,-3.689655661582946777e-01,-2.365987449884414673e-01,5.738180130720138550e-02,-3.662535548210144043e-01,-4.612299501895904541e-01,-4.554696679115295410e-01,-2.611323595046997070e-01,-2.691760361194610596e-01,-4.747188687324523926e-01,3.041893839836120605e-01,2.081499695777893066e-01,4.997499585151672363e-01,2.351299524307250977e-01,-2.569319494068622589e-02,-9.786673635244369507e-02,-9.666283428668975830e-02,-1.069541573524475098e-01,2.423629462718963623e-01,1.489093750715255737e-01,-3.432630002498626709e-01,-4.055404365062713623e-01,-4.285718500614166260e-01,-3.890905082225799561e-01,-6.495256442576646805e-03,-3.581381216645240784e-02,1.107721328735351562e-01,3.591869398951530457e-02,7.896994799375534058e-02,-7.450588047504425049e-02,-6.583350896835327148e-02,-4.166790097951889038e-02,3.910603374242782593e-02,-8.379901759326457977e-03,1.810825765132904053e-01,6.682951748371124268e-02
-1.655134558677673340e-01,-5.012754201889038086e-01,-7.384731620550155640e-02,-2.292975932359695435e-01,6.500068306922912598e-01,4.076296687126159668e-01,-1.831227689981460571e-01,-2.627436816692352295e-01,0.000000000000000000e+00,2.882113754749298096e-01,-9.630485624074935913e-02,-3.007481396198272705e-01,-3.249281048774719238e-01,-4.101511240005493164e-01,4.829922020435333252e-01,2.837345600128173828e-01,-3.454026579856872559e-01,-4.279079735279083252e-01,9.056648239493370056e-03,-2.018306553363800049e-01,3.283422291278839111e-01,3.906771540641784668e-01,-6.488712877035140991e-02,7.052121311426162720e-02,7.186626195907592773e-01,4.296192228794097900e-01,5.521155595779418945e-01,5.298499464988708496e-01,-3.647830188274383545e-01,-4.390679299831390381e-01,2.068160623311996460e-01,1.245335042476654053e-01,-3.293604850769042969e-01,-3.660832941532135010e-01,-2.912538349628448486e-01,-3.017207086086273193e-01,3.242609798908233643e-01,1.233836337924003601e-01,4.070692360401153564e-01,4.503583908081054688e-01,-7.442930340766906738e-02,-2.913053631782531738e-01,-4.074376225471496582e-01,-2.179559469223022461e-01,-2.731990516185760498e-01,-1.039914507418870926e-02,-3.118956089019775391e-01,-4.130313396453857422e-01,-1.542845815420150757e-01,-3.188460469245910645e-01,-2.520055770874023438e-01,-2.986121475696563721e-01,-8.082508295774459839e-02,-5.488686636090278625e-02,1.305207312107086182e-01,-2.457214891910552979e-01,-4.456906914710998535e-01,-4.140667617321014404e-01,-4.700637459754943848e-01,-3.039286136627197266e-01,-2.493280321359634399e-01,-2.403000295162200928e-01,-2.661850452423095703e-01,-2.333047240972518921e-01,-8.369097858667373657e-02,-2.997826933860778809e-01,-4.141978323459625244e-01,-3.674485683441162109e-01,-3.916805684566497803e-01,-2.910994291305541992e-01,4.721093773841857910e-01,3.544800281524658203e-01,-1.263455152511596680e-01,-8.586261421442031860e-02,5.796486511826515198e-02,1.054022684693336487e-01,-5.768477916717529297e-02,-1.798870265483856201e-01,3.694021105766296387e-01,2.715216279029846191e-01,2.159256786108016968e-01,1.799452751874923706e-01,1.251452416181564331e-01,-1.713296324014663696e-01,3.565773367881774902e-01,6.349810957908630371e-02,5.361871719360351562e-01,3.355345726013183594e-01,5.294676423072814941e-01,3.354714512825012207e-01,-4.832219481468200684e-01,-3.874373733997344971e-01,-3.599217534065246582e-01,-2.707872092723846436e-01,-8.001223951578140259e-02,7.197214290499687195e-03,-3.306355699896812439e-02,-1.684464514255523682e-01,-4.451086521148681641e-01,-3.579435646533966064e-01,2.920928895473480225e-01,2.175844311714172363e-01,2.810656130313873291e-01,1.364276558160781860e-01,-1.028399094939231873e-01,-1.360595375299453735e-01,-2.255489528179168701e-01,-2.788858413696289062e-01,-2.263716459274291992e-01,-9.802065044641494751e-02,-1.919820904731750488e-01,-1.586727350950241089e-01,-2.430054098367691040e-01,-2.756308019161224365e-01,-1.182314753532409668e-01,1.981834881007671356e-02
-3.709096014499664307e-01,-3.414515256881713867e-01,-2.514712810516357422e-01,4.113304615020751953e-01,1.880287230014801025e-01,8.419930338859558105e-01,-2.914835214614868164e-01,3.733361661434173584e-01,2.882113754749298096e-01,0.000000000000000000e+00,-1.924058794975280762e-01,-1.399031728506088257e-01,-2.741592228412628174e-01,2.501857653260231018e-02,1.499541699886322021e-01,4.978726804256439209e-01,-4.386240541934967041e-01,-3.016567826271057129e-01,-1.072421893477439880e-01,-3.195866942405700684e-01,1.992362737655639648e-01,1.726073026657104492e-01,3.113260865211486816e-01,3.541405498981475830e-01,2.450519651174545288e-01,4.894969463348388672e-01,7.908320426940917969e-02,6.982818990945816040e-02,-1.668455004692077637e-01,-2.545141279697418213e-01,1.434020847082138062e-01,-1.143789812922477722e-01,-1.689474880695343018e-01,-2.780319452285766602e-01,-1.309098452329635620e-01,-1.408654749393463135e-01,1.087233424186706543e-01,-2.024727500975131989e-02,1.359410434961318970e-01,-1.749645918607711792e-02,1.007875874638557434e-01,1.320481300354003906e-01,-1.013406440615653992e-01,-7.995882630348205566e-02,-1.568558663129806519e-01,-9.600744396448135376e-02,-2.696302831172943115e-01,-1.742716282606124878e-01,-1.820819973945617676e-01,-8.574803173542022705e-02,-1.868378371000289917e-02,-4.754408076405525208e-02,-1.746294498443603516e-01,-8.275359123945236206e-02,-2.030841857194900513e-01,-1.833114326000213623e-01,-3.049337863922119141e-01,-2.118936926126480103e-01,-8.207965642213821411e-02,-1.703480482101440430e-01,1.045092754065990448e-02,-1.176539883017539978e-01,-2.956602871417999268e-01,-2.013851404190063477e-01,-5.352823436260223389e-02,-2.588031999766826630e-02,-1.381592005491256714e-01,-3.011882007122039795e-01,-1.288308352231979370e-01,-2.610027194023132324e-01,1.820413023233413696e-01,-2.201680541038513184e-01,-8.043094724416732788e-02,-8.293960988521575928e-02,-1.271978914737701416e-01,-1.448951363563537598e-01,1.129843443632125854e-01,7.346671074628829956e-02,1.489009987562894821e-02,2.052702568471431732e-02,-6.092375516891479492e-02,-1.014814376831054688e-01,-1.621971279382705688e-02,6.856650114059448242e-02,1.492831762880086899e-02,-2.057647854089736938e-01,-8.718236535787582397e-02,3.698280453681945801e-02,1.493860334157943726e-01,-1.696271747350692749e-01,-9.542787820100784302e-02,-1.019083056598901749e-02,1.935402750968933105e-01,1.068292334675788879e-01,-6.621447205543518066e-02,-1.413211375474929810e-01,-1.800926476716995239e-01,-2.166855037212371826e-01,-1.060536354780197144e-01,-1.692571640014648438e-01,-1.304261386394500732e-01,-2.569891810417175293e-01,-2.327608019113540649e-01,-2.522881627082824707e-01,-5.593664199113845825e-02,-5.697241052985191345e-02,-1.408175937831401825e-02,-8.303622901439666748e-02,-1.710969656705856323e-01,-2.171622067689895630e-01,-8.696196973323822021e-02,-1.646777093410491943e-01,-1.517622321844100952e-01,-1.922388970851898193e-01,6.381970643997192383e-02,1.335851103067398071e-01
4.249180555343627930e-01,3.525317311286926270e-01,3.636632859706878662e-01,-1.967118084430694580e-01,-7.923992234282195568e-04,-1.563514620065689087e-01,4.221152961254119873e-01,-1.888827979564666748e-01,-9.630485624074935913e-02,-1.924058794975280762e-01,0.000000000000000000e+00,3.803736567497253418e-01,5.449766516685485840e-01,2.034781277179718018e-01,6.037193536758422852e-02,-1.752842068672180176e-01,3.878333568572998047e-01,3.405645489692687988e-01,2.647287547588348389e-01,3.104642033576965332e-01,-1.536570787429809570e-01,-2.038847208023071289e-01,-1.141227483749389648e-01,-1.484625786542892456e-01,-2.149751037359237671e-02,-1.995469443500041962e-02,-6.271962821483612061e-02,-1.689408719539642334e-02,4.092076420783996582e-01,8.149404823780059814e-02,2.525381147861480713e-01,2.998771965503692627e-01,1.373494863510131836e-01,1.965849995613098145e-01,1.354309469461441040e-01,2.852563560009002686e-01,-3.063260018825531006e-01,-2.389397621154785156e-01,-3.374687433242797852e-01,-1.766180396080017090e-01,6.768679618835449219e-02,1.663632877171039581e-02,1.416714936494827271e-01,1.484780013561248779e-01,3.196324706077575684e-01,1.361375898122787476e-01,2.258033603429794312e-01,1.065493673086166382e-01,2.611116170883178711e-01,1.027870997786521912e-01,3.181699896231293678e-03,-1.087082698941230774e-01,-6.709975004196166992e-02,-2.034497112035751343e-01,-1.225993260741233826e-01,4.714535176753997803e-02,4.403083026409149170e-01,3.760622739791870117e-01,1.536744683980941772e-01,1.001285985112190247e-01,1.245154365897178650e-01,1.205902025103569031e-01,3.886217772960662842e-01,3.652150928974151611e-01,2.455375790596008301e-01,1.060511991381645203e-01,1.632765531539916992e-01,2.394877374172210693e-01,3.010996282100677490e-01,2.645968496799468994e-01,2.349862270057201385e-02,1.658691167831420898e-01,2.924544811248779297e-01,4.098698124289512634e-02,1.583348363637924194e-01,1.178899258375167847e-01,-2.986652590334415436e-02,9.163379669189453125e-02,-3.111716918647289276e-02,-3.976726531982421875e-02,1.113774254918098450e-01,-6.212533265352249146e-02,-5.410107225179672241e-02,-6.256362050771713257e-02,6.228367611765861511e-02,-5.653877183794975281e-02,4.124646633863449097e-02,-8.046586066484451294e-03,-4.171912744641304016e-02,-4.921256378293037415e-02,8.844591677188873291e-02,-1.774784475564956665e-01,-1.680837422609329224e-01,-2.583616673946380615e-01,-1.427538990974426270e-01,-1.453584432601928711e-01,-3.433076431974768639e-03,1.415900290012359619e-01,1.564072072505950928e-01,1.069851443171501160e-01,-8.482839912176132202e-02,-4.672935232520103455e-02,3.678210079669952393e-02,1.993371173739433289e-03,1.913972944021224976e-01,1.905247718095779419e-01,-1.879884861409664154e-02,-2.824235148727893829e-02,2.520225942134857178e-02,2.739991545677185059e-01,1.563867777585983276e-01,8.999949693679809570e-02,2.254028767347335815e-01,2.609987258911132812e-01,4.142804443836212158e-02,6.932285148650407791e-03
2.789323329925537109e-01,4.443705379962921143e-01,2.944606542587280273e-01,-9.718389064073562622e-02,-2.793012857437133789e-01,-1.603482365608215332e-01,4.632763266563415527e-01,1.016519665718078613e-01,-3.007481396198272705e-01,-1.399031728506088257e-01,3.803736567497253418e-01,0.000000000000000000e+00,5.057340264320373535e-01,6.641562581062316895e-01,1.381614953279495239e-01,1.004914864897727966e-01,3.078422844409942627e-01,5.005123615264892578e-01,2.300165593624114990e-01,3.665652573108673096e-01,-3.384310901165008545e-01,-4.163647592067718506e-01,3.521691262722015381e-02,-9.749529510736465454e-02,-1.484823971986770630e-01,-4.924043314531445503e-04,-4.164485037326812744e-01,-3.743945062160491943e-01,4.711031615734100342e-01,3.418411612510681152e-01,2.933531105518341064e-01,2.478194385766983032e-01,2.668420076370239258e-01,3.296042084693908691e-01,1.944369971752166748e-01,3.057496249675750732e-01,-4.982119500637054443e-01,-4.026972353458404541e-01,-5.065936446189880371e-01,-3.760525584220886230e-01,1.610598117113113403e-01,2.283016592264175415e-01,2.909476161003112793e-01,2.317352741956710815e-01,3.132402896881103516e-01,3.970123082399368286e-02,1.825882047414779663e-01,1.772848516702651978e-01,3.028135895729064941e-01,2.597144544124603271e-01,1.464679092168807983e-01,8.661971241235733032e-02,-1.561853438615798950e-01,-2.248721122741699219e-01,-2.220779508352279663e-01,1.939631104469299316e-01,3.644372224807739258e-01,4.258463382720947266e-01,4.173791408538818359e-01,3.204542398452758789e-01,2.067473679780960083e-01,2.947641611099243164e-01,4.390352666378021240e-01,4.616004526615142822e-01,1.655444055795669556e-01,2.668539285659790039e-01,2.881363630294799805e-01,3.824404478073120117e-01,2.906746566295623779e-01,1.795994490385055542e-01,-3.736343979835510254e-02,-2.357300557196140289e-02,2.919660508632659912e-01,2.378090657293796539e-02,1.764386147260665894e-01,1.375782638788223267e-01,6.531400233507156372e-02,2.466222196817398071e-01,-2.952046096324920654e-01,-2.725043594837188721e-01,-2.551331371068954468e-02,-1.117158010601997375e-01,-2.330918759107589722e-01,-6.641149055212736130e-03,-2.551189064979553223e-01,-3.186005353927612305e-01,-2.172156274318695068e-01,-4.130743816494941711e-02,-3.324150741100311279e-01,-3.323404788970947266e-01,4.487605988979339600e-01,3.745853900909423828e-02,2.392305433750152588e-01,-9.599456563591957092e-03,-2.974540293216705322e-01,-2.750910520553588867e-01,-1.344471722841262817e-01,1.083842813968658447e-01,3.672195076942443848e-01,2.078938633203506470e-01,-1.806849092245101929e-01,-1.217822432518005371e-01,-6.097122281789779663e-02,-2.921537868678569794e-02,3.399102091789245605e-01,3.104559779167175293e-01,1.109408587217330933e-01,1.181881427764892578e-01,1.989624202251434326e-01,3.561821281909942627e-01,-1.074483990669250488e-01,-8.884258568286895752e-02,3.450649082660675049e-01,4.198846817016601562e-01,3.666705787181854248e-01,1.531286835670471191e-01
3.581466376781463623e-01,4.164986908435821533e-01,4.917069971561431885e-01,-2.051173746585845947e-01,-1.498412787914276123e-01,-2.498933523893356323e-01,5.411248803138732910e-01,-1.580528020858764648e-01,-3.249281048774719238e-01,-2.741592228412628174e-01,5.449766516685485840e-01,5.057340264320373535e-01,0.000000000000000000e+00,4.669526517391204834e-01,1.119562610983848572e-01,-3.434861078858375549e-02,4.489352405071258545e-01,4.934664070606231689e-01,3.196485340595245361e-01,3.822506368160247803e-01,-3.134533762931823730e-01,-3.912223577499389648e-01,6.578980386257171631e-02,-1.320246458053588867e-01,-9.588114172220230103e-02,3.334951028227806091e-02,-2.492289692163467407e-01,-1.865838766098022461e-01,4.343132972717285156e-01,2.886902689933776855e-01,4.371246099472045898e-01,4.246586263179779053e-01,2.737598419189453125e-01,3.216102719306945801e-01,3.115856945514678955e-01,4.282744824886322021e-01,-5.301055908203125000e-01,-4.110215306282043457e-01,-5.642737150192260742e-01,-3.728480935096740723e-01,1.075612381100654602e-01,2.029162198305130005e-01,3.015940189361572266e-01,3.351510465145111084e-01,4.483586847782135010e-01,2.101199775934219360e-01,3.309727609157562256e-01,3.069729506969451904e-01,4.464551210403442383e-01,3.246237933635711670e-01,2.596042156219482422e-01,9.275452792644500732e-02,8.865974843502044678e-03,-1.760987341403961182e-01,-2.265356034040451050e-01,2.449136227369308472e-01,5.541933178901672363e-01,4.547280669212341309e-01,3.936369419097900391e-01,2.337443381547927856e-01,2.054061293601989746e-01,2.103601396083831787e-01,4.545964896678924561e-01,3.554295599460601807e-01,3.809715807437896729e-01,1.973364353179931641e-01,4.158456027507781982e-01,4.979713261127471924e-01,4.278475344181060791e-01,3.478204309940338135e-01,-5.301010981202125549e-02,5.842196941375732422e-02,4.381806254386901855e-01,2.485356628894805908e-01,1.996992528438568115e-01,9.124473482370376587e-02,2.169478870928287506e-02,1.543086618185043335e-01,-2.426066696643829346e-01,-1.677895188331604004e-01,3.149916231632232666e-02,-6.911811977624893188e-02,-9.520187973976135254e-02,-2.429223619401454926e-03,2.512978762388229370e-02,-1.069118231534957886e-01,-1.097012311220169067e-01,-5.848062038421630859e-02,-3.611962795257568359e-01,-2.424336969852447510e-01,3.232559561729431152e-01,-1.141341999173164368e-01,1.696706190705299377e-02,-1.237646490335464478e-01,-2.737369537353515625e-01,-1.956894695758819580e-01,-4.092175513505935669e-02,2.460566461086273193e-01,3.455432057380676270e-01,1.966173350811004639e-01,-1.819661855697631836e-01,-9.089461714029312134e-02,-1.129587367177009583e-02,-9.676113841123878956e-04,3.720847666263580322e-01,3.056451380252838135e-01,1.588909626007080078e-01,9.032034873962402344e-02,1.232411563396453857e-01,4.150340557098388672e-01,7.316854596138000488e-02,1.462068967521190643e-02,3.610866665840148926e-01,4.847692847251892090e-01,2.777615189552307129e-01,7.670356426388025284e-03
