0.000000000000000000e+00,5.755484385500019284e-01,9.388057080656289632e-02,7.868149490417900016e-02,-3.568674402597842854e-01,-4.036899252358087664e-01,3.835537664322308249e-01,2.180142610459131491e-01,-3.339469922105146593e-01,-3.902028006377208924e-01,2.279306021995099185e-01,1.962515873223612262e-01,1.898015194677286355e-01,6.206695737086426190e-02,-2.993416291899849702e-01,-4.805834122885965232e-01,7.793554105977096302e-02,1.118782340955507409e-01,5.546501516112257724e-01,4.513809386546295821e-01,-2.563025227808851669e-01,-3.351948203387415393e-01,1.333441148207453464e-01,-1.083635253642737696e-02,-1.102695982684487458e-01,-2.024907466259195654e-01,-3.690089167466132913e-01,-4.380709348974028416e-01,1.422496725601482201e-02,-1.287450577621075398e-01,2.868687938748227043e-02,1.796836710318125072e-02,1.115040794655940415e-01,1.866708435288273737e-01,-9.504293370319079337e-02,-6.696990343781956956e-02,5.891209246613617057e-02,-3.247007207491095504e-02,-1.678030805880632581e-01,-3.744673454371360011e-01,1.299354470852950583e-01,2.429761901383506797e-02,-2.248240919858009723e-01,-2.320715988590283940e-01,-2.364246856121541424e-02,-2.331773193559445040e-02,-2.485113765854010115e-01,-2.515133384908381786e-01,1.489059566210898800e-01,8.134597438638448141e-02,-9.629043778654483576e-02,-2.001787297519582454e-01,-3.139673951891097103e-01,-1.288136381031485811e-01,-3.480445546021333492e-01,-4.077608670625423315e-01,5.951106562936707700e-01,5.421535816701821275e-01,3.405606993806833405e-01,2.817391199908360067e-01,2.373951930852913617e-01,2.180041197802568831e-01,2.280110331676868107e-01,1.688020142747390442e-02,2.700045288178440014e-02,3.469021047320552248e-02,1.244500738487105546e-01,6.796483522174818874e-03,4.626505906238114751e-01,2.702872286888301501e-01,-2.553941517224405100e-01,-2.955357692314938833e-01,-1.361133388804829925e-01,-1.961983584337722020e-01,-3.645500635647189180e-02,-8.763440570403138730e-02,-2.800554662940111794e-01,-3.331569718112381562e-01,1.151745118067678229e-02,-2.214461789169616113e-01,-6.356374704246665897e-02,-1.904120315530700713e-01,1.980671245678018999e-01,-3.336859617206833217e-01,-2.150528059577861140e-01,-3.819917901334083377e-01,-2.243906446199507299e-01,-2.352974712396467272e-01,-3.709957098142687149e-01,-4.506784884038536054e-01,-3.579187550406253138e-01,-3.683949172187802601e-01,-4.255090263485092894e-01,-3.614569545366483339e-01,-1.217329106496323754e-01,-2.462996396305045799e-01,-2.513852294472354587e-01,-3.008293578787306077e-01,-2.372921003550455543e-01,-2.726946912993081784e-01,-2.904970125247155477e-01,-2.843684008909684868e-01,-1.682705981806160156e-01,-1.587842550455835777e-01,-1.119890176546928240e-01,-1.892132628643315717e-01,7.119403308636150507e-02,-6.483741927298439234e-02,1.435536675155773823e-01,-1.529609167920411850e-01,-2.916882336121957575e-01,-2.771290859109332150e-01,-2.266104774853928416e-01,-5.398715016360864510e-02,-5.016701597088980835e-02,-4.188364519337014341e-02
5.755484385500019284e-01,0.000000000000000000e+00,1.212339482117181927e-01,5.623225456233021252e-02,-4.863154923259267459e-01,-4.662290182803595640e-01,1.944713008307179247e-01,4.425346336980974793e-01,-4.888057650595581394e-01,-4.081498379862718573e-01,-4.615108634956112399e-02,3.797384918993833569e-01,-7.453946043993149584e-02,2.901839125344882198e-01,-4.401197027960263020e-01,-3.636509296896222043e-01,4.081989810596931001e-03,2.554773054018202871e-01,4.401580882431507802e-01,3.863446899585524785e-01,-2.809696606880113801e-01,-3.526366434761183388e-01,4.526650097469597095e-02,5.918756526071973154e-03,-2.977157257967816828e-01,-3.094252200627551352e-01,-4.285992458415169848e-01,-4.894683037275068260e-01,9.625686961665970431e-02,-9.220416099948364197e-03,7.219788036073598869e-02,2.825883131545861571e-01,7.172127549360474141e-02,2.696772669283488133e-01,-1.576468173003977291e-01,-5.188597696749896321e-02,1.474223776833081916e-02,2.559824681295760559e-02,-1.772127748107514000e-01,-3.253905987709928560e-01,2.220812370741886421e-01,6.389880690631107030e-02,-2.517951100691448452e-01,-2.512369762463940726e-01,-6.591444543974708803e-02,-7.261481422686015541e-02,-3.044317058530692233e-01,-3.082012368291959237e-01,9.961189525141299350e-02,7.160393014998529815e-02,-1.666811661209320616e-01,-1.138385432919235829e-01,-3.947702929016036477e-01,-5.986562426435886042e-02,-4.341860334475796113e-01,-3.834158870712776612e-01,3.417576384330286987e-01,7.512784547067140606e-01,2.888339609285353049e-01,4.350270628317359223e-01,1.000635524904924280e-02,3.749031952709179216e-01,2.766235898910947635e-02,1.644248659156286874e-01,-2.023689008068649542e-01,4.732826254702433150e-02,6.400133840615659930e-02,-8.755754255771827643e-02,4.386520726361270439e-01,1.476877227576272322e-01,-3.621155677061480005e-01,-1.222573696171485869e-01,-1.488651211152782761e-01,-1.144720971982538943e-01,-1.029055265990153345e-01,-1.291555921196617385e-01,-3.170734871297964941e-01,-3.259023317466656633e-01,-1.258508627443607475e-01,-1.448027361266655821e-01,-3.770915684963311865e-01,-2.322399668666913497e-01,5.661142972621925618e-02,-3.131079361946900175e-01,-4.312223193533702981e-01,-3.601135791351011695e-01,-2.230209284616517518e-01,-2.623635812251143284e-01,-3.822235016380060024e-01,-3.853793449655951719e-01,-4.933454753214063238e-01,-3.155894758377933429e-01,-5.478618088318251145e-01,-3.585247388052500428e-01,-3.458701667414305209e-02,-1.289033974514390835e-01,-2.527466929839133347e-01,-2.432386039573765091e-01,-2.303218785374860911e-01,-3.388468178011059817e-01,-4.025422200036207210e-01,-3.439151905438215806e-01,-2.529099495664428043e-01,-2.929890452799309153e-01,-2.142908454028258636e-01,-2.360774990744055057e-01,1.166922025357890191e-01,-8.966177398022079359e-02,1.279495836405354636e-01,-1.148476775647180037e-01,-3.147672870370398224e-01,-2.522987288522710037e-01,-2.918284977529126412e-01,-1.157334334818854553e-02,-6.035121394627021574e-02,-1.132263282849970965e-01
9.388057080656289632e-02,1.212339482117181927e-01,0.000000000000000000e+00,7.232134937483317705e-01,1.991286005118052538e-01,1.353639592516893697e-01,6.489250834865554207e-01,6.171892165759078619e-01,2.196682314670287406e-01,1.467804032063838304e-01,1.215999267297869640e-01,1.007848755492814219e-01,3.188692105648593955e-01,3.834860554443301206e-01,2.671548509805640181e-01,1.441406533642016763e-01,-3.340147753589877144e-01,-2.961354287635259985e-01,4.546055174005969035e-01,3.626828381782802313e-01,7.852841466253998592e-02,1.743188199063312183e-01,6.743722834370921015e-01,7.768087905081636491e-01,1.418084985798158670e-01,2.941045462641972419e-01,1.125163676892457082e-01,1.309327496683019842e-01,5.355441283984882506e-02,6.314407953592225675e-02,6.037838378341681134e-01,5.510407799361521919e-01,2.882435946731868870e-01,3.680367518375360358e-01,-1.153039866348915116e-01,-1.564884325032777912e-01,-2.135316762765613330e-01,-2.950168418611990861e-01,-4.765500273109151384e-03,8.966755384412204710e-02,-1.529390863638887543e-01,-1.740196940052191887e-01,-2.683783595452441939e-01,-4.823738816369578797e-01,-2.131217015136268877e-01,-3.623798431187346125e-01,-3.775087051271748817e-01,-3.052641068119893997e-01,-3.195453000733632365e-01,-3.548257604460577364e-01,-4.110922203147385767e-01,-4.337737011989714064e-01,-2.617954451195296239e-01,-1.510725400274208485e-01,-2.403146859033934990e-01,-3.657944636407518546e-01,-2.310766801516107027e-01,-9.539509574456557506e-02,-2.083788593058216454e-01,-1.304882841605034260e-01,2.561395826204769868e-02,4.645133479599266452e-02,-3.444375661216331763e-01,-3.398885571814730944e-01,-1.362878442281418301e-01,-1.355588505987680992e-01,-2.121870074104376669e-01,-2.948443239167408692e-01,5.822931618933143566e-02,-2.035221803349524516e-01,2.905158725242870110e-01,3.908892538625262092e-01,1.996965635667106650e-02,-5.133386896759493945e-02,8.769607347400087960e-02,-2.292542235514201387e-02,6.797005051926655050e-02,-6.791581781748726176e-03,-2.639230664663620995e-01,-1.531249423429113521e-01,-1.966243941359452629e-01,-4.263058010436367451e-01,-1.555505203316641209e-02,-2.202217085671750174e-01,-2.380620786309151637e-01,-2.567151942374116258e-01,1.274423828453943586e-01,-2.153821690638275943e-01,4.302306547089396888e-02,-1.267000578761614538e-01,-3.276170394340247038e-01,5.337906795582953584e-03,-2.541946297786602457e-02,2.038496537124375452e-01,2.395045604208856371e-02,-1.536913752436177560e-01,-4.968741072766130196e-01,-3.797057548847932451e-01,-4.880871249829669134e-01,-4.360886125921981105e-01,-1.477663791699939944e-01,2.306020883572335312e-01,-2.948841276287896829e-01,-5.960824973478204281e-02,-2.138263357558048139e-01,-9.114414904339959711e-02,-1.401734878243008908e-01,-2.274710614413030241e-01,8.697640431306481734e-02,-1.525422723471587805e-01,-3.906669942846796584e-01,-3.139937117571183767e-01,-4.076461206073986321e-01,-1.928605092334879645e-01,-1.654976061755979722e-01,-1.849937897583994184e-01
7.868149490417900016e-02,5.623225456233021252e-02,7.232134937483317705e-01,0.000000000000000000e+00,3.301239691347534477e-01,3.805330777108330564e-01,5.123419756269046443e-01,5.119750759373880022e-01,3.897694735889963846e-01,3.949543713476029172e-01,1.535703206574596802e-01,2.380466367283976814e-01,2.835661985421998321e-01,3.629683926793008664e-01,2.792513310762627654e-01,3.304999344543292916e-01,-3.788755219472353386e-01,-2.938214755519345522e-01,4.226401199395791175e-01,2.395156075577424548e-01,2.513522547993745082e-01,3.088749894620717584e-01,6.675077090950969350e-01,7.087520439067839240e-01,3.551428091519119312e-01,1.587203139678310393e-01,2.862136053024560423e-01,2.902365603416301454e-01,-5.976938673899942489e-02,1.643090852415795833e-01,4.645458029486901341e-01,4.506495905339414354e-01,1.770305282148089132e-01,1.029808476163977943e-01,-2.071834866449032975e-01,-1.690195899370947885e-01,-3.054440441760862268e-01,-2.269604967925142602e-01,-7.081932649761310539e-02,1.585223484285687989e-01,-2.109308764936649108e-02,-3.158490872081096135e-02,-3.102485015514929723e-01,-3.356172330690195826e-01,-2.347114214672721411e-01,-2.442830440419960225e-01,-2.711204218228235874e-01,-1.135023622717323682e-01,-2.901203486616189542e-01,-2.873751257537661696e-01,-2.472567800862612297e-01,-3.012498909004248104e-01,-7.416489853916664876e-02,-1.158923023305308136e-01,-9.404941311381809221e-02,-2.106707247566220742e-01,-1.441641644764855290e-01,-1.178484520115421486e-01,-2.163752625605811220e-01,-3.448848892007110867e-01,-3.688023683804305536e-02,-2.382490942251780930e-01,-2.703241347713033482e-01,-1.204092001860757460e-01,-2.920322811475422053e-01,-3.338464437015909447e-01,-3.089112444169987426e-01,-3.404605149496512939e-01,7.189878197892413114e-02,-1.738293452153619537e-02,4.223269398326228719e-01,4.698218190133036098e-01,-1.109253444548013168e-01,7.526784593806801205e-02,-5.916282790914780682e-02,-4.900981067751810499e-02,-2.879965652538073878e-03,-2.483465595346875943e-02,-3.353921821914560564e-01,-3.591109132097908274e-02,-8.187509946225077218e-02,-3.013851757614037785e-01,-1.477485542685313680e-01,2.716660411235969491e-02,-1.240926595771723873e-01,-7.512964980580802421e-02,1.842723481585131218e-01,-7.293211811825243973e-02,1.189646559004425702e-01,3.280400777474032359e-02,-2.471043772888151524e-01,-7.030404402359305416e-02,7.237348407624027979e-02,2.301549268937109483e-01,1.257557336063494166e-02,-1.042711679284406973e-01,-3.942552758274219249e-01,-3.524389040213047330e-01,-4.775812828359449203e-01,-4.207243842954285773e-01,5.391108340015003664e-02,3.373529135395772482e-01,-1.786306211317242043e-01,3.924745178484054936e-02,-1.762336816503006220e-01,-6.877459613254541249e-02,-1.275466805133980697e-01,-1.705420263194807051e-01,4.636031224902315007e-02,-1.006980062330848913e-01,-3.813038525087628083e-01,-3.651853676023610329e-01,-4.298560961480487053e-01,-1.798761051209385176e-01,-2.002137689328380432e-01,-2.090399947477074583e-01
-3.568674402597842854e-01,-4.863154923259267459e-01,1.991286005118052538e-01,3.301239691347534477e-01,0.000000000000000000e+00,7.459565008346936699e-01,4.427082904209767023e-02,-1.400030747687178723e-01,8.023002965169775402e-01,7.473445477747066024e-01,1.692867630568203330e-01,-7.694657727593497143e-02,2.495082566778201727e-01,6.704222427521848438e-02,7.084652462879841295e-01,6.847991000842500453e-01,-2.949089839435249383e-01,-5.012570953455632861e-01,-1.387606392860361859e-01,-1.035683217183506061e-01,4.948321357658994613e-01,6.561303289276838591e-01,3.138227509312756514e-01,3.722140131330318735e-01,5.726182193931902420e-01,5.787960217519613204e-01,7.598581715425396510e-01,7.992674999873740083e-01,-1.273358244977397247e-01,1.715350739874082486e-01,2.638935073995620217e-01,-1.357071162746877578e-02,1.768002676724500510e-01,-7.904867744603714941e-03,7.548805127497691669e-02,-5.797101313359968172e-02,-1.540853762456589338e-01,-2.592911811207095907e-01,2.174541125266687414e-01,4.014178458659176663e-01,-2.374593305530951770e-01,-2.470547796498748228e-01,-4.459711355869238475e-02,3.108153517752120301e-02,-8.333711009174607498e-02,-5.348567156907096942e-02,6.529972262581043574e-02,2.326058578208948791e-01,-2.527903768383971683e-01,-2.698987673013882316e-01,4.866919706263585221e-02,-6.642109215317869297e-02,2.631628075725471749e-01,2.185285886399004548e-02,4.377757442695758838e-01,2.616011931773828958e-01,-2.624853247776829934e-01,-5.087119397939015020e-01,-2.979891065470862688e-01,-5.703969538682547302e-01,-5.546006281284424598e-03,-4.377626927596408590e-01,-2.922746141923233121e-01,-2.308572913172545205e-01,-9.856708160411249697e-02,-3.597812753037085698e-01,-2.597799866259333790e-01,-2.034224912522396289e-01,-2.264351801249094576e-01,-6.741111137635742712e-02,6.974118760780869675e-01,4.804517027728276712e-01,1.765603799776110649e-01,1.791772484383518105e-01,7.624995542669167625e-02,1.205008528423366088e-01,3.868223764237733175e-01,3.757114611203608567e-01,-1.378091088873212022e-01,1.529671276945193392e-01,4.304118470740081470e-01,1.998437405257382782e-01,-1.580702228102287554e-01,3.108510788442918615e-01,3.685816647031021076e-01,3.541332792824825604e-01,3.354954600372663798e-01,1.338283173282192318e-01,4.008703057157314009e-01,3.209640229770218678e-01,1.479779017477637071e-01,8.921150256180798710e-02,4.125468627534450428e-01,3.033263979122998166e-01,-5.911723156274618224e-02,5.382906802964222692e-02,9.075194030373668827e-03,7.355438236937821006e-02,-1.102218224653144230e-01,4.005898608205212680e-02,2.353696925719499233e-01,4.102707157671402483e-01,-1.073225039717022947e-02,1.429426720176674714e-01,-2.090588484689650736e-02,2.316182585533092461e-02,-1.270901173498722725e-01,-1.566401118002077042e-01,-8.592687277650909103e-03,4.874054579883743687e-02,-3.910928700360110505e-02,-1.994339854754382038e-02,-2.037951730926978317e-02,-1.004243858171297021e-01,-1.208510722496818207e-01,-1.972456903903847467e-02
-4.036899252358087664e-01,-4.662290182803595640e-01,1.353639592516893697e-01,3.805330777108330564e-01,7.459565008346936699e-01,0.000000000000000000e+00,-4.670567535348495863e-02,-1.141016261420898653e-01,7.298261046543186303e-01,8.258941382138853537e-01,2.529703292330569564e-01,3.851477962130310517e-02,2.451067500560478174e-01,1.059497676355701246e-01,5.826085753466059280e-01,7.467120144536960602e-01,-1.746771790769272303e-01,-2.963885033503583233e-01,-1.614517560811830343e-01,-2.602307661999353483e-01,4.905884619849902872e-01,6.423559683584694202e-01,2.150434446807152900e-01,3.187051972275967149e-01,5.320133410052998446e-01,3.070222188434452715e-01,6.677760210080034842e-01,7.599543928851624219e-01,-1.421543246406260785e-01,2.773324153503763934e-01,1.632301352319485699e-01,1.262134373496692774e-01,1.387575761628889737e-01,-1.036016047796709805e-01,1.909246680705335361e-02,7.218352365783876901e-02,-2.928196974871211111e-01,-2.608024748976454088e-01,1.248995675332875699e-01,4.742436754602789573e-01,-1.003665687027066183e-01,-8.105936113547759780e-02,-1.878540113322243674e-02,7.242538476999528518e-02,-1.156437381433679384e-01,-8.502839359469115121e-02,1.361927053709599822e-01,2.342322211801746989e-01,-2.894886975937618345e-01,-3.093607880931469323e-01,-3.322054166089159852e-03,-1.401715459490809890e-01,3.357736377663995131e-01,6.180093259997017363e-02,3.814746089941920548e-01,2.929771893953477813e-01,-1.732461893980282996e-01,-4.311104344297228552e-01,-3.263425302661950855e-01,-5.881382654784105268e-01,-2.444405887224127688e-02,-5.171801245868767882e-01,-1.736616747452321696e-01,-8.661927136621654089e-02,-1.830382860337490258e-01,-4.471026613456443588e-01,-2.571961748730642872e-01,-1.959782096218145864e-01,-2.763568243326152141e-01,-6.241157847981394953e-03,6.686883967965165931e-01,5.617629069571973277e-01,8.816344398346953604e-02,2.931236049429621349e-01,-8.555620974279687374e-02,4.307190177651002566e-02,3.266567333282809904e-01,2.978234007811356165e-01,-1.181985034940830903e-01,3.733226324677150210e-01,4.354559772780308702e-01,8.386201446608629317e-02,-2.599746243737023899e-01,4.467178038300004261e-01,3.511545718706273744e-01,2.810125563255946313e-01,3.422283281338299732e-01,2.415727837296109126e-01,4.833494680079006844e-01,3.938036729570517647e-01,2.026332864682863499e-01,-8.396657090839839202e-03,4.269113215680163109e-01,3.543373805595486092e-01,-2.557625860959696074e-02,1.710226927546177611e-01,1.120600385382997111e-01,6.612248654054460328e-02,-7.190763543924250101e-02,-2.657139613661090027e-02,3.844939995680184963e-01,4.597722930269689257e-01,9.484121479100751650e-02,1.693704940521592595e-01,-4.159055663522701757e-02,2.425290369192534615e-02,-9.445378534467883946e-02,-8.581487067588962347e-02,-1.070969968709961778e-01,1.334916577439485830e-01,-3.088171465566298332e-02,-3.381422101232005317e-02,-6.215823645485446525e-02,-3.386862465851792504e-03,-1.564017255898733916e-01,-1.102006961922337852e-01
3.835537664322308249e-01,1.944713008307179247e-01,6.489250834865554207e-01,5.123419756269046443e-01,4.427082904209767023e-02,-4.670567535348495863e-02,0.000000000000000000e+00,5.424922506836310498e-01,7.705836628050385939e-02,-7.140205508637222087e-02,1.824700246177043406e-01,7.894376839096882426e-02,3.325218527826231951e-01,1.905346342025388551e-01,4.720308951289738791e-02,-1.066364262481362540e-01,-2.182729156215542643e-01,-2.196889131559375541e-01,5.061633009247860082e-01,3.533293491172987966e-01,-5.281297582492164994e-02,1.215438917051576495e-03,5.671696316371638291e-01,4.593697632681789655e-01,5.835655083754615752e-02,1.154984781949990741e-01,-8.297470434055503885e-02,-9.013645272791634411e-02,7.474582901331869311e-02,4.383064342951108888e-02,5.399950856470923100e-01,3.755718107062042677e-01,2.883119885289411877e-01,3.392466551219652238e-01,-1.249349313134408418e-01,-1.854410796102329284e-01,-1.858607514162773922e-01,-2.052393169418739727e-01,-9.633170002928209685e-02,-8.403378402215613829e-02,-9.499310868906123140e-02,-8.249959582261801039e-02,-2.970335639971833364e-01,-5.288987776872534630e-01,-2.571541537836168345e-01,-3.502526743117258534e-01,-3.838663735120699805e-01,-3.478379410834803731e-01,-2.412183091119713407e-01,-3.087234753062805259e-01,-3.982157868006883095e-01,-4.893001234733023175e-01,-2.806888950231129498e-01,-8.677058408891000219e-02,-3.086688928611159288e-01,-4.712363854580185474e-01,-6.146955516938616693e-02,1.762804494779276338e-02,4.350723740741570256e-02,3.970809012511347658e-02,2.334874505889626695e-01,1.838144338891941898e-01,-1.625745067864532989e-01,-3.205705784749084408e-01,-7.633272391432123494e-02,-1.025199460158801451e-01,-8.876380392081741066e-02,-2.139517775612835015e-01,1.492360663765621431e-01,-8.904299495978827694e-02,1.245779794680226538e-01,1.088604238865823887e-01,-1.137766327636224734e-01,-1.351294147003625212e-01,4.601380116219107308e-02,-2.384893134820272736e-02,-6.434790198668607908e-02,-1.260346264978353115e-01,-2.162166957555760050e-01,-2.457996136031971035e-01,-2.015098917038856963e-01,-5.138216970191203936e-01,1.861781251839506740e-02,-3.622817044072201842e-01,-3.138969605815986608e-01,-4.258615609833144577e-01,-1.909036803487949505e-02,-3.762673532738249338e-01,-5.168412507360693048e-02,-2.510650360184217833e-01,-3.242328308865632946e-01,-1.227731627508756307e-01,-1.444006746884180514e-01,4.124016679085934500e-02,1.266348098909723767e-03,-2.170038551572993912e-01,-4.983770400478076401e-01,-4.347427146554314059e-01,-4.867913306529160766e-01,-4.480739134215223074e-01,-2.219790797492986745e-01,5.311473663954743851e-02,-2.772536990880187235e-01,-1.720652597472793477e-01,-2.097927920802911683e-01,-1.686136035614780870e-01,-5.881353342590246031e-02,-1.857565929081250455e-01,1.617758175865532388e-01,-1.538757627964991159e-01,-4.060330910566313234e-01,-3.536223974652124569e-01,-3.775442989811623740e-01,-1.516070937401980956e-01,-1.342211855031832102e-01,-1.384904208497915734e-01
2.180142610459131491e-01,4.425346336980974793e-01,6.171892165759078619e-01,5.119750759373880022e-01,-1.400030747687178723e-01,-1.141016261420898653e-01,5.424922506836310498e-01,0.000000000000000000e+00,-1.195043516060960154e-01,-1.039062432906064787e-01,4.001216702539688724e-02,3.760767837019465820e-01,1.592751225639499613e-01,5.157984559865087526e-01,-1.084966051118561453e-01,-2.850702314736998366e-02,-2.599588900019491056e-01,-4.729198472658847213e-02,4.548421621499820766e-01,3.079915069125692129e-01,-1.214611581674016755e-01,-8.399772135272888518e-02,3.883110820541529340e-01,4.842943185278651974e-01,-1.477388327911507149e-01,-6.318944575322633928e-02,-2.168067690836182615e-01,-2.099399292713660936e-01,1.092777949429252909e-01,9.037632444576039481e-02,3.381375509357372744e-01,5.762588730374903490e-01,9.365822392815567610e-02,3.018244432515474474e-01,-2.444716022999624261e-01,-1.958571735329794616e-01,-1.544213264500378935e-01,-1.550661840850343642e-01,-4.007307715415042715e-02,-5.315149200137173763e-02,-6.919145182398555270e-03,-4.751992959481590034e-02,-3.281412053060174805e-01,-4.712617997578842921e-01,-2.386256634728352310e-01,-3.325763589600513881e-01,-4.382110421778491749e-01,-4.215384530123273410e-01,-2.434129905155855145e-01,-2.285731981864087825e-01,-4.562154304470690258e-01,-3.485894721610190983e-01,-4.011086371040116227e-01,-1.404040063380331826e-01,-4.072556579821676737e-01,-4.572300791354281246e-01,-1.802427955916550417e-01,1.765465447314233105e-01,-8.359604888456614868e-02,1.683376979452806677e-01,-9.140248781091271646e-03,3.203168652056940235e-01,-2.192503533550589356e-01,-1.060054636369645309e-01,-2.742195202139818266e-01,-5.128087726486744991e-02,-2.172968843988976884e-01,-2.952299287008210982e-01,1.519074013715203675e-01,-1.739008914286160890e-01,-3.469988875610088841e-02,2.340348881946968662e-01,-1.082351603384140853e-01,-9.293868916780591294e-02,-4.411616508309939427e-02,-6.769707181629298909e-02,-1.479837350540183227e-01,-1.654038743179206961e-01,-2.513182644739999638e-01,-1.601215256864872150e-01,-4.184992043640766712e-01,-4.458053379508679082e-01,-6.161047411564202214e-02,-2.444579282648041418e-01,-4.231779381824029018e-01,-3.678612642958914436e-01,-7.830512178826631864e-03,-2.962384403143228928e-01,-1.175258957949218974e-01,-2.381020015238874965e-01,-4.496980981132051025e-01,-5.055798522437755099e-02,-2.562035927905330079e-01,1.293684396688573636e-02,5.609110018415463389e-02,-1.350762232540349828e-01,-4.571494213558493502e-01,-3.254237139198778994e-01,-4.722384067963887877e-01,-4.287012110492780526e-01,-2.965946953990920565e-01,-4.761620346552446724e-03,-3.866136976322370744e-01,-2.530066718247942492e-01,-2.803595251899556606e-01,-1.570012097158119402e-01,-2.495618792683673010e-02,-1.678969009121181188e-01,6.952186488813524856e-02,-1.524821915321301624e-01,-3.895813881287187308e-01,-2.993109304942568327e-01,-4.746368737849108177e-01,-1.883673927399416581e-01,-1.398023157782260495e-01,-2.095364233377031149e-01
-3.339469922105146593e-01,-4.888057650595581394e-01,2.196682314670287406e-01,3.897694735889963846e-01,8.023002965169775402e-01,7.298261046543186303e-01,7.705836628050385939e-02,-1.195043516060960154e-01,0.000000000000000000e+00,7.625228177709745259e-01,2.449982991503836804e-01,1.395005177543450457e-02,3.411660158906627549e-01,1.366968864937490591e-01,7.078148884510172545e-01,6.761035529373559116e-01,-2.626189408703732964e-01,-4.049811294351122748e-01,-1.432374244872529068e-01,-1.428139294389252911e-01,4.947997418721952756e-01,6.468329424292597052e-01,2.871023830371682850e-01,3.898049343601008299e-01,5.988073928347391606e-01,5.346372359277662412e-01,6.960628005350423253e-01,7.326837191153739992e-01,-9.690866914755345840e-02,2.614131138361825979e-01,2.719479825940729900e-01,5.031619334058806854e-03,2.135043457100164188e-01,-3.607541213969731042e-02,8.161592170598239160e-02,-5.239946388353822204e-02,-1.743775167273015070e-01,-1.935283169432952810e-01,2.185907448919262308e-01,3.712757942350506934e-01,-1.210656656980069745e-01,-1.124510389124006166e-01,-3.757826476522389825e-02,4.347254044556654595e-02,-7.287288810940412143e-02,-5.882905457107079523e-03,1.014208369605367754e-01,1.984273069033433146e-01,-2.408837992729955524e-01,-2.486134390132550276e-01,-3.783557913005956754e-03,-8.046428467963574749e-02,2.621376651347769871e-01,1.541995376016211741e-02,4.070509389044021376e-01,2.468868084179407230e-01,-1.941357487104934942e-01,-4.970705987524437486e-01,-3.336300031121512966e-01,-6.231276637252373130e-01,5.433594115579867823e-02,-4.451556111918976155e-01,-2.287194663750978518e-01,-1.401069260751134360e-01,-6.288228434232366604e-02,-3.254832391981621886e-01,-2.784999717480443060e-01,-1.840784418544026413e-01,-2.697455432202305881e-01,2.433778501052946339e-02,7.096105281294693423e-01,5.270871205818939975e-01,1.857812382513940319e-01,2.337903782031812427e-01,6.692832567649047160e-02,1.702574506801322329e-01,3.563545721638436414e-01,3.804990049951190723e-01,-2.110971397476835432e-01,1.174270087671659551e-01,4.037834703019476112e-01,1.774948082016369888e-01,-1.312691707311073042e-01,3.075573118652733529e-01,2.905824564277008082e-01,2.881192711372238535e-01,3.773025178428724979e-01,1.766037932296571633e-01,4.084121962844031728e-01,2.682739708792493682e-01,1.832633763171520602e-01,1.477413153000896040e-01,4.385842776878009497e-01,3.646019702801766571e-01,-4.498845290605871933e-02,7.582169859455548111e-02,2.886745701407471623e-02,5.507927927021000203e-02,-1.030487028191354321e-01,7.216845180947514815e-02,2.902994023681125246e-01,4.576284468656723337e-01,3.875490227310452590e-02,1.799765343090663494e-01,-2.817548185258740567e-02,4.380777450900170955e-02,-9.270867594199834472e-02,-1.314654789400678259e-01,-8.773093770412181136e-03,8.164293450118030593e-02,-5.475492097051869872e-02,-1.978974498310737129e-02,-4.924952144174807311e-03,-9.141200445903041594e-02,-1.288319733303465997e-01,-2.430667075167355570e-02
-3.902028006377208924e-01,-4.081498379862718573e-01,1.467804032063838304e-01,3.949543713476029172e-01,7.473445477747066024e-01,8.258941382138853537e-01,-7.140205508637222087e-02,-1.039062432906064787e-01,7.625228177709745259e-01,0.000000000000000000e+00,1.396340034889257953e-01,4.146450998011332045e-02,1.567797495743217251e-01,1.380767020461752537e-01,5.744822245777754244e-01,7.964120918280896966e-01,-2.249555459002591518e-01,-3.506322297013890754e-01,-1.864849731798800259e-01,-2.402460301515127461e-01,5.072500848702584664e-01,6.605085135652077888e-01,2.516653653406623059e-01,3.603223487076381293e-01,6.170517642837449745e-01,3.578103476079756984e-01,7.314440943205738899e-01,7.913834636971143199e-01,-1.836811454640043806e-01,1.904682989223639711e-01,1.315485605311811079e-01,9.329957580524868288e-02,8.791362990190107474e-02,-1.813247196185345245e-01,2.092594215355023449e-02,5.019840058593613014e-02,-2.380327242178743863e-01,-2.048934316123210142e-01,1.398961189834402041e-01,4.578930359668312300e-01,-2.210134452854854020e-02,-3.733863720703200356e-02,-2.928619159223501064e-02,9.735929106525373355e-02,-1.409225107575374780e-01,-7.257147572759166387e-02,1.105703380625453480e-01,2.854975909311638360e-01,-2.745694473929042312e-01,-2.626795573665483552e-01,8.689366400489724473e-02,-3.986389218526958933e-02,3.121102982378354262e-01,5.944179803723485117e-02,4.001106357321976836e-01,3.481724687394394668e-01,-1.633294176378605467e-01,-4.009196242109837605e-01,-3.172675085184656352e-01,-6.290784569023667450e-01,-1.854486947600761035e-02,-5.843185689795536986e-01,-1.882411183378173702e-01,-3.622664771313625909e-02,-1.651838218317466800e-01,-4.469610732946798781e-01,-2.866076355339933213e-01,-2.664664842900796859e-01,-2.177599123680583892e-01,-1.484739437446581239e-02,6.624383200961980744e-01,6.206784801119322736e-01,1.038995929102360383e-01,2.342098140127129025e-01,-5.468075792697774801e-02,-2.562532383287143348e-02,2.981253308422027182e-01,3.013858097118877200e-01,-1.759096697883585914e-01,3.302404152877657095e-01,3.874135944605497928e-01,1.437424170948280178e-01,-2.446460231453640444e-01,4.650847102723132398e-01,3.770527029947260411e-01,4.144661129835441327e-01,3.933456066385748184e-01,3.111550442653447379e-01,4.405662198728118595e-01,4.849426949445876933e-01,1.864792678634856204e-01,1.153780732409936775e-02,4.019433461436984767e-01,3.547747077824027206e-01,-7.763271438290892702e-03,1.587646967315591018e-01,9.130665793694063559e-02,5.632545142242020159e-02,-5.501233123166415079e-02,-5.148862807371300254e-02,3.557242281448314003e-01,4.437146661575157025e-01,7.781604383866584651e-02,1.258490178477399413e-01,-3.897047397990583556e-02,-1.765585776553401515e-03,-1.272510285410034803e-01,-7.225739899376272535e-02,-5.581507872072413029e-02,1.132502400560667366e-01,-2.812920843377473071e-02,-3.655430401414581226e-02,-5.690938905789818397e-02,1.508682602359006329e-03,-1.203215054625211416e-01,-1.492289532139205177e-01
2.279306021995099185e-01,-4.615108634956112399e-02,1.215999267297869640e-01,1.535703206574596802e-01,1.692867630568203330e-01,2.529703292330569564e-01,1.824700246177043406e-01,4.001216702539688724e-02,2.449982991503836804e-01,1.396340034889257953e-01,0.000000000000000000e+00,2.806944618834558147e-01,6.322207639136566693e-01,2.798948315582984736e-01,3.372411598751735018e-01,1.764959260476311742e-01,2.498696798253678408e-01,9.060500255522871416e-02,1.581790192073394830e-01,-3.104033507870963132e-03,1.281144251559052649e-01,7.950418012330860706e-02,1.285475529963850394e-01,2.152595574037079462e-01,9.481701198510568418e-02,3.331867015031370061e-02,4.344061803427799046e-02,1.064818278915323213e-01,1.153667960079953619e-01,2.403256811682033811e-01,2.379441685704910825e-01,1.858449933512494878e-01,4.207411793271861877e-01,2.412344415375166917e-01,7.818023373843689672e-02,1.667214166426383704e-01,-8.019997434882454590e-02,-6.928095642309688162e-02,3.854252402264099486e-03,8.264837326402074691e-02,1.831892627727079240e-02,6.703030932082877646e-02,-1.659988327369716077e-01,-2.145894463441872235e-01,-1.358406617281500972e-01,-9.399144972176318169e-02,-6.686531974657995703e-03,-2.010050471491514334e-01,-1.187149489144795483e-01,-1.809407100111369293e-01,-1.926469673179120046e-01,-3.488950939217554947e-01,5.384866357042224910e-02,1.303913204930332720e-02,-4.115206115126691239e-02,-1.744313010688381682e-01,3.242599145073040701e-01,-2.224767531224564054e-02,-6.041989870980820493e-02,-1.084068822326721554e-01,3.627170063906742792e-01,4.733337764170839762e-02,3.004835192869433902e-01,3.277396864851571390e-02,8.781533767119464873e-02,-1.137224814349561131e-01,-4.425780430764929968e-02,2.489950932421949176e-02,-2.969307574927311857e-02,2.301519791432855844e-01,2.741008067069709564e-01,2.088387076843675194e-01,6.992955591622306011e-02,1.945066215200744186e-01,-5.855264317693213705e-02,2.121844924451380676e-01,1.760597457333726301e-01,5.696709979327851253e-02,1.107790247425172458e-01,1.645114106223553030e-01,3.302251598629545870e-01,-1.224170003205167778e-01,2.545301238344049866e-01,-5.830002355265946797e-03,8.280206667413080035e-02,-2.869812873864512337e-01,2.416538852740183485e-01,9.873111528426645189e-02,1.489092373346363185e-01,-2.344336461741460265e-01,1.919861156626587271e-03,-1.657188194203641218e-01,6.473606182041617696e-02,6.487927003694271555e-02,-1.602548068759341304e-01,-1.500086416616707059e-02,-5.843420834103928846e-02,-1.673590997445082440e-01,-2.348203048516657454e-01,-1.637829497013915114e-01,5.591525686662492112e-02,1.182214166868573585e-01,-1.293265482540956468e-01,-4.622587646600426897e-02,-2.318451556967949245e-01,-1.399083420581646031e-01,-1.460677836377326407e-02,-1.217240146879020185e-01,-3.803807076877198379e-02,8.066451689802453529e-02,-2.112149194882847747e-01,-1.182653099105029637e-01,-8.077057065691820026e-02,-9.221683740820647845e-02,-3.017887360931406082e-01,-1.683401094498044800e-02
1.962515873223612262e-01,3.797384918993833569e-01,1.007848755492814219e-01,2.380466367283976814e-01,-7.694657727593497143e-02,3.851477962130310517e-02,7.894376839096882426e-02,3.760767837019465820e-01,1.395005177543450457e-02,4.146450998011332045e-02,2.806944618834558147e-01,0.000000000000000000e+00,2.294465413398698028e-01,6.543034959591434996e-01,-3.948347479668815746e-02,1.426845342169177078e-01,-8.300303796826825203e-03,1.954783710579024725e-01,2.286816866136816839e-01,1.813376418663460721e-01,-8.813534172678492637e-03,2.493022249541625504e-02,8.230950812742866829e-02,1.291377704158817863e-01,-8.469221840368043250e-03,-1.519949248451642476e-01,-1.330994334114127819e-01,-1.138722175435791656e-01,1.315425644260726223e-01,3.148136304132538865e-01,1.126376252022129459e-01,3.107172224863523069e-01,2.779654871380230485e-01,2.577514810353427333e-01,-2.155377364053150946e-01,-1.219970534683345077e-02,-1.249771653255251080e-01,6.456732213912276530e-02,-1.628387169224742026e-01,-5.591213217578431399e-02,1.541691777519925699e-01,1.440393324949346687e-01,-2.081795072495070120e-01,-1.689586970426895374e-01,-1.676201525468506148e-01,-6.717405989372206288e-02,-9.268782583823281795e-02,-2.310702352932156589e-01,-8.720780499443767098e-02,-4.317736867579149117e-03,-1.180255389430898416e-01,-2.444552461458369269e-02,-4.735205745262528049e-02,4.348032834282900688e-02,-1.577426584434891976e-01,-9.628572302340329681e-02,1.533825399558464142e-01,2.291579755584101930e-01,-3.916263005441172201e-02,-5.908881915967589479e-03,4.143517145209982960e-02,1.259495226261082568e-01,1.269292817794626660e-01,3.840907279195553969e-01,-2.803147249699400878e-01,-9.162146435537193989e-02,-1.304419942617566497e-01,-7.629529594011859317e-02,1.278683711856438143e-01,2.057339838336578741e-01,4.571602784478775994e-02,2.725613774404437306e-01,3.770319028193488270e-02,2.901917684908904560e-01,-5.403921874030735012e-02,6.376179025085784713e-02,1.368635836715679545e-02,4.255757364757843664e-02,-1.285109057750985773e-01,7.039334356478117727e-02,-9.202068386151958379e-02,-6.398715684256267230e-03,-3.605671925314327814e-02,7.323118618741974312e-03,-1.984991570935687177e-01,-1.361301528040672892e-01,2.562383434397255341e-02,3.900717192458788563e-02,-8.630448705882740046e-02,-2.211916599431995312e-01,-1.857818260893648599e-01,-1.416888456687357967e-01,-1.546354602371966813e-01,-1.243463137678356423e-01,4.414683852698542826e-02,4.520039855263506545e-02,-1.153521464033063354e-01,-8.983819612452717540e-02,-2.118841804252479533e-01,-1.328448363692087963e-01,-6.789319970053145359e-02,-2.439116709336888039e-02,-2.034155848199244443e-01,-1.148063538140946527e-01,-1.988937569591950616e-01,-1.876082158593753157e-01,4.133396064924117763e-02,-1.898874872705243466e-01,6.902671455946308987e-02,6.114004076084553901e-02,-1.587587466131344660e-01,-1.430943716927240983e-01,-1.659645945316897409e-01,-1.125493392891188382e-01,-2.144274928842798689e-01,-1.182703923419869962e-01
1.898015194677286355e-01,-7.453946043993149584e-02,3.188692105648593955e-01,2.835661985421998321e-01,2.495082566778201727e-01,2.451067500560478174e-01,3.325218527826231951e-01,1.592751225639499613e-01,3.411660158906627549e-01,1.567797495743217251e-01,6.322207639136566693e-01,2.294465413398698028e-01,0.000000000000000000e+00,4.269606079937259269e-01,5.195764249256068501e-01,1.782686891708349097e-01,6.193925520097581620e-03,-9.251412171288884989e-02,2.008745311021876701e-01,1.146794374924109960e-01,1.575133445849153657e-01,1.775889679352870565e-01,3.383385684934899218e-01,3.943877034120135683e-01,1.005623084504386616e-01,1.803675630140797181e-01,5.826470104203716055e-02,1.283901505574017166e-01,-1.023990682180535468e-02,3.388974630164010571e-01,3.322086277234045371e-01,2.230099596595631617e-01,4.279568966562788401e-01,3.199063051124342305e-01,1.908999607141348420e-02,-1.445425718140498465e-02,-1.382688495683197516e-01,-1.186687935835105678e-01,3.712181151816715957e-02,2.092650144013219471e-01,-1.866714628799189535e-01,-3.259241258332667718e-03,-1.053539873794579473e-01,-3.097558146968066861e-01,-1.575675760325443708e-01,-2.418553566913471953e-01,-1.262534667245438225e-01,-2.991610941078844954e-01,-2.765793545330476610e-01,-3.809023618196015759e-01,-4.068290463185684214e-01,-4.813803696095204643e-01,-1.202494858888626325e-02,-9.216696322830986166e-02,-2.624117501990212015e-02,-2.235886334342062354e-01,1.771203794291519029e-01,-9.331670147948760430e-02,-2.744508172286687642e-01,-2.486879975338443793e-01,1.152157886223828392e-01,1.763155689928875506e-03,-1.601579401368719013e-02,-1.923262334367507598e-01,-3.262942415580370736e-02,-1.589994968299171529e-01,-2.525186220906012191e-01,-1.370679347744118703e-01,-6.998387537601634401e-02,1.439996560969691863e-01,3.598852134614572429e-01,1.973103457735300992e-01,7.958962113865114540e-02,2.645313693813635680e-01,7.583280080954067637e-02,3.904635864302968828e-01,2.563957634692357601e-01,1.863780618361679797e-01,-6.943379647917514996e-02,7.892439486362420181e-03,2.681585013399404582e-01,-1.976953827686504239e-01,2.648535957928639939e-01,-1.217550145265805933e-01,2.275770557651729531e-02,-3.197385834192133514e-01,3.381965344731962531e-01,1.202482683724911440e-02,2.141514229254933288e-01,-2.228823367861814952e-01,-4.657633770790879646e-02,-2.922004035521567553e-02,1.372785810416689567e-01,1.183777127974077192e-01,-9.836235763817885447e-02,-7.781856069747873639e-02,-1.545247711682484482e-01,-1.231699918699359769e-01,-2.419637045660054664e-01,-9.393418134900517746e-02,2.774381101231479171e-02,2.093735212204120011e-01,-1.565254865849224908e-01,-5.566407362693440164e-03,-1.953761521218591590e-01,-1.184152812134688093e-01,-2.579535600788767855e-02,-1.603707206985420242e-01,1.237229050720206093e-02,-3.183615613330927768e-02,-1.822168686308355545e-01,-6.358072902126794823e-02,-1.483896133198897294e-01,-1.513836262099843011e-01,-2.181447208303757268e-01,-1.882253135870495114e-02
