0.000000000000000000e+00,4.449346959590911865e-01,4.294881820678710938e-01,2.398410737514495850e-01,3.150958567857742310e-02,5.665048584342002869e-02,4.233667850494384766e-01,3.016738295555114746e-01,6.023747473955154419e-02,1.657561957836151123e-01,2.126591801643371582e-01,-1.664708182215690613e-02,2.307897061109542847e-01,1.701805740594863892e-01,2.149764448404312134e-02,1.503278911113739014e-01,-1.548471897840499878e-01,-2.113838195800781250e-01,4.445308446884155273e-01,5.350550413131713867e-01,-2.669552862644195557e-01,-5.496855825185775757e-02,2.344691306352615356e-01,2.767591476440429688e-01,-1.441260725259780884e-01,-3.188284114003181458e-02,1.031543463468551636e-01,-2.438462525606155396e-02,-1.134825497865676880e-01,-1.004456728696823120e-01,-1.410659104585647583e-01,1.023346707224845886e-01,3.001649379730224609e-01,3.300555050373077393e-01,1.396786123514175415e-01,-1.124823838472366333e-01,-2.242487072944641113e-01,-2.320406883955001831e-01,-3.024899065494537354e-01,-4.586756601929664612e-02,-1.564787626266479492e-01,-1.197807118296623230e-01,-4.679639339447021484e-01,-1.476083546876907349e-01,-1.681013554334640503e-01,-2.111425419570878148e-04,-3.340134024620056152e-01,-2.887994349002838135e-01,-8.058957010507583618e-02,8.958492428064346313e-03,-3.975634649395942688e-02,-1.032822057604789734e-01,-2.880233824253082275e-01,-2.459975481033325195e-01,-3.720206618309020996e-01,-3.703407347202301025e-01,3.659009337425231934e-01,3.667095005512237549e-01,3.560111522674560547e-01,3.618160486221313477e-01,4.744818210601806641e-01,3.197773098945617676e-01,1.076804921030998230e-01,4.723950475454330444e-02,8.943645656108856201e-02,1.205667927861213684e-01,1.908946782350540161e-01,1.136422008275985718e-01,2.735334932804107666e-01,1.709261685609817505e-01,1.798446327447891235e-01,2.108435183763504028e-01,8.183309435844421387e-02,1.883724778890609741e-01,2.166994474828243256e-02,4.886147752404212952e-02,1.073554437607526779e-02,4.430203139781951904e-02,-2.736993730068206787e-01,-8.876664191484451294e-02,-1.795335263013839722e-01,-1.997022777795791626e-01,-1.401584595441818237e-01,-2.237157225608825684e-01,-6.267524510622024536e-02,-1.204475611448287964e-01,-1.086581125855445862e-02,1.360459923744201660e-01,-1.203977987170219421e-01,1.996983960270881653e-02,-1.984999049454927444e-03,-1.204872950911521912e-01,-1.308221668004989624e-01,-1.651339232921600342e-01,-1.685841232538223267e-01,-3.741631805896759033e-01,-3.042448163032531738e-01,-2.838475108146667480e-01,-1.330894529819488525e-01,-1.708475649356842041e-01,-9.506696462631225586e-02,2.834307402372360229e-02,-2.054659724235534668e-01,-9.794320166110992432e-02,-2.262713462114334106e-01,-1.435416489839553833e-01,-4.682463034987449646e-02,-4.228411242365837097e-02,-2.678115963935852051e-01,-1.958457976579666138e-01,-1.470111459493637085e-01,-1.977616995573043823e-01,-1.310067474842071533e-01,-1.211917698383331299e-01,3.739178925752639771e-02,-4.758636653423309326e-02
4.449346959590911865e-01,0.000000000000000000e+00,9.726618230342864990e-02,9.275264292955398560e-02,3.543436899781227112e-02,5.630370974540710449e-02,1.196846142411231995e-01,9.086272120475769043e-02,-3.671878203749656677e-02,2.827206626534461975e-02,1.818208247423171997e-01,1.562923341989517212e-01,9.630440734326839447e-03,3.218433633446693420e-02,-6.357773393392562866e-02,-4.379103705286979675e-02,8.184075355529785156e-02,6.362301111221313477e-02,5.516998767852783203e-01,5.738434791564941406e-01,-3.098503649234771729e-01,-1.068408936262130737e-01,2.012827247381210327e-02,1.074640303850173950e-01,-1.668788045644760132e-01,-1.831626445055007935e-01,1.126895397901535034e-01,2.684794133529067039e-03,7.950741797685623169e-03,-6.275800615549087524e-02,-1.964497119188308716e-01,-1.249627470970153809e-01,2.074812054634094238e-01,2.000586390495300293e-01,-1.731969765387475491e-03,-2.098273783922195435e-01,-3.057010471820831299e-01,-1.887298226356506348e-01,-2.152576446533203125e-01,-9.693422168493270874e-02,-1.528725177049636841e-01,-9.777157008647918701e-02,-3.308123350143432617e-01,-1.013963818550109863e-01,-1.206849366426467896e-01,1.096794232726097107e-01,-1.841031014919281006e-01,-2.104803621768951416e-01,9.093242883682250977e-02,9.708729386329650879e-02,-1.838789582252502441e-01,-2.009569406509399414e-01,-1.430630534887313843e-01,-2.085812538862228394e-01,-8.839728683233261108e-02,-1.490021795034408569e-01,5.296334624290466309e-01,6.319401264190673828e-01,2.088156640529632568e-01,3.380489349365234375e-01,2.873142063617706299e-01,1.013240963220596313e-01,2.845570147037506104e-01,2.380101233720779419e-01,-2.234611101448535919e-02,-3.887053951621055603e-02,-1.118058990687131882e-02,-8.054567873477935791e-02,3.322393000125885010e-01,2.371944189071655273e-01,3.954887017607688904e-02,3.811718523502349854e-02,1.286653727293014526e-01,1.426176726818084717e-01,8.493954688310623169e-02,1.966741532087326050e-01,1.024428531527519226e-01,1.101260110735893250e-01,-8.556225150823593140e-02,-2.130527980625629425e-02,9.494014084339141846e-03,-1.091014519333839417e-01,-1.110473275184631348e-01,-2.057544291019439697e-01,-8.112645149230957031e-02,-2.137452214956283569e-01,6.566724181175231934e-02,7.736921310424804688e-02,1.044178009033203125e-01,4.858836531639099121e-03,-2.807633485645055771e-03,-2.342465817928314209e-01,-7.135718315839767456e-02,-2.269161641597747803e-01,-1.286448985338211060e-01,-2.282846421003341675e-01,-1.326130330562591553e-01,-1.332916170358657837e-01,1.849427670240402222e-01,4.610822722315788269e-02,2.442193627357482910e-01,1.727600693702697754e-01,9.732519090175628662e-02,1.367629021406173706e-01,7.400069385766983032e-03,-1.188669875264167786e-01,-2.913990803062915802e-02,1.101878881454467773e-01,-1.823936104774475098e-01,-1.816389560699462891e-01,1.795547828078269958e-02,-1.200178172439336777e-02,1.093771234154701233e-01,-5.041819065809249878e-02,-1.834033243358135223e-02,8.509416133165359497e-03
4.294881820678710938e-01,9.726618230342864990e-02,0.000000000000000000e+00,3.654376268386840820e-01,1.928807981312274933e-02,-2.001590840518474579e-02,6.639794111251831055e-01,3.256939947605133057e-01,-5.595338344573974609e-02,2.332145348191261292e-02,1.059551257640123367e-02,-1.361862421035766602e-01,2.060760110616683960e-01,5.063300579786300659e-02,-4.051958397030830383e-02,3.187016770243644714e-02,-1.737068742513656616e-01,-2.493728995323181152e-01,3.065254986286163330e-01,3.110740184783935547e-01,-2.085436731576919556e-01,-9.916796535253524780e-02,5.003590583801269531e-01,4.429709911346435547e-01,3.036116249859333038e-02,-1.699809543788433075e-02,1.324527710676193237e-02,-4.498262703418731689e-02,-1.764698773622512817e-01,-1.432038396596908569e-01,-4.693299066275358200e-03,3.048678934574127197e-01,2.263411879539489746e-01,2.175909727811813354e-01,2.473678588867187500e-01,-8.012531325221061707e-03,-2.015727311372756958e-01,-3.172334730625152588e-01,-2.455768436193466187e-01,-9.520321036688983440e-04,-1.644330769777297974e-01,-2.148507833480834961e-01,-2.558318972587585449e-01,-1.468709558248519897e-01,-3.573731333017349243e-02,8.663924410939216614e-03,-2.889315783977508545e-01,-1.804317384958267212e-01,-1.092002615332603455e-01,-1.490906476974487305e-01,-8.534549735486507416e-03,-6.878524273633956909e-02,-3.206279873847961426e-01,-1.263068318367004395e-01,-3.222238123416900635e-01,-3.581541180610656738e-01,2.544493414461612701e-02,1.159223094582557678e-01,1.210058927536010742e-01,-7.052656263113021851e-03,2.681788206100463867e-01,2.036949694156646729e-01,-1.365803629159927368e-01,-1.951102167367935181e-01,3.460083007812500000e-01,2.033376395702362061e-01,4.122387170791625977e-01,2.100257873535156250e-01,6.921985000371932983e-02,-3.635480254888534546e-02,6.967528164386749268e-02,2.305993884801864624e-01,8.580715954303741455e-02,1.271320879459381104e-01,6.812710314989089966e-02,-1.497088279575109482e-02,6.390994787216186523e-02,5.423021316528320312e-02,-2.574185431003570557e-01,-1.302379369735717773e-01,-3.352880477905273438e-01,-3.344395160675048828e-01,-2.469385713338851929e-01,-1.943376213312149048e-01,5.291254445910453796e-02,-3.969937935471534729e-02,-5.971430614590644836e-02,7.036998122930526733e-02,-3.917696699500083923e-02,8.336840569972991943e-02,-6.761950999498367310e-02,7.364009320735931396e-02,-1.573600471019744873e-01,2.535840310156345367e-02,-2.081417888402938843e-01,-2.766834795475006104e-01,-3.482333719730377197e-01,-3.520725965499877930e-01,-2.231088131666183472e-01,-2.438048720359802246e-01,-3.101144134998321533e-01,-1.923282146453857422e-01,-3.635790646076202393e-01,-2.837918400764465332e-01,-3.065640926361083984e-01,-8.084230124950408936e-02,2.496409416198730469e-02,-1.846616417169570923e-01,-1.571582406759262085e-01,-1.525966823101043701e-01,-2.085613608360290527e-01,-1.935582011938095093e-01,-2.271206974983215332e-01,-2.575722336769104004e-01,-9.781361557543277740e-03,-2.300222404301166534e-02
2.398410737514495850e-01,9.275264292955398560e-02,3.654376268386840820e-01,0.000000000000000000e+00,-1.028530001640319824e-01,-6.835699826478958130e-02,3.711088299751281738e-01,5.761122703552246094e-01,-3.039371371269226074e-01,-2.067882940173149109e-02,-2.282988876104354858e-01,-1.123345047235488892e-01,-2.170855998992919922e-01,2.623586449772119522e-03,-1.579347401857376099e-01,-5.267117917537689209e-02,-2.880196571350097656e-01,-3.984343707561492920e-01,1.368162930011749268e-01,1.078903824090957642e-01,-1.903949826955795288e-01,-2.347969710826873779e-01,1.860498189926147461e-01,4.358532726764678955e-01,-1.143598258495330811e-01,-4.387345165014266968e-02,9.083496779203414917e-02,4.101260006427764893e-02,-3.046159446239471436e-01,-3.461923301219940186e-01,-2.101084887981414795e-01,7.080568373203277588e-02,-4.305591061711311340e-02,1.325235888361930847e-02,9.603679180145263672e-02,8.324151486158370972e-02,-8.648771792650222778e-02,-1.582859456539154053e-01,-7.708228379487991333e-02,-4.091618955135345459e-02,-1.563087999820709229e-01,-9.682425856590270996e-02,-1.521915942430496216e-01,-1.576958149671554565e-01,-1.904233396053314209e-01,3.429426625370979309e-02,-2.484360188245773315e-01,-4.830392822623252869e-02,-1.652526408433914185e-01,-1.163148954510688782e-01,-7.714739441871643066e-02,4.325466975569725037e-02,-4.122119843959808350e-01,-1.760648488998413086e-01,-3.434069156646728516e-01,-4.523090422153472900e-01,-1.392954736948013306e-01,-9.740693494677543640e-03,1.918302923440933228e-01,2.829476892948150635e-01,2.637480199337005615e-02,3.180434107780456543e-01,-2.465377897024154663e-01,-1.635687351226806641e-01,3.133599162101745605e-01,4.958887696266174316e-01,4.257519543170928955e-01,6.215403676033020020e-01,1.230116039514541626e-01,-8.203932084143161774e-03,1.795969754457473755e-01,1.629609912633895874e-01,-1.202284451574087143e-02,-7.247026264667510986e-02,-1.935924403369426727e-02,2.361692860722541809e-02,-1.459156125783920288e-01,6.283179670572280884e-02,-2.279159575700759888e-01,-3.079922199249267578e-01,-2.797258496284484863e-01,-3.155513703823089600e-01,-3.022358417510986328e-01,-1.976750046014785767e-01,-6.470886617898941040e-02,1.288557052612304688e-01,-2.212359160184860229e-01,5.455549806356430054e-02,-8.826392889022827148e-02,5.509852617979049683e-02,8.812569826841354370e-02,1.354629397392272949e-01,1.941250264644622803e-01,1.084152329713106155e-02,-1.221353262662887573e-01,-1.262542158365249634e-01,-1.738940775394439697e-01,-1.036264896392822266e-01,-2.799752950668334961e-01,-2.375831156969070435e-01,-2.241338789463043213e-01,-9.030849486589431763e-02,-2.104465812444686890e-01,-1.186713501811027527e-01,-3.893628716468811035e-02,4.231891036033630371e-02,2.356771379709243774e-01,-1.120652407407760620e-01,-1.304285228252410889e-01,-5.839532706886529922e-03,1.801657490432262421e-02,-1.812582015991210938e-01,-2.391773909330368042e-01,-8.709602802991867065e-02,4.452538117766380310e-02,-1.025974527001380920e-01
3.150958567857742310e-02,3.543436899781227112e-02,1.928807981312274933e-02,-1.028530001640319824e-01,0.000000000000000000e+00,4.845906794071197510e-01,-4.184056445956230164e-02,3.113572113215923309e-02,4.467990696430206299e-01,5.072605013847351074e-01,2.175234071910381317e-02,-4.597226530313491821e-02,-4.582009837031364441e-02,-8.894564956426620483e-02,2.223625779151916504e-01,2.654168307781219482e-01,-8.456914126873016357e-02,1.132389679551124573e-01,3.185575455427169800e-02,1.021072939038276672e-01,1.244672685861587524e-01,2.382422089576721191e-01,-5.126542970538139343e-02,2.918060123920440674e-02,3.850934505462646484e-01,3.503252863883972168e-01,2.340968549251556396e-01,3.100493252277374268e-01,2.994261868298053741e-02,1.308056712150573730e-01,2.252345904707908630e-02,1.240966618061065674e-01,-4.693849384784698486e-02,-5.145642906427383423e-02,-1.949872076511383057e-02,3.375610709190368652e-02,-8.729502558708190918e-02,-3.724031895399093628e-02,7.042983174324035645e-02,8.715441077947616577e-02,-8.193700760602951050e-02,-1.598651893436908722e-02,-1.767219156026840210e-01,-2.962481081485748291e-01,-4.967180639505386353e-02,-3.290469944477081299e-01,-6.321858614683151245e-02,-1.500849872827529907e-01,-7.957454025745391846e-02,-2.153344154357910156e-01,-1.563568115234375000e-01,-3.361626267433166504e-01,-2.015280872583389282e-01,-3.798159360885620117e-01,1.031822413206100464e-01,-8.546625031158328056e-04,-9.217359125614166260e-02,-9.940212965011596680e-02,-7.972663640975952148e-02,-3.129243105649948120e-02,-5.184080451726913452e-02,-1.212361454963684082e-01,-8.993399888277053833e-02,-6.892423331737518311e-02,-6.997756659984588623e-02,6.871018558740615845e-03,-7.884456217288970947e-02,-9.378580749034881592e-02,-1.039262413978576660e-01,-6.981943547725677490e-02,1.441528927534818649e-02,7.823565974831581116e-03,-8.316145278513431549e-03,6.595910992473363876e-03,5.784027650952339172e-02,1.995592936873435974e-02,6.421764194965362549e-02,-4.082290083169937134e-02,7.136058807373046875e-02,-4.404743388295173645e-02,-5.397256091237068176e-02,-1.930442899465560913e-01,2.414723634719848633e-01,7.213484495878219604e-02,5.810988601297140121e-03,-4.371833205223083496e-01,3.925439119338989258e-01,1.359363943338394165e-01,2.217371910810470581e-01,-2.197344601154327393e-01,2.695985510945320129e-02,-2.783381342887878418e-01,-1.881411075592041016e-01,-2.729077339172363281e-01,4.720916971564292908e-02,4.381866008043289185e-02,7.495525479316711426e-02,1.266665160655975342e-01,1.271746754646301270e-01,5.931991711258888245e-02,9.526053071022033691e-02,-3.024987876415252686e-02,1.310244202613830566e-01,5.429815873503684998e-02,4.574903473258018494e-02,1.080799009650945663e-02,3.155414015054702759e-02,1.432401537895202637e-01,1.719058454036712646e-01,7.383855432271957397e-02,3.040354140102863312e-02,4.896827042102813721e-02,1.476460099220275879e-01,-1.069639623165130615e-01,-2.836957760155200958e-02,1.180109456181526184e-01
5.665048584342002869e-02,5.630370974540710449e-02,-2.001590840518474579e-02,-6.835699826478958130e-02,4.845906794071197510e-01,0.000000000000000000e+00,-1.087888032197952271e-01,6.558875553309917450e-03,2.849988639354705811e-01,3.987688124179840088e-01,2.077203243970870972e-02,-8.747982233762741089e-02,-1.662688106298446655e-01,-4.513185471296310425e-02,2.546102739870548248e-02,2.682042717933654785e-01,7.303674519062042236e-02,1.096060499548912048e-01,5.332780629396438599e-02,1.371178776025772095e-01,7.093154639005661011e-02,2.319007515907287598e-01,-1.365774422883987427e-01,-7.314922660589218140e-02,2.037734240293502808e-01,2.193439006805419922e-01,6.875625252723693848e-02,3.370411098003387451e-01,8.972984552383422852e-02,9.198398888111114502e-02,7.678942382335662842e-02,1.411661058664321899e-01,-3.321247920393943787e-02,-7.067573256790637970e-03,-1.202541217207908630e-01,8.410571515560150146e-02,-9.259738773107528687e-02,-6.689383834600448608e-02,2.374139800667762756e-02,1.676670312881469727e-01,-2.244285047054290771e-01,-6.510081887245178223e-02,-1.921458542346954346e-01,-2.539648115634918213e-01,-5.833249166607856750e-02,-2.058889865875244141e-01,-2.323096692562103271e-01,-1.659656912088394165e-01,-9.147197753190994263e-02,-1.622328013181686401e-01,-2.351132035255432129e-01,-2.244860827922821045e-01,-1.619060635566711426e-01,-2.417449504137039185e-01,-4.279411863535642624e-03,4.989669844508171082e-02,-3.921475261449813843e-02,5.464616790413856506e-02,3.623109310865402222e-02,1.507099270820617676e-01,-9.456828236579895020e-02,-8.131575770676136017e-03,1.149200573563575745e-01,1.315820217132568359e-01,-1.619144380092620850e-01,-7.625301182270050049e-02,-2.091804593801498413e-01,-1.098198741674423218e-01,-4.560261219739913940e-02,8.914915844798088074e-03,-1.326395124197006226e-01,2.999477554112672806e-03,-6.138446927070617676e-02,4.082590341567993164e-02,1.058620400726795197e-02,8.708665519952774048e-02,-3.382752463221549988e-02,-5.850811675190925598e-02,6.476111710071563721e-02,5.792731046676635742e-02,-5.321829766035079956e-02,-7.965459674596786499e-02,1.337565630674362183e-01,6.199177354574203491e-02,-2.688110768795013428e-01,-2.276265323162078857e-01,2.094636708498001099e-01,1.890679150819778442e-01,1.223651617765426636e-01,-7.668880373239517212e-02,5.866554006934165955e-02,-2.851210832595825195e-01,-1.720689684152603149e-01,-1.601016223430633545e-01,-9.928600862622261047e-03,4.191791266202926636e-02,-7.802698016166687012e-02,-5.548836663365364075e-02,4.089105501770973206e-02,2.807164937257766724e-02,6.674825400114059448e-02,4.416254535317420959e-02,9.319974482059478760e-02,7.113344222307205200e-02,5.509201064705848694e-02,7.254410535097122192e-02,7.798877358436584473e-02,2.393135726451873779e-01,2.073876410722732544e-01,-5.671112239360809326e-02,-1.265215724706649780e-01,5.596775095909833908e-03,9.245575964450836182e-02,-2.157196551561355591e-01,-1.082918718457221985e-01,2.055388092994689941e-01
4.233667850494384766e-01,1.196846142411231995e-01,6.639794111251831055e-01,3.711088299751281738e-01,-4.184056445956230164e-02,-1.087888032197952271e-01,0.000000000000000000e+00,4.610100090503692627e-01,-1.250836551189422607e-01,-4.869189113378524780e-03,-2.655797079205513000e-02,-1.148890405893325806e-01,2.245885729789733887e-01,-4.003416281193494797e-03,-9.744041413068771362e-02,4.303971305489540100e-03,-1.661331355571746826e-01,-2.852261364459991455e-01,2.299421727657318115e-01,2.487989813089370728e-01,-2.377552241086959839e-01,-1.198761165142059326e-01,3.847392797470092773e-01,3.189412951469421387e-01,-1.188766304403543472e-02,2.366674831137061119e-03,-1.237365044653415680e-02,-5.134285613894462585e-02,-2.245827317237854004e-01,-1.888515055179595947e-01,-2.385873533785343170e-02,2.694853246212005615e-01,2.701250612735748291e-01,2.144853621721267700e-01,2.218873202800750732e-01,4.349780827760696411e-02,-2.258202433586120605e-01,-3.277597725391387939e-01,-2.793096899986267090e-01,-5.891621857881546021e-02,-2.082378864288330078e-01,-2.964454591274261475e-01,-2.562141120433807373e-01,-1.356865614652633667e-01,-4.397448152303695679e-02,-2.386355027556419373e-02,-2.552073597908020020e-01,-1.286573559045791626e-01,-1.356638371944427490e-01,-1.738427281379699707e-01,-6.849788874387741089e-02,-9.183607995510101318e-02,-3.533530533313751221e-01,-8.978458493947982788e-02,-3.765527606010437012e-01,-3.233974874019622803e-01,-5.367522593587636948e-03,7.000217586755752563e-02,1.649700552225112915e-01,9.629326313734054565e-02,3.558014929294586182e-01,3.357021510601043701e-01,-8.748938888311386108e-02,-1.189343705773353577e-01,4.446265399456024170e-01,3.181969523429870605e-01,4.845581352710723877e-01,3.227382004261016846e-01,6.317035853862762451e-02,-3.385035321116447449e-02,7.608716934919357300e-02,2.021848112344741821e-01,1.674718782305717468e-02,6.097056344151496887e-02,7.588881999254226685e-02,-1.387892067432403564e-01,7.552590966224670410e-02,8.972375094890594482e-02,-2.773416042327880859e-01,-1.496246457099914551e-01,-3.339417278766632080e-01,-2.775717675685882568e-01,-2.843843400478363037e-01,-2.286696732044219971e-01,-8.791055530309677124e-03,3.397992625832557678e-02,-1.490004360675811768e-01,7.848292589187622070e-03,-1.641488224267959595e-01,9.621728956699371338e-02,2.349078655242919922e-02,1.495704352855682373e-01,-3.521604090929031372e-02,7.677201926708221436e-02,-1.737263947725296021e-01,-2.968686819076538086e-01,-3.182440996170043945e-01,-3.264390230178833008e-01,-2.097539156675338745e-01,-1.661069095134735107e-01,-2.445186674594879150e-01,-1.211052089929580688e-01,-2.931808829307556152e-01,-1.875396668910980225e-01,-3.081597387790679932e-01,-4.692783206701278687e-02,-2.493608510121703148e-03,-1.186456307768821716e-01,-1.434037983417510986e-01,-1.215516477823257446e-01,-1.439705789089202881e-01,-1.724314838647842407e-01,-1.820077449083328247e-01,-2.068673521280288696e-01,3.844008967280387878e-02,6.684277905151247978e-04
3.016738295555114746e-01,9.086272120475769043e-02,3.256939947605133057e-01,5.761122703552246094e-01,3.113572113215923309e-02,6.558875553309917450e-03,4.610100090503692627e-01,0.000000000000000000e+00,-4.555010423064231873e-02,1.790978610515594482e-01,-1.014039963483810425e-01,-3.127723559737205505e-02,4.696555333794094622e-05,1.537452787160873413e-01,-1.005138903856277466e-01,8.243624120950698853e-02,-2.805956602096557617e-01,-3.150210082530975342e-01,6.976035237312316895e-02,1.661675572395324707e-01,-1.818070709705352783e-01,-1.134738698601722717e-01,1.876384764909744263e-01,3.150305449962615967e-01,-1.144501864910125732e-01,4.734793305397033691e-02,9.782263636589050293e-02,3.778060525655746460e-02,-3.176377713680267334e-01,-2.174292504787445068e-01,-1.812788546085357666e-01,1.292192339897155762e-01,5.997060984373092651e-02,1.251590847969055176e-01,3.720098361372947693e-02,5.090300366282463074e-02,-2.462362945079803467e-01,-2.457064390182495117e-01,-2.166830748319625854e-01,-8.019136637449264526e-02,-3.491899967193603516e-01,-1.927125006914138794e-01,-2.193004041910171509e-01,-9.847749024629592896e-02,-8.400706946849822998e-02,-2.066412009298801422e-02,-2.589832246303558350e-01,-6.170058622956275940e-02,-1.709626913070678711e-01,-1.723002344369888306e-01,-1.334720756858587265e-02,-5.294265970587730408e-02,-3.353124856948852539e-01,-1.998957544565200806e-01,-2.663904726505279541e-01,-3.903476893901824951e-01,-1.295766234397888184e-01,-4.181236959993839264e-03,2.517189383506774902e-01,2.952019274234771729e-01,2.486301511526107788e-01,4.799675345420837402e-01,-2.180484235286712646e-01,-1.067952066659927368e-01,2.529615461826324463e-01,5.034807920455932617e-01,3.028174936771392822e-01,4.557209014892578125e-01,-7.562661170959472656e-02,-9.313743561506271362e-02,3.666837513446807861e-02,7.155427336692810059e-02,-1.312885731458663940e-01,-3.156315535306930542e-02,-5.797342211008071899e-02,-7.011230103671550751e-03,-5.106033757328987122e-02,5.899575725197792053e-02,-2.808189094066619873e-01,-2.065526992082595825e-01,-2.795922160148620605e-01,-3.050894737243652344e-01,-2.961161732673645020e-01,-3.061887323856353760e-01,-3.625940904021263123e-02,-4.993990436196327209e-02,-1.402546614408493042e-01,-9.829691797494888306e-02,8.376340381801128387e-03,-1.070658639073371887e-01,2.610061764717102051e-01,-3.754111751914024353e-02,2.103225141763687134e-01,-1.234292834997177124e-01,-2.001979351043701172e-01,-2.700584828853607178e-01,-2.792328000068664551e-01,-1.999429017305374146e-01,-3.239794671535491943e-01,-3.079199492931365967e-01,-2.090310901403427124e-01,-9.758617728948593140e-02,-3.024047613143920898e-01,-2.366374284029006958e-01,-8.223289251327514648e-02,-1.150073185563087463e-01,1.384786367416381836e-01,-1.301557756960391998e-02,-1.440472006797790527e-01,-8.424073457717895508e-02,-8.624105155467987061e-02,-1.543143540620803833e-01,-2.195663005113601685e-01,-1.527047902345657349e-01,7.505289465188980103e-02,-2.012019045650959015e-02
6.023747473955154419e-02,-3.671878203749656677e-02,-5.595338344573974609e-02,-3.039371371269226074e-01,4.467990696430206299e-01,2.849988639354705811e-01,-1.250836551189422607e-01,-4.555010423064231873e-02,0.000000000000000000e+00,5.848349928855895996e-01,6.059687584638595581e-02,-9.251096844673156738e-02,1.658939719200134277e-01,-2.379617094993591309e-02,2.263791263103485107e-01,3.018917739391326904e-01,-8.778870105743408203e-02,6.900415569543838501e-02,-1.096552163362503052e-01,1.016952991485595703e-01,1.298570632934570312e-01,3.369280993938446045e-01,-4.369442909955978394e-02,-8.042598515748977661e-02,1.865432560443878174e-01,1.816333830356597900e-01,1.167543381452560425e-01,1.994061917066574097e-01,-7.180526852607727051e-02,1.234687864780426025e-01,-5.280200019478797913e-02,2.561961859464645386e-02,8.650945499539375305e-03,5.055207014083862305e-02,1.005268171429634094e-01,1.107513085007667542e-01,-1.494976729154586792e-01,3.471175208687782288e-02,-2.090323530137538910e-02,-3.723835945129394531e-02,-1.414864957332611084e-01,4.960962384939193726e-02,-1.563962250947952271e-01,-7.631890475749969482e-02,5.711651872843503952e-03,-1.761295795440673828e-01,-3.359086066484451294e-02,-1.001647487282752991e-01,9.923580102622509003e-03,-5.289185792207717896e-03,5.973218381404876709e-02,-1.291088312864303589e-01,7.378377765417098999e-02,-2.166353166103363037e-01,2.221849560737609863e-01,1.833211630582809448e-01,-1.318394951522350311e-02,-3.809640556573867798e-02,-3.635437414050102234e-02,-6.560875475406646729e-02,5.078285932540893555e-02,-5.056671798229217529e-02,-9.137409180402755737e-02,-9.254494309425354004e-02,-4.971751570701599121e-02,-5.963459983468055725e-02,-1.291750520467758179e-01,-2.494331002235412598e-01,-7.281321287155151367e-02,-5.170030519366264343e-02,-8.408654481172561646e-03,-3.364237397909164429e-02,-5.456602200865745544e-02,-1.385008078068494797e-02,-6.509057432413101196e-02,8.968134969472885132e-02,1.321362406015396118e-01,-1.863561570644378662e-02,-9.113665670156478882e-02,5.623105540871620178e-02,-2.038520760834217072e-02,-8.737398684024810791e-02,1.606492102146148682e-01,4.948959127068519592e-02,2.080674916505813599e-01,-3.567491769790649414e-01,3.610418736934661865e-01,9.036930277943611145e-03,1.764767467975616455e-01,-2.858260273933410645e-01,1.236749887466430664e-01,-1.950459033250808716e-01,-1.042595133185386658e-01,-2.085570842027664185e-01,7.239571958780288696e-02,-5.626582726836204529e-02,5.592365562915802002e-02,5.057169497013092041e-02,6.249391473829746246e-03,3.772922232747077942e-02,2.878786809742450714e-02,-7.983306795358657837e-02,8.387992531061172485e-02,2.601790986955165863e-02,3.452748432755470276e-02,-7.977460324764251709e-02,-1.847173571586608887e-01,2.002604901790618896e-01,3.066303022205829620e-02,2.167580835521221161e-02,-6.304489448666572571e-03,-3.180651739239692688e-02,1.331760585308074951e-01,-1.092777308076620102e-02,-3.329919651150703430e-02,2.004163861274719238e-01
1.657561957836151123e-01,2.827206626534461975e-02,2.332145348191261292e-02,-2.067882940173149109e-02,5.072605013847351074e-01,3.987688124179840088e-01,-4.869189113378524780e-03,1.790978610515594482e-01,5.848349928855895996e-01,0.000000000000000000e+00,-1.501417718827724457e-02,-4.941093176603317261e-02,-1.558162271976470947e-02,3.519402816891670227e-02,2.657964825630187988e-01,4.689470231533050537e-01,-2.765046060085296631e-01,-8.707553893327713013e-02,-2.055135555565357208e-02,1.348974406719207764e-01,9.710249304771423340e-02,2.630248963832855225e-01,7.690127938985824585e-02,1.248091533780097961e-01,3.027020096778869629e-01,3.672311902046203613e-01,2.202403247356414795e-01,2.524645626544952393e-01,-5.765306577086448669e-02,9.113508462905883789e-02,1.072483696043491364e-02,1.841241717338562012e-01,-1.673538587056100368e-03,3.225808590650558472e-02,1.292301565408706665e-01,8.322943001985549927e-02,-1.582568287849426270e-01,-4.885512404143810272e-03,-2.570846118032932281e-02,7.200699299573898315e-02,-1.934803426265716553e-01,7.421163469552993774e-02,-2.773601114749908447e-01,-2.164022624492645264e-01,-1.092422679066658020e-01,-2.248898297548294067e-01,-2.454859763383865356e-01,-2.066511958837509155e-01,-1.224907040596008301e-01,-1.401491761207580566e-01,-7.778038084506988525e-02,-1.837945878505706787e-01,-2.489527910947799683e-01,-3.861472606658935547e-01,-3.093156497925519943e-03,-1.875695586204528809e-02,-5.931027606129646301e-02,-3.701322525739669800e-02,1.721933297812938690e-02,7.650782167911529541e-02,7.646097242832183838e-02,7.715713232755661011e-02,-1.525442451238632202e-01,-1.014114022254943848e-01,7.609365880489349365e-02,1.906224787235260010e-01,9.678002446889877319e-03,2.836642041802406311e-02,-5.745580419898033142e-02,-1.226737513206899166e-03,6.802555918693542480e-02,9.396174550056457520e-02,2.743644081056118011e-02,6.363610178232192993e-02,-1.189038306474685669e-01,1.422163993120193481e-01,9.588277339935302734e-02,4.831201583147048950e-02,-1.581151187419891357e-01,-1.002420708537101746e-01,-1.485951691865921021e-01,-1.740914583206176758e-01,1.322942227125167847e-01,1.829938776791095734e-02,7.503779977560043335e-02,-2.596562206745147705e-01,3.572899997234344482e-01,2.153693437576293945e-01,6.779990345239639282e-02,-2.192210108041763306e-01,9.980537742376327515e-02,-2.060044109821319580e-01,-2.959659881889820099e-02,-2.062752246856689453e-01,1.663036062382161617e-03,-5.328881368041038513e-02,-4.740266501903533936e-02,1.243198961019515991e-01,-1.095928177237510681e-01,3.373661264777183533e-02,2.752179652452468872e-02,-5.371711775660514832e-02,2.929595671594142914e-02,3.114156983792781830e-02,-5.085840821266174316e-02,-4.599382728338241577e-02,-6.382764130830764771e-02,2.334391921758651733e-01,3.873381391167640686e-02,9.833561629056930542e-02,-2.988165058195590973e-02,-1.250489652156829834e-01,2.388618513941764832e-02,-1.097657382488250732e-01,-5.005883052945137024e-02,7.438757270574569702e-02
2.126591801643371582e-01,1.818208247423171997e-01,1.059551257640123367e-02,-2.282988876104354858e-01,2.175234071910381317e-02,2.077203243970870972e-02,-2.655797079205513000e-02,-1.014039963483810425e-01,6.059687584638595581e-02,-1.501417718827724457e-02,0.000000000000000000e+00,3.190266191959381104e-01,4.339603483676910400e-01,3.612203896045684814e-01,4.904887080192565918e-02,-6.282076984643936157e-02,3.443096578121185303e-01,2.919139564037322998e-01,2.891156971454620361e-01,2.347441464662551880e-01,-2.403679639101028442e-01,-1.364606171846389771e-01,5.587750300765037537e-02,2.440758049488067627e-02,-7.339142262935638428e-02,-2.797188982367515564e-02,1.588313430547714233e-01,-2.099403887987136841e-01,2.911792993545532227e-01,6.239972636103630066e-02,1.475556194782257080e-01,-5.735909938812255859e-02,2.606305181980133057e-01,2.885592281818389893e-01,-1.064016744494438171e-01,-2.905054986476898193e-01,-9.458820521831512451e-02,-1.204175204038619995e-01,-1.699707210063934326e-01,-6.393216550350189209e-02,1.223587896674871445e-02,3.815567865967750549e-02,-4.214145988225936890e-02,1.362495422363281250e-01,1.133095994591712952e-01,7.739184051752090454e-02,-3.631340712308883667e-02,-1.510734707117080688e-01,6.096571683883666992e-02,5.104492232203483582e-02,8.977236598730087280e-02,-8.597424626350402832e-02,1.184781640768051147e-01,-9.740320593118667603e-02,-9.496653452515602112e-03,-7.644224166870117188e-02,3.856050372123718262e-01,2.563596367835998535e-01,2.684692442417144775e-01,1.266495436429977417e-01,3.700232505798339844e-01,8.120636641979217529e-02,4.420665204524993896e-01,3.573160171508789062e-01,-1.737473458051681519e-01,-2.222874760627746582e-01,-1.819626837968826294e-01,-2.500883340835571289e-01,1.411763578653335571e-01,1.598140448331832886e-01,9.000480175018310547e-02,-5.705540999770164490e-03,1.684063374996185303e-01,1.735895276069641113e-01,7.297544926404953003e-02,1.725302785634994507e-01,5.273006483912467957e-02,7.131610065698623657e-02,1.141219660639762878e-01,1.531435996294021606e-01,2.698218524456024170e-01,1.802244633436203003e-01,-7.124676555395126343e-02,-1.473318636417388916e-01,2.219614945352077484e-02,-1.773412078619003296e-01,-1.367432065308094025e-02,-3.978891298174858093e-03,4.941159486770629883e-02,-1.527107506990432739e-01,-6.228707358241081238e-02,-1.942729502916336060e-01,-9.810277819633483887e-02,-1.421510726213455200e-01,-8.358906209468841553e-02,-1.372028887271881104e-01,-1.987580507993698120e-01,-1.609158813953399658e-01,-2.768079051747918129e-03,-2.000063098967075348e-02,1.431645452976226807e-01,1.322705447673797607e-01,-5.663192272186279297e-02,-6.987716257572174072e-02,-1.845108419656753540e-01,-2.547498047351837158e-01,-1.550312936305999756e-01,-9.547647833824157715e-02,-1.149474605917930603e-01,-1.735304594039916992e-01,-1.035730764269828796e-01,-4.796971566975116730e-03,-4.541366174817085266e-02,6.480074487626552582e-03,3.413874655961990356e-02,-1.899541318416595459e-01
-1.664708182215690613e-02,1.562923341989517212e-01,-1.361862421035766602e-01,-1.123345047235488892e-01,-4.597226530313491821e-02,-8.747982233762741089e-02,-1.148890405893325806e-01,-3.127723559737205505e-02,-9.251096844673156738e-02,-4.941093176603317261e-02,3.190266191959381104e-01,0.000000000000000000e+00,2.654967010021209717e-01,4.318417012691497803e-01,3.794633150100708008e-01,1.840652227401733398e-01,1.420176029205322266e-01,2.265304625034332275e-01,1.723949164152145386e-01,5.044620111584663391e-02,-1.664708405733108521e-01,-2.494197934865951538e-01,1.861722916364669800e-01,2.043120265007019043e-01,9.146676957607269287e-02,1.520396471023559570e-01,1.129634678363800049e-01,-1.066270470619201660e-01,3.857132494449615479e-01,2.596036791801452637e-01,3.022348582744598389e-01,1.371578127145767212e-01,1.499837785959243774e-01,1.842314600944519043e-01,-3.453211486339569092e-02,-2.944402396678924561e-01,-9.240806102752685547e-02,-1.643267124891281128e-01,-1.121382415294647217e-01,6.686037033796310425e-02,1.127370372414588928e-01,2.274531275033950806e-01,-1.062207147479057312e-01,1.152534708380699158e-01,6.796257197856903076e-02,1.362690776586532593e-01,-1.485004872083663940e-01,-2.010468691587448120e-01,1.635347306728363037e-01,1.701151728630065918e-01,-6.195096671581268311e-02,-3.071365179494023323e-03,5.777670070528984070e-03,-9.375884383916854858e-02,-2.649738825857639313e-02,-2.117751399055123329e-03,6.184016913175582886e-02,5.493824928998947144e-02,-1.489639282226562500e-01,-2.434358000755310059e-02,8.314526081085205078e-02,-3.178559942170977592e-03,3.160084486007690430e-01,3.388502597808837891e-01,3.543712943792343140e-02,2.521532215178012848e-02,-2.612324059009552002e-01,-2.372397035360336304e-01,-2.226139232516288757e-02,2.143917046487331390e-02,-3.740136045962572098e-03,-6.700570136308670044e-02,2.078310698270797729e-01,1.237963512539863586e-01,-8.582391589879989624e-02,8.502656966447830200e-02,2.883841097354888916e-02,-3.678859770298004150e-02,1.615230590105056763e-01,6.040612608194351196e-02,2.261544317007064819e-01,2.523338198661804199e-01,1.419351249933242798e-02,-1.119064837694168091e-01,9.012168645858764648e-02,2.568779326975345612e-02,3.699429333209991455e-02,1.356562525033950806e-01,-3.381591290235519409e-02,-1.713799387216567993e-01,-1.257876157760620117e-01,-1.089339703321456909e-01,1.480118930339813232e-01,3.325890004634857178e-02,-9.596259891986846924e-02,7.920152693986892700e-02,-8.049070090055465698e-02,3.568433225154876709e-02,1.477279933169484138e-03,8.391638845205307007e-02,2.721320092678070068e-01,2.747587561607360840e-01,1.675757169723510742e-01,1.675569713115692139e-01,2.829713188111782074e-02,-9.902093559503555298e-02,5.749276652932167053e-02,3.997125104069709778e-02,-1.693435572087764740e-02,1.073726937174797058e-01,-1.770604699850082397e-01,5.199179798364639282e-02,-5.787023343145847321e-03,1.972524374723434448e-01,-7.554732263088226318e-03,-1.417975276708602905e-01
2.307897061109542847e-01,9.630440734326839447e-03,2.060760110616683960e-01,-2.170855998992919922e-01,-4.582009837031364441e-02,-1.662688106298446655e-01,2.245885729789733887e-01,4.696555333794094622e-05,1.658939719200134277e-01,-1.558162271976470947e-02,4.339603483676910400e-01,2.654967010021209717e-01,0.000000000000000000e+00,4.350062608718872070e-01,2.560622394084930420e-01,1.788142472505569458e-01,1.002769172191619873e-01,9.684646129608154297e-02,6.844759732484817505e-02,5.080810189247131348e-02,-1.167855113744735718e-01,-8.057346194982528687e-02,2.601122558116912842e-01,7.865188270807266235e-02,-4.651860892772674561e-02,4.633988812565803528e-02,1.510855159722268581e-03,-1.838840991258621216e-01,1.623562425374984741e-01,1.477541625499725342e-01,1.740620285272598267e-01,9.698829799890518188e-02,1.684474200010299683e-01,1.771108359098434448e-01,6.366384029388427734e-02,-1.812937855720520020e-01,-1.277634501457214355e-01,-1.904762685298919678e-01,-1.273832321166992188e-01,8.932746015489101410e-03,5.768654868006706238e-02,-6.723095476627349854e-02,-2.595222741365432739e-02,1.691062748432159424e-01,7.708650827407836914e-02,8.400377631187438965e-02,-8.231597393751144409e-02,-2.225980758666992188e-01,1.133886426687240601e-01,9.004846960306167603e-02,2.720943391323089600e-01,1.231399923563003540e-01,1.265829242765903473e-02,7.901751995086669922e-02,-8.447340130805969238e-02,-1.695038191974163055e-02,8.234558254480361938e-02,5.074606463313102722e-02,3.466662764549255371e-02,-5.128592625260353088e-02,4.103258550167083740e-01,1.319580078125000000e-01,1.255186796188354492e-01,5.444062128663063049e-02,3.142662718892097473e-02,-1.062784269452095032e-01,-7.408221811056137085e-02,-2.610623836517333984e-01,-6.371235102415084839e-02,-1.961982809007167816e-02,-9.167347848415374756e-02,-4.205381125211715698e-02,8.042076975107192993e-02,1.376869231462478638e-01,2.551080472767353058e-02,-9.321609139442443848e-02,2.960744127631187439e-02,-1.174138113856315613e-01,-2.080210857093334198e-02,1.669377386569976807e-01,3.605799376964569092e-02,9.016842395067214966e-02,-2.297735586762428284e-02,-7.625333219766616821e-02,1.799995154142379761e-01,-2.892368845641613007e-02,-6.955244392156600952e-02,-9.711579978466033936e-02,-7.384797930717468262e-02,-4.454964399337768555e-02,-2.265740782022476196e-01,-5.432967096567153931e-02,-1.259838640689849854e-01,6.007239967584609985e-02,-7.346183061599731445e-02,-1.299792081117630005e-01,-1.952381283044815063e-01,-2.881270349025726318e-01,-1.555731892585754395e-01,-8.729656040668487549e-02,-2.495945245027542114e-02,-3.174026682972908020e-02,-1.264235973358154297e-01,-1.381657272577285767e-01,-2.811008393764495850e-01,-1.222137510776519775e-01,-2.086994051933288574e-01,-1.038421988487243652e-01,-5.164340138435363770e-02,-1.438978910446166992e-01,-2.903709709644317627e-01,-1.092832386493682861e-01,-7.296342402696609497e-02,9.045767039060592651e-02,1.592846773564815521e-02,-1.030723676085472107e-01
