0.000000000000000000e+00,2.164103537797927856e-01,5.067405104637145996e-01,2.121330052614212036e-01,-1.173134744167327881e-01,-3.420500084757804871e-02,5.536224842071533203e-01,1.417586952447891235e-01,-2.751008570194244385e-01,-4.340229928493499756e-01,5.975250005722045898e-01,2.982664704322814941e-01,4.475107491016387939e-01,2.372910827398300171e-01,2.107495069503784180e-02,-4.259431958198547363e-01,4.670668244361877441e-01,2.858420610427856445e-01,5.967919826507568359e-01,4.814213216304779053e-01,-3.748379647731781006e-02,-5.525011196732521057e-02,1.026631817221641541e-01,2.661992609500885010e-01,-2.661039531230926514e-01,-2.690844833850860596e-01,-2.549974620342254639e-01,-1.405996531248092651e-01,4.487496614456176758e-01,1.409038156270980835e-01,1.260743439197540283e-01,-5.800580140203237534e-03,1.764066666364669800e-01,1.296477671712636948e-02,-2.814625203609466553e-02,-7.855877280235290527e-02,6.870417296886444092e-02,-5.840044468641281128e-02,4.491759091615676880e-02,-2.708365619182586670e-01,1.895193606615066528e-01,1.039536297321319580e-01,9.976862370967864990e-02,2.113820463418960571e-01,2.854799851775169373e-02,-1.358537822961807251e-01,2.431403286755084991e-02,-7.421717746183276176e-04,8.872993290424346924e-02,-1.046375259757041931e-01,1.221164837479591370e-01,-1.260530650615692139e-01,1.142651960253715515e-01,-6.115876138210296631e-02,1.094561517238616943e-01,-1.453187167644500732e-01,6.996114850044250488e-01,1.787275224924087524e-01,6.380457282066345215e-01,1.866454631090164185e-01,2.689886987209320068e-01,-1.243879422545433044e-01,5.503373146057128906e-01,1.092467457056045532e-01,4.112291336059570312e-01,-1.863194704055786133e-01,4.414007663726806641e-01,1.961883753538131714e-01,5.481185317039489746e-01,3.930873274803161621e-01,-9.187126904726028442e-02,-9.145940840244293213e-02,3.575664162635803223e-01,1.251762807369232178e-01,1.294328179210424423e-02,-1.836860738694667816e-02,2.260283976793289185e-01,1.143424883484840393e-01,-5.834030732512474060e-02,-2.841106653213500977e-01,2.095287889242172241e-01,-1.250748038291931152e-01,1.459969729185104370e-01,-2.527207508683204651e-02,2.018349766731262207e-01,-3.930572271347045898e-01,4.435992240905761719e-02,-1.312471777200698853e-01,6.310557574033737183e-02,-1.905023455619812012e-01,1.192791610956192017e-01,-2.074249386787414551e-01,1.008780300617218018e-01,-1.059231534600257874e-01,6.151801347732543945e-02,-1.224220469594001770e-01,-1.179688796401023865e-01,-1.449858099222183228e-01,1.031512022018432617e-01,-7.323275506496429443e-02,3.662179037928581238e-02,-1.324649751186370850e-01,2.030741795897483826e-02,-8.009845763444900513e-02,1.364638507366180420e-01,9.860707074403762817e-02,-4.043072462081909180e-02,-1.221739128232002258e-01,4.967189207673072815e-02,-2.232052832841873169e-01,-9.708023816347122192e-02,-1.718097478151321411e-01,2.638250961899757385e-02,5.264006555080413818e-02,3.324049711227416992e-02,-4.419552534818649292e-02
2.164103537797927856e-01,0.000000000000000000e+00,2.437388002872467041e-01,3.065355122089385986e-01,-2.261394113302230835e-01,-2.094463557004928589e-01,-3.982508555054664612e-02,1.978469043970108032e-01,-4.442724287509918213e-01,-4.281708300113677979e-01,-3.878740966320037842e-02,5.736168622970581055e-01,-1.619831323623657227e-01,4.068876504898071289e-01,-2.800979614257812500e-01,-2.815745770931243896e-01,5.499688535928726196e-02,4.129903316497802734e-01,4.760098159313201904e-01,6.232307553291320801e-01,-1.856125891208648682e-01,-3.732152655720710754e-02,6.957638263702392578e-02,2.957062125205993652e-01,-3.436705768108367920e-01,-3.132110238075256348e-01,-1.730670481920242310e-01,-4.314717650413513184e-01,8.582670241594314575e-02,3.342612385749816895e-01,1.487744152545928955e-01,8.824561536312103271e-02,3.831261768937110901e-02,6.934455037117004395e-02,-2.979246675968170166e-01,-2.214405238628387451e-01,-2.578148841857910156e-01,-1.052972823381423950e-01,-1.567640602588653564e-01,-1.055109649896621704e-01,1.306913346052169800e-01,1.305494308471679688e-01,1.032115519046783447e-01,2.950375974178314209e-01,3.044814430177211761e-02,1.033483892679214478e-01,4.922846704721450806e-02,2.416937947273254395e-01,-7.888382673263549805e-02,1.300122439861297607e-01,-2.225071787834167480e-01,1.741862446069717407e-01,-1.171148270368576050e-01,-5.145788565278053284e-02,-1.778769344091415405e-01,1.317949146032333374e-01,2.001459002494812012e-01,6.870684623718261719e-01,2.608275273814797401e-03,5.496187210083007812e-01,-2.939616143703460693e-01,3.543798029422760010e-01,2.362444810569286346e-02,6.670183539390563965e-01,-1.701997071504592896e-01,-1.443120092153549194e-02,5.226934328675270081e-02,4.849950224161148071e-02,5.499935150146484375e-01,3.966145217418670654e-01,-2.556048631668090820e-01,-6.118725519627332687e-03,5.314971879124641418e-02,1.740360856056213379e-01,-5.148443207144737244e-02,-3.650273755192756653e-02,6.144266575574874878e-03,1.260383427143096924e-01,-2.291825264692306519e-01,-3.948009386658668518e-02,-1.698375642299652100e-01,3.679199814796447754e-01,-8.882024884223937988e-02,1.116956919431686401e-01,-3.738271892070770264e-01,1.973139941692352295e-01,-1.413355618715286255e-01,-1.536585539579391479e-01,-7.180579751729965210e-02,1.183477938175201416e-01,-2.153283953666687012e-01,-2.011905014514923096e-01,-9.983891993761062622e-02,-1.408001631498336792e-01,-4.604880511760711670e-02,1.814849674701690674e-02,4.213110357522964478e-02,1.812757253646850586e-01,-3.324994444847106934e-02,1.807134151458740234e-01,1.269728988409042358e-01,-9.856747463345527649e-03,8.634623885154724121e-02,7.996895164251327515e-02,1.088007465004920959e-01,1.381433457136154175e-01,2.437889575958251953e-02,-3.596661612391471863e-02,9.071405231952667236e-02,1.519284993410110474e-01,8.474855124950408936e-02,-9.708331199362874031e-04,8.647890761494636536e-03,1.840654164552688599e-01,1.356325596570968628e-01,-1.023995950818061829e-01
5.067405104637145996e-01,2.437388002872467041e-01,0.000000000000000000e+00,5.663922429084777832e-01,7.524026930332183838e-02,1.306749582290649414e-01,5.200206637382507324e-01,1.091817915439605713e-01,-2.359804362058639526e-01,-4.606705307960510254e-01,2.406363785266876221e-01,2.746784687042236328e-01,1.887538582086563110e-01,1.926155686378479004e-01,2.192629128694534302e-02,-4.108333587646484375e-01,3.768658041954040527e-01,4.041187763214111328e-01,5.337663888931274414e-01,4.923315346240997314e-01,-2.417808026075363159e-02,5.326223745942115784e-02,3.685848414897918701e-01,6.531412005424499512e-01,4.667840432375669479e-03,5.177929066121578217e-03,-5.784107744693756104e-02,-1.021091341972351074e-01,4.114853441715240479e-01,2.202844321727752686e-01,4.813098311424255371e-01,3.883398771286010742e-01,1.335677206516265869e-01,1.379846502095460892e-02,6.743352860212326050e-02,5.392109230160713196e-02,3.811766207218170166e-02,-1.830389373935759068e-04,2.496500499546527863e-02,4.728657659143209457e-03,1.328861117362976074e-01,8.154899626970291138e-02,-3.141640722751617432e-01,-1.399708092212677002e-01,-2.882434427738189697e-01,-4.612565040588378906e-01,-3.698699772357940674e-01,-2.890104651451110840e-01,-3.405028879642486572e-01,-3.299053609371185303e-01,-3.063504397869110107e-01,-3.512588441371917725e-01,-2.146724909543991089e-01,-3.949428796768188477e-01,2.710765227675437927e-02,4.610767588019371033e-03,3.774233758449554443e-01,1.949814260005950928e-01,3.305837512016296387e-01,2.295124083757400513e-01,-9.833921492099761963e-02,-8.366073668003082275e-02,3.603379428386688232e-01,2.089512944221496582e-01,3.187907040119171143e-01,-1.976498402655124664e-02,5.316097140312194824e-01,3.186062276363372803e-01,4.644334018230438232e-01,5.253158807754516602e-01,-1.241179332137107849e-01,7.505239546298980713e-02,2.450730204582214355e-01,1.222586706280708313e-01,-1.445897519588470459e-01,-4.276316240429878235e-02,1.320059597492218018e-01,8.523600548505783081e-02,-1.361823529005050659e-01,-3.908583521842956543e-01,7.363048382103443146e-03,-1.690874248743057251e-02,5.802753847092390060e-03,-1.151099801063537598e-01,-7.982069998979568481e-02,-3.519167900085449219e-01,1.796571016311645508e-01,7.758761942386627197e-02,1.538852602243423462e-01,-4.936465248465538025e-02,-5.570385605096817017e-02,-2.379751652479171753e-01,-8.135364204645156860e-02,-1.291452497243881226e-01,1.272643804550170898e-01,-6.382614839822053909e-03,-7.762145996093750000e-02,3.368601202964782715e-02,-9.402174502611160278e-02,-5.583300814032554626e-02,2.881453931331634521e-01,1.275640875101089478e-01,2.954431772232055664e-01,2.365183532238006592e-01,2.232122570276260376e-01,1.255727261304855347e-01,1.324307918548583984e-01,1.372745186090469360e-01,1.144281476736068726e-01,-4.307521879673004150e-02,1.386081576347351074e-01,-2.827428579330444336e-01,-3.293412625789642334e-01,-5.846934393048286438e-03,-4.672122653573751450e-03,2.042608708143234253e-02
2.121330052614212036e-01,3.065355122089385986e-01,5.663922429084777832e-01,0.000000000000000000e+00,5.095103383064270020e-02,1.022816002368927002e-01,2.762438058853149414e-01,3.684221208095550537e-01,-2.289643585681915283e-01,-3.370162844657897949e-01,-3.380933031439781189e-02,3.100580871105194092e-01,2.444284502416849136e-03,2.327679097652435303e-01,-9.451030939817428589e-02,-1.779605150222778320e-01,1.513312011957168579e-01,2.150736749172210693e-01,3.957136869430541992e-01,4.832000732421875000e-01,-1.014123558998107910e-01,-7.512946426868438721e-02,5.026743412017822266e-01,6.329518556594848633e-01,6.458795070648193359e-02,5.612407624721527100e-02,-8.726566284894943237e-02,-9.385088831186294556e-02,1.535502374172210693e-01,1.051420420408248901e-01,3.622083961963653564e-01,4.791049361228942871e-01,2.181696444749832153e-01,3.365061581134796143e-01,1.924522072076797485e-01,2.203187197446823120e-01,-3.898371383547782898e-02,-3.327644988894462585e-02,-1.739352047443389893e-01,-2.129501104354858398e-02,4.730611294507980347e-02,7.299972325563430786e-02,-1.256890147924423218e-01,-5.881807580590248108e-02,-1.137473061680793762e-01,-2.429574728012084961e-01,-2.449957728385925293e-01,-1.095082759857177734e-01,-1.867286115884780884e-01,-1.823598593473434448e-01,-1.563773900270462036e-01,-1.048770770430564880e-01,-1.416623741388320923e-01,-1.832613795995712280e-01,-1.691260188817977905e-01,-1.059544011950492859e-01,1.703341156244277954e-01,2.715479731559753418e-01,6.432767212390899658e-02,1.801787465810775757e-01,-1.664137542247772217e-01,1.369754821062088013e-01,7.154357433319091797e-02,1.911929845809936523e-01,2.591560184955596924e-01,2.517665922641754150e-01,4.077739119529724121e-01,3.754595816135406494e-01,3.401377797126770020e-01,3.206282258033752441e-01,-5.275955796241760254e-02,1.046096086502075195e-01,1.241407841444015503e-01,9.757675975561141968e-02,-1.605544239282608032e-01,-3.883915394544601440e-02,1.218738853931427002e-01,1.810485720634460449e-01,-1.206470578908920288e-01,-1.304039806127548218e-01,5.236032977700233459e-02,1.918781697750091553e-01,-6.367785483598709106e-02,1.983610168099403381e-02,-7.230281829833984375e-02,8.106204681098461151e-03,-7.727023959159851074e-02,-6.904221326112747192e-02,-7.924401760101318359e-02,-1.457661390304565430e-01,-1.391453891992568970e-01,-2.690955400466918945e-01,-5.795864388346672058e-03,-2.074270248413085938e-01,-3.752567619085311890e-02,5.173517018556594849e-02,-4.023911058902740479e-02,4.656924679875373840e-02,-1.993437260389328003e-01,-1.995647847652435303e-01,-8.248122408986091614e-03,-5.988006293773651123e-02,1.492967829108238220e-02,-4.317155689932405949e-04,6.201859191060066223e-02,2.328804880380630493e-02,-6.502848863601684570e-02,-7.790475338697433472e-02,7.706181704998016357e-02,-4.054594784975051880e-02,3.351616486907005310e-02,-2.106590718030929565e-01,-3.185398578643798828e-01,-1.935415714979171753e-02,8.446969836950302124e-02,-1.223478764295578003e-01
-1.173134744167327881e-01,-2.261394113302230835e-01,7.524026930332183838e-02,5.095103383064270020e-02,0.000000000000000000e+00,7.467403411865234375e-01,1.027581989765167236e-01,-3.580607473850250244e-01,6.517094969749450684e-01,3.681987524032592773e-01,-2.480987086892127991e-02,-2.661949098110198975e-01,7.085829973220825195e-02,-3.190709054470062256e-01,4.244442284107208252e-01,2.559446692466735840e-01,-1.572034209966659546e-01,-3.259911239147186279e-01,-2.141507267951965332e-01,-1.316826045513153076e-01,3.784677684307098389e-01,3.115639686584472656e-01,-4.067978635430335999e-02,2.820502221584320068e-02,7.111045718193054199e-01,6.510599851608276367e-01,3.585994541645050049e-01,6.513467431068420410e-01,5.305615067481994629e-02,-1.409788131713867188e-01,4.528277814388275146e-01,3.785448074340820312e-01,2.609023265540599823e-02,-7.165410369634628296e-02,1.107278391718864441e-01,-7.448494434356689453e-02,1.963978409767150879e-01,5.931340157985687256e-02,5.624216049909591675e-02,1.922027468681335449e-01,8.230996876955032349e-02,2.268053293228149414e-01,-3.735381066799163818e-01,-2.536822855472564697e-01,-2.806197702884674072e-01,-2.284916937351226807e-01,-3.570054471492767334e-01,-4.378521740436553955e-01,-2.587074637413024902e-01,-3.934596478939056396e-01,-2.327643483877182007e-01,-4.581333696842193604e-01,-3.871151804924011230e-01,-4.620613455772399902e-01,-2.566234767436981201e-01,-2.884423434734344482e-01,-1.246091797947883606e-01,-3.048562705516815186e-01,-1.681187748908996582e-01,-4.530841708183288574e-01,1.126949787139892578e-01,-2.164258062839508057e-01,5.382306873798370361e-02,-2.299115359783172607e-01,-1.691634654998779297e-01,-3.155590593814849854e-01,-1.854491829872131348e-01,-3.118257224559783936e-01,-2.206919938325881958e-01,3.554790467023849487e-02,5.532798171043395996e-01,4.445514976978302002e-01,2.582603991031646729e-01,1.760077029466629028e-01,1.572778634727001190e-02,1.805996000766754150e-01,1.243445798754692078e-01,6.647792458534240723e-02,1.375967264175415039e-01,3.835613727569580078e-01,1.941127777099609375e-01,-2.679054141044616699e-01,1.625555008649826050e-01,4.768240824341773987e-02,2.377938032150268555e-01,-4.668496549129486084e-02,1.501353532075881958e-01,1.608702391386032104e-01,-1.198878958821296692e-01,-1.834526062011718750e-01,-1.986672282218933105e-01,-2.027410715818405151e-01,-3.322206735610961914e-01,-3.126439750194549561e-01,7.841178774833679199e-02,2.927509695291519165e-02,-6.810419261455535889e-02,1.277678310871124268e-01,-9.574365615844726562e-02,-1.910653412342071533e-01,-7.719845743849873543e-04,-1.191739216446876526e-01,4.765665531158447266e-02,3.805164247751235962e-02,1.580038219690322876e-01,1.073066443204879761e-01,6.914579868316650391e-02,1.154821552336215973e-02,1.697215586900711060e-01,-6.100928038358688354e-02,-1.116717159748077393e-01,-2.812216579914093018e-01,-3.256973028182983398e-01,-8.493396639823913574e-02,-6.176861375570297241e-02,6.770730018615722656e-02
-3.420500084757804871e-02,-2.094463557004928589e-01,1.306749582290649414e-01,1.022816002368927002e-01,7.467403411865234375e-01,0.000000000000000000e+00,1.875116825103759766e-01,-2.856301963329315186e-01,6.141249537467956543e-01,4.056383669376373291e-01,1.286172121763229370e-02,-2.499805837869644165e-01,1.171912476420402527e-01,-2.831729352474212646e-01,4.130653738975524902e-01,2.770433723926544189e-01,-1.568635106086730957e-01,-3.051213324069976807e-01,-1.918740272521972656e-01,-1.063295528292655945e-01,5.237870812416076660e-01,4.353972971439361572e-01,-4.813567176461219788e-02,9.443268179893493652e-02,6.439368724822998047e-01,6.570869088172912598e-01,3.037262558937072754e-01,6.134219169616699219e-01,7.718674093484878540e-02,-1.422374844551086426e-01,4.970643222332000732e-01,4.362034499645233154e-01,1.358433216810226440e-01,7.182063534855842590e-03,1.758881956338882446e-01,-3.919544070959091187e-02,2.940866947174072266e-01,2.105792909860610962e-01,1.589269191026687622e-01,1.472491025924682617e-01,1.819775551557540894e-01,2.748866677284240723e-01,-3.005457222461700439e-01,-1.927921026945114136e-01,-3.420067429542541504e-01,-2.891664206981658936e-01,-3.053812682628631592e-01,-4.050875306129455566e-01,-3.149797916412353516e-01,-4.893982410430908203e-01,-2.348086088895797729e-01,-5.257697701454162598e-01,-2.778283059597015381e-01,-4.261336624622344971e-01,-1.781962215900421143e-01,-2.440418750047683716e-01,-2.433614060282707214e-02,-2.683636546134948730e-01,-6.596303731203079224e-02,-4.072978496551513672e-01,1.415206640958786011e-01,-2.283690869808197021e-01,7.654975354671478271e-02,-2.377811372280120850e-01,-1.350589543581008911e-01,-3.816319406032562256e-01,-9.839957952499389648e-02,-2.496578097343444824e-01,-1.891243606805801392e-01,7.865232229232788086e-02,5.845323204994201660e-01,4.895352423191070557e-01,3.288539052009582520e-01,2.237283736467361450e-01,7.651621848344802856e-02,2.377249002456665039e-01,2.671716511249542236e-01,1.980393677949905396e-01,1.199188008904457092e-01,3.523774743080139160e-01,2.880943417549133301e-01,-3.147636055946350098e-01,2.788337171077728271e-01,1.600209474563598633e-01,2.974661588668823242e-01,-4.859413951635360718e-02,1.425695568323135376e-01,1.894645243883132935e-01,-5.007401108741760254e-02,-1.540304720401763916e-01,-2.017705887556076050e-01,-2.076295912265777588e-01,-2.937334775924682617e-01,-2.965675592422485352e-01,4.713199660181999207e-02,-8.667203783988952637e-02,-1.950056403875350952e-01,1.829256489872932434e-02,-1.266366243362426758e-01,-2.675521075725555420e-01,-2.976585179567337036e-02,-1.670598536729812622e-01,1.751447841525077820e-02,-2.399886213243007660e-02,2.117776125669479370e-01,1.597782522439956665e-01,6.869239732623100281e-03,-5.263537541031837463e-02,1.550854295492172241e-01,-1.309165060520172119e-01,-1.381177008152008057e-01,-3.645631670951843262e-01,-2.589932978153228760e-01,-4.132276028394699097e-02,-3.707246482372283936e-02,4.419013857841491699e-02
5.536224842071533203e-01,-3.982508555054664612e-02,5.200206637382507324e-01,2.762438058853149414e-01,1.027581989765167236e-01,1.875116825103759766e-01,0.000000000000000000e+00,2.855176329612731934e-01,4.749713093042373657e-02,-1.714224070310592651e-01,4.908333420753479004e-01,5.502778664231300354e-02,4.957647323608398438e-01,6.060076504945755005e-02,1.542693376541137695e-01,-2.371745705604553223e-01,3.065301477909088135e-01,8.012261241674423218e-02,3.906353712081909180e-01,2.333272695541381836e-01,8.780191093683242798e-02,2.480348013341426849e-02,2.186684310436248779e-01,2.609225511550903320e-01,3.280118107795715332e-02,-2.470979932695627213e-03,-1.081857606768608093e-01,5.627867206931114197e-02,3.736907839775085449e-01,3.951809182763099670e-02,2.698786854743957520e-01,1.962797343730926514e-01,1.369127780199050903e-01,6.164652481675148010e-02,4.234810546040534973e-02,-8.487185090780258179e-02,1.678695678710937500e-01,2.632468752562999725e-02,5.689419806003570557e-02,-1.974098086357116699e-01,1.231081113219261169e-01,1.311531066894531250e-01,-5.904431641101837158e-02,2.481763437390327454e-02,-1.192528009414672852e-01,-2.194346487522125244e-01,-1.978850513696670532e-01,-2.046632319688796997e-01,-1.562908664345741272e-02,-1.613682061433792114e-01,7.670034468173980713e-02,-2.035686224699020386e-01,1.200632099062204361e-02,-1.000134274363517761e-01,-1.454049255698919296e-02,-2.371767461299896240e-01,4.246069490909576416e-01,6.159617332741618156e-04,4.575742483139038086e-01,5.744784139096736908e-03,3.893567919731140137e-01,-1.042228564620018005e-01,3.232609927654266357e-01,-1.350944638252258301e-01,3.123876750469207764e-01,-1.559559404850006104e-01,3.206858634948730469e-01,6.910484284162521362e-02,2.248095124959945679e-01,1.620337516069412231e-01,9.039606153964996338e-02,1.183096319437026978e-01,3.124338686466217041e-01,1.122538894414901733e-01,-5.698416754603385925e-02,-7.651360239833593369e-03,2.530961930751800537e-01,1.417486816644668579e-01,-1.550388522446155548e-02,-1.306543648242950439e-01,1.723085641860961914e-01,-2.001208364963531494e-01,7.968971133232116699e-02,-7.160437852144241333e-02,2.147422581911087036e-01,-4.393425881862640381e-01,3.344384208321571350e-02,-6.328667700290679932e-02,4.812289401888847351e-02,-2.379118651151657104e-01,5.904401093721389771e-02,-7.905664294958114624e-02,5.387242510914802551e-02,1.156512647867202759e-02,-4.613761603832244873e-02,-2.182585746049880981e-01,-2.283143997192382812e-01,-2.164870947599411011e-01,-9.584717452526092529e-02,-2.032581418752670288e-01,-4.442125931382179260e-02,-6.344051659107208252e-02,-5.999450758099555969e-02,-9.810970723628997803e-02,9.812295436859130859e-02,8.475068956613540649e-02,-3.230701759457588196e-02,-1.191293820738792419e-01,2.322366199223324656e-04,-2.622831463813781738e-01,-1.591379493474960327e-01,-3.157035410404205322e-01,-1.072264760732650757e-01,-7.461743801832199097e-02,1.831174083054065704e-02,-4.264945164322853088e-02
1.417586952447891235e-01,1.978469043970108032e-01,1.091817915439605713e-01,3.684221208095550537e-01,-3.580607473850250244e-01,-2.856301963329315186e-01,2.855176329612731934e-01,0.000000000000000000e+00,-3.151479959487915039e-01,-1.999917626380920410e-01,5.313280597329139709e-02,3.013380765914916992e-01,7.951199263334274292e-02,2.214761823415756226e-01,-3.090352416038513184e-01,-1.907868087291717529e-01,3.408128861337900162e-03,6.617044657468795776e-02,3.041683137416839600e-01,1.922496557235717773e-01,-3.252471983432769775e-01,-3.699663579463958740e-01,3.113460242748260498e-01,1.685000061988830566e-01,-2.925667464733123779e-01,-3.138140439987182617e-01,-2.152096927165985107e-01,-3.408909440040588379e-01,-1.732160896062850952e-02,5.234976857900619507e-02,-1.425614356994628906e-01,-1.258211303502321243e-02,5.922417715191841125e-02,3.368910551071166992e-01,-3.375718370079994202e-02,6.281207501888275146e-02,-2.269531786441802979e-01,-1.681638658046722412e-01,-2.424333542585372925e-01,-2.772811651229858398e-01,-1.393575370311737061e-01,-1.457721740007400513e-01,2.539871335029602051e-01,1.792466938495635986e-01,1.948722153902053833e-01,2.170252054929733276e-01,3.839344903826713562e-02,2.315207868814468384e-01,2.302552014589309692e-01,3.059388399124145508e-01,2.423984259366989136e-01,3.734189271926879883e-01,2.034414112567901611e-01,3.424810171127319336e-01,-1.402352601289749146e-01,-4.504301398992538452e-02,9.814994782209396362e-02,2.994982004165649414e-01,1.351497173309326172e-01,3.689695000648498535e-01,1.326889246702194214e-01,4.277937114238739014e-01,-1.876646727323532104e-01,5.008677020668983459e-02,1.951445192098617554e-01,3.952959179878234863e-01,1.386286169290542603e-01,2.131921648979187012e-01,1.419824361801147461e-01,-1.511424928903579712e-01,-2.775494456291198730e-01,-1.626448184251785278e-01,-6.401381641626358032e-02,-6.137762963771820068e-02,-2.222892940044403076e-01,-2.608950138092041016e-01,-4.127699881792068481e-02,3.580435365438461304e-02,-7.310649007558822632e-02,-6.744834780693054199e-02,-4.400168359279632568e-02,3.017879426479339600e-01,-3.102273344993591309e-01,-1.538692712783813477e-01,-6.862333416938781738e-02,9.258268773555755615e-02,-2.803842723369598389e-01,-2.737216651439666748e-01,-1.023389548063278198e-01,-1.247921213507652283e-01,2.190967649221420288e-02,-1.063865143805742264e-03,2.868473827838897705e-01,1.689824461936950684e-01,-3.029149770736694336e-01,-1.899295747280120850e-01,-1.977676153182983398e-01,-2.411860525608062744e-01,-2.076313197612762451e-01,-1.445097625255584717e-01,-2.125132530927658081e-01,-5.133507028222084045e-02,-2.797468006610870361e-01,-2.347887456417083740e-01,-2.117827087640762329e-01,-1.448979377746582031e-01,-1.854228079319000244e-01,-1.785154044628143311e-01,-2.242905199527740479e-01,-1.214533299207687378e-01,-1.725346744060516357e-01,2.581393113359808922e-03,9.472633898258209229e-02,-1.578549109399318695e-02,1.692073196172714233e-01,-1.564625054597854614e-01
-2.751008570194244385e-01,-4.442724287509918213e-01,-2.359804362058639526e-01,-2.289643585681915283e-01,6.517094969749450684e-01,6.141249537467956543e-01,4.749713093042373657e-02,-3.151479959487915039e-01,0.000000000000000000e+00,6.641554236412048340e-01,4.457667469978332520e-03,-5.008649826049804688e-01,1.383197307586669922e-01,-4.244360327720642090e-01,4.619492590427398682e-01,5.173404812812805176e-01,-2.725482285022735596e-01,-5.280139446258544922e-01,-4.329833984375000000e-01,-4.164257943630218506e-01,3.808134496212005615e-01,2.665568590164184570e-01,-1.839887946844100952e-01,-3.120810985565185547e-01,6.628432273864746094e-01,6.373974680900573730e-01,3.556038439273834229e-01,6.526540517807006836e-01,-5.716045945882797241e-02,-2.288718670606613159e-01,1.551732420921325684e-01,1.434064954519271851e-01,-3.767134621739387512e-02,-7.565148919820785522e-02,1.797631978988647461e-01,-1.734208315610885620e-02,2.184428274631500244e-01,7.214517891407012939e-02,2.032267861068248749e-02,1.269302964210510254e-01,3.968008607625961304e-02,2.058974057435989380e-01,-2.145831733942031860e-01,-2.338359206914901733e-01,-1.967361569404602051e-01,-7.343241572380065918e-02,-1.855696141719818115e-01,-3.400126695632934570e-01,-4.929958656430244446e-02,-2.187540680170059204e-01,2.676769858226180077e-03,-2.735246121883392334e-01,-1.957049816846847534e-01,-2.109774798154830933e-01,-2.409527152776718140e-01,-3.458254039287567139e-01,-2.294370830059051514e-01,-4.006550610065460205e-01,-2.086924314498901367e-01,-5.587865114212036133e-01,2.834829986095428467e-01,-1.973737329244613647e-01,-1.130199059844017029e-01,-4.609427154064178467e-01,-2.331788986921310425e-01,-2.630247771739959717e-01,-3.540461361408233643e-01,-4.014651179313659668e-01,-4.520078599452972412e-01,-2.635465562343597412e-01,6.159002184867858887e-01,4.277203381061553955e-01,1.900390386581420898e-01,1.856692433357238770e-01,2.539297342300415039e-01,3.001318573951721191e-01,1.735889315605163574e-01,8.660992234945297241e-02,2.671277225017547607e-01,5.248622298240661621e-01,2.537914216518402100e-01,-3.115243911743164062e-01,1.234240308403968811e-01,4.605486616492271423e-02,2.974167466163635254e-01,-5.469734966754913330e-02,-1.698814891278743744e-02,4.429081082344055176e-02,-1.644086688756942749e-01,-2.523064613342285156e-01,-1.290113031864166260e-01,-3.281322494149208069e-02,-2.481287866830825806e-01,-1.419596076011657715e-01,5.666402634233236313e-03,-1.698052510619163513e-02,-2.758365496993064880e-02,4.389597475528717041e-02,-1.081366837024688721e-01,-2.062308192253112793e-01,-1.741580218076705933e-01,-1.457852572202682495e-01,-1.623554378747940063e-01,-1.234547495841979980e-01,3.336832672357559204e-02,4.722315445542335510e-02,-4.579296335577964783e-02,-9.398712217807769775e-02,9.074839949607849121e-02,-4.904898628592491150e-02,-1.724797040224075317e-01,-1.625749319791793823e-01,-1.682728230953216553e-01,-9.841968119144439697e-02,-6.460919231176376343e-02,4.769300669431686401e-02
-4.340229928493499756e-01,-4.281708300113677979e-01,-4.606705307960510254e-01,-3.370162844657897949e-01,3.681987524032592773e-01,4.056383669376373291e-01,-1.714224070310592651e-01,-1.999917626380920410e-01,6.641554236412048340e-01,0.000000000000000000e+00,-1.976955384016036987e-01,-4.897921681404113770e-01,2.946157939732074738e-03,-3.266617655754089355e-01,3.446732163429260254e-01,6.218611598014831543e-01,-3.914022147655487061e-01,-5.124633312225341797e-01,-5.465953350067138672e-01,-5.351980328559875488e-01,3.214263617992401123e-01,2.626266181468963623e-01,-2.506200969219207764e-01,-4.007084369659423828e-01,4.444909989833831787e-01,4.920961856842041016e-01,3.417015373706817627e-01,4.426285922527313232e-01,-2.630442380905151367e-01,-3.101257681846618652e-01,-1.280447989702224731e-01,-8.156702667474746704e-02,-1.251328587532043457e-01,-9.781880676746368408e-02,2.305419594049453735e-01,6.437412649393081665e-02,8.699560910463333130e-02,1.068615242838859558e-01,3.564665466547012329e-02,1.725632399320602417e-01,-3.158649057149887085e-02,4.067367315292358398e-02,-5.857110023498535156e-02,-1.893676668405532837e-01,-6.707439571619033813e-02,5.559697374701499939e-02,-1.386029645800590515e-02,-1.666136831045150757e-01,1.285053975880146027e-02,-9.023183584213256836e-02,6.761599332094192505e-02,-1.211696490645408630e-01,-2.156036160886287689e-02,8.761802688241004944e-03,-1.285879760980606079e-01,-1.669255942106246948e-01,-3.661744892597198486e-01,-3.755076527595520020e-01,-3.102106153964996338e-01,-4.557475447654724121e-01,1.585064679384231567e-01,-1.171727702021598816e-01,-2.892405688762664795e-01,-4.434222579002380371e-01,-2.203711569309234619e-01,-8.892556279897689819e-02,-4.207584261894226074e-01,-3.250581622123718262e-01,-5.591414570808410645e-01,-4.292667508125305176e-01,4.350716769695281982e-01,2.706136703491210938e-01,-3.695689514279365540e-02,5.028122290968894958e-02,2.148257791996002197e-01,2.412407696247100830e-01,5.677222833037376404e-02,3.688626736402511597e-02,1.808808743953704834e-01,4.588594138622283936e-01,1.894336193799972534e-01,-1.521954536437988281e-01,9.500256180763244629e-02,8.935330808162689209e-02,2.476074695587158203e-01,1.488875746726989746e-01,-3.192353993654251099e-02,1.001670286059379578e-01,-7.096173614263534546e-02,-8.622218668460845947e-02,-6.878465414047241211e-02,1.099493801593780518e-01,-1.220171451568603516e-01,2.379353530704975128e-02,-5.109283328056335449e-02,-3.034633956849575043e-02,-2.517370134592056274e-02,-1.684409193694591522e-02,-9.434607625007629395e-02,-1.790214031934738159e-01,-2.261838465929031372e-01,-1.156037151813507080e-01,-2.346746623516082764e-01,-1.676126122474670410e-01,-1.008426174521446228e-01,-4.652799665927886963e-02,-1.212670430541038513e-01,-8.586082607507705688e-02,1.155577693134546280e-02,2.890096418559551239e-02,-1.585267484188079834e-01,3.083320334553718567e-03,2.102120593190193176e-02,-1.218902599066495895e-02,-2.746465243399143219e-02,1.971430703997612000e-02
5.975250005722045898e-01,-3.878740966320037842e-02,2.406363785266876221e-01,-3.380933031439781189e-02,-2.480987086892127991e-02,1.286172121763229370e-02,4.908333420753479004e-01,5.313280597329139709e-02,4.457667469978332520e-03,-1.976955384016036987e-01,0.000000000000000000e+00,1.248429864645004272e-01,6.713591814041137695e-01,8.015172928571701050e-02,1.340744942426681519e-01,-2.155006527900695801e-01,4.517127275466918945e-01,7.440051436424255371e-02,3.423992693424224854e-01,2.178045660257339478e-01,-8.191935718059539795e-02,-2.011905163526535034e-01,-6.908109784126281738e-02,-1.015072409063577652e-02,-1.397763788700103760e-01,-1.403668373823165894e-01,-2.660325765609741211e-01,-2.008157782256603241e-02,5.437815785408020020e-01,2.140153050422668457e-01,5.879123136401176453e-02,-4.273953661322593689e-02,2.726874649524688721e-01,9.281503409147262573e-02,3.434211015701293945e-02,2.938865125179290771e-02,1.306371390819549561e-01,-1.036416292190551758e-01,-4.628753662109375000e-02,-3.835574686527252197e-01,2.416367381811141968e-01,1.419120132923126221e-01,1.616421937942504883e-01,1.846370249986648560e-01,9.303361177444458008e-02,1.472377032041549683e-02,1.037364006042480469e-01,1.227850187569856644e-02,2.795240581035614014e-01,7.388850674033164978e-03,2.926193177700042725e-01,-4.654552787542343140e-03,2.220127135515213013e-01,7.321869581937789917e-02,9.932550042867660522e-02,-2.878861129283905029e-01,5.736164450645446777e-01,-1.060620322823524475e-02,5.575395226478576660e-01,-3.260987997055053711e-02,5.480410456657409668e-01,-1.419180780649185181e-01,5.108910202980041504e-01,-5.294148251414299011e-02,3.326414823532104492e-01,-2.114653587341308594e-01,2.540912628173828125e-01,4.222104325890541077e-02,2.603693306446075439e-01,8.896321058273315430e-02,1.124395132064819336e-01,-1.290452055400237441e-04,3.948348164558410645e-01,1.527015715837478638e-01,1.072125062346458435e-01,-8.083795197308063507e-03,2.962116003036499023e-01,1.585460305213928223e-01,3.012490272521972656e-01,-9.347265213727951050e-02,3.648468554019927979e-01,-1.350741535425186157e-01,8.511299639940261841e-02,-6.033913791179656982e-02,3.012802302837371826e-01,-4.404569566249847412e-01,-1.065646559000015259e-01,-2.837859392166137695e-01,-5.491045862436294556e-02,-2.943045794963836670e-01,1.433042883872985840e-01,-9.557631611824035645e-02,1.330347657203674316e-01,-5.624078586697578430e-02,5.749341100454330444e-02,-1.822698563337326050e-01,-1.375759243965148926e-01,-2.504870295524597168e-01,3.750148788094520569e-02,-1.561504304409027100e-01,-1.404284834861755371e-01,-2.765116691589355469e-01,-1.528152525424957275e-01,-2.440488189458847046e-01,1.488950382918119431e-02,-1.084280479699373245e-02,-1.594963371753692627e-01,-1.759635806083679199e-01,-1.481267064809799194e-01,-2.820478379726409912e-01,-9.340511262416839600e-02,-1.670656204223632812e-01,6.407579034566879272e-02,-8.558403700590133667e-02,2.391665242612361908e-02,-3.629995137453079224e-02
2.982664704322814941e-01,5.736168622970581055e-01,2.746784687042236328e-01,3.100580871105194092e-01,-2.661949098110198975e-01,-2.499805837869644165e-01,5.502778664231300354e-02,3.013380765914916992e-01,-5.008649826049804688e-01,-4.897921681404113770e-01,1.248429864645004272e-01,0.000000000000000000e+00,1.535619725473225117e-03,5.273749828338623047e-01,-2.861339151859283447e-01,-3.733366131782531738e-01,2.311728447675704956e-01,5.109881162643432617e-01,4.079595506191253662e-01,4.871159493923187256e-01,-2.624377310276031494e-01,-1.855532228946685791e-01,1.161995008587837219e-01,3.850186765193939209e-01,-4.230650067329406738e-01,-3.754625618457794189e-01,-2.851978540420532227e-01,-4.434605240821838379e-01,1.762083619832992554e-01,4.423611760139465332e-01,1.143216267228126526e-01,6.706349551677703857e-02,5.070783570408821106e-02,5.815504584461450577e-03,-2.439827919006347656e-01,-1.325112581253051758e-01,-2.052225172519683838e-01,-8.299829810857772827e-02,-1.872852258384227753e-02,-1.524311453104019165e-01,1.413491666316986084e-01,9.276985190808773041e-03,4.376283660531044006e-02,2.319580316543579102e-01,-6.859128363430500031e-03,-3.867597505450248718e-02,-1.658277120441198349e-03,1.513687223196029663e-01,-8.619996905326843262e-02,1.251834034919738770e-01,-1.648840904235839844e-01,1.389118880033493042e-01,-5.097274854779243469e-02,-5.077196285128593445e-02,-3.025398030877113342e-02,1.313763707876205444e-01,2.160679847002029419e-01,4.278871417045593262e-01,1.118846014142036438e-01,4.762303233146667480e-01,-1.730262339115142822e-01,3.415322303771972656e-01,1.803289204835891724e-01,6.265697479248046875e-01,5.636312812566757202e-02,9.878945350646972656e-02,1.777180135250091553e-01,1.583938598632812500e-01,4.336067736148834229e-01,2.916400432586669922e-01,-3.914557695388793945e-01,-1.977464109659194946e-01,2.296572318300604820e-03,4.413128644227981567e-02,-1.394053250551223755e-01,-1.203812062740325928e-01,-1.326385419815778732e-03,1.175259351730346680e-01,-1.251908391714096069e-01,-2.848141491413116455e-01,-2.050269693136215210e-01,2.537932991981506348e-01,-1.250029504299163818e-01,7.272780686616897583e-02,-3.008001446723937988e-01,4.954252019524574280e-02,6.782138720154762268e-03,-5.561361461877822876e-02,4.261972755193710327e-02,1.664950847625732422e-01,-9.786171466112136841e-02,-2.024081945419311523e-01,-5.021385103464126587e-02,-1.588202267885208130e-01,6.036226172000169754e-03,-7.622088491916656494e-02,-1.306101828813552856e-01,-9.124092012643814087e-02,-8.318074792623519897e-02,5.425919964909553528e-02,1.609474867582321167e-01,2.848952310159802437e-03,1.785949170589447021e-01,8.011078834533691406e-02,1.106099188327789307e-01,1.045292094349861145e-01,6.427623331546783447e-02,5.904741212725639343e-02,-1.351045072078704834e-01,-5.231304559856653214e-03,1.429456770420074463e-01,-1.453590989112854004e-01,2.470260858535766602e-02,4.863152280449867249e-02,8.821200579404830933e-02,-3.564448270481079817e-04
4.475107491016387939e-01,-1.619831323623657227e-01,1.887538582086563110e-01,2.444284502416849136e-03,7.085829973220825195e-02,1.171912476420402527e-01,4.957647323608398438e-01,7.951199263334274292e-02,1.383197307586669922e-01,2.946157939732074738e-03,6.713591814041137695e-01,1.535619725473225117e-03,0.000000000000000000e+00,1.663496345281600952e-01,3.443561792373657227e-01,-9.283137507736682892e-03,3.219915330410003662e-01,-3.215476498007774353e-02,2.015731930732727051e-01,5.653995275497436523e-02,-1.696144975721836090e-02,-1.106455847620964050e-01,6.844110041856765747e-02,4.374117404222488403e-02,-1.090124156326055527e-02,-2.621056511998176575e-03,-1.471726149320602417e-01,6.276237964630126953e-02,3.955853879451751709e-01,2.441451326012611389e-02,1.572506502270698547e-02,-2.248572185635566711e-02,1.760288178920745850e-01,4.574862867593765259e-02,1.781118512153625488e-01,4.225982353091239929e-02,9.370607882738113403e-02,-9.960749000310897827e-02,-3.191143274307250977e-02,-2.517344653606414795e-01,2.222280800342559814e-01,1.277451366186141968e-01,8.829204738140106201e-02,6.123315170407295227e-02,4.956680163741111755e-02,-2.909489534795284271e-02,-1.378392148762941360e-02,-8.297460526227951050e-02,2.156138122081756592e-01,2.129552420228719711e-03,2.912188768386840820e-01,-1.817091926932334900e-02,1.900877952575683594e-01,7.257891446352005005e-02,6.542778015136718750e-02,-2.748827934265136719e-01,3.991542160511016846e-01,-1.254907250404357910e-01,4.067667722702026367e-01,-1.793516278266906738e-01,4.665046930313110352e-01,-1.819315403699874878e-01,3.565294146537780762e-01,-2.349827587604522705e-01,4.079383015632629395e-01,-1.488749533891677856e-01,1.257431954145431519e-01,-4.222391918301582336e-02,8.320315182209014893e-02,-5.973242968320846558e-02,1.924881935119628906e-01,8.474077284336090088e-02,3.436565399169921875e-01,1.349640786647796631e-01,4.967172071337699890e-02,9.454341977834701538e-02,2.753442227840423584e-01,1.491959691047668457e-01,2.202339470386505127e-01,-3.444477543234825134e-02,3.513871133327484131e-01,-1.444627344608306885e-01,1.251274347305297852e-01,-1.431064028292894363e-02,4.205214977264404297e-01,-3.529959917068481445e-01,-4.037250299006700516e-03,-1.539547443389892578e-01,-2.807385055348277092e-03,-2.685831189155578613e-01,1.173055693507194519e-01,-1.852404512465000153e-02,1.490925848484039307e-01,-1.810446940362453461e-02,2.779477089643478394e-02,-1.508873105049133301e-01,-1.590011119842529297e-01,-2.357709109783172607e-01,-4.376598075032234192e-02,-2.306369543075561523e-01,-1.720994263887405396e-01,-2.368913590908050537e-01,-2.202945649623870850e-01,-2.405360341072082520e-01,-1.233093533664941788e-02,-4.765583574771881104e-02,-2.121112346649169922e-01,-1.871470510959625244e-01,-1.532993465662002563e-02,-2.776615619659423828e-01,-1.756431609392166138e-01,-2.194711267948150635e-01,9.186326526105403900e-03,-8.473195135593414307e-02,1.015086248517036438e-01,-3.952112421393394470e-02
