0.000000000000000000e+00,7.463410496711730957e-01,-1.680192947387695312e-01,-3.274353742599487305e-01,-4.487520754337310791e-01,-3.863106369972229004e-01,-1.468277573585510254e-01,-3.059440553188323975e-01,-2.690674066543579102e-01,-3.757134974002838135e-01,4.628896415233612061e-01,1.119117662310600281e-01,-1.833974123001098633e-01,-4.004811644554138184e-01,-3.577001988887786865e-01,-2.196304798126220703e-01,4.607867896556854248e-01,4.859920740127563477e-01,5.208840370178222656e-01,3.899473547935485840e-01,-1.648001670837402344e-01,-1.393945813179016113e-01,-3.808341920375823975e-01,-4.074683189392089844e-01,-4.308800101280212402e-01,-4.186854958534240723e-01,-3.709874749183654785e-01,-3.152216076850891113e-01,1.454943716526031494e-01,-5.968014523386955261e-02,6.037011742591857910e-02,1.573271006345748901e-01,6.303318142890930176e-01,4.915594458580017090e-01,-6.354773044586181641e-02,1.912118345499038696e-01,-8.236794173717498779e-02,-1.402103304862976074e-01,-1.190388426184654236e-01,-2.381305694580078125e-01,-5.824970453977584839e-02,-1.083183661103248596e-01,1.264634877443313599e-01,2.038499712944030762e-01,3.205102682113647461e-02,1.214838847517967224e-01,8.192750811576843262e-02,6.843559443950653076e-02,1.448972225189208984e-01,2.266909927129745483e-01,2.669925391674041748e-01,1.396737098693847656e-01,3.053673803806304932e-01,3.572387099266052246e-01,1.727234870195388794e-01,2.112539708614349365e-01,6.212493777275085449e-01,5.040478110313415527e-01,4.287634193897247314e-01,-3.474811911582946777e-01,4.659422338008880615e-01,-4.697234630584716797e-01,-1.223472282290458679e-01,1.950997859239578247e-02,-2.457077503204345703e-01,-4.895620048046112061e-01,1.102849990129470825e-01,2.548118829727172852e-01,3.483802676200866699e-01,2.611477971076965332e-01,1.487734615802764893e-01,-2.240881510078907013e-02,-1.636315286159515381e-01,-7.734395563602447510e-02,-8.992777019739151001e-02,-1.858303248882293701e-01,-1.566789858043193817e-02,4.156571254134178162e-02,3.085720241069793701e-01,1.553235650062561035e-01,7.929713465273380280e-03,-5.333447083830833435e-02,-2.770622372627258301e-01,-1.339242011308670044e-01,4.083064943552017212e-02,-6.716896593570709229e-02,-9.928466379642486572e-02,-3.813712298870086670e-02,2.698257565498352051e-01,2.283244580030441284e-01,2.057577222585678101e-01,3.625045418739318848e-01,2.587693035602569580e-01,1.401942372322082520e-01,-4.110031202435493469e-02,-4.320657253265380859e-02,5.711961910128593445e-02,1.201280131936073303e-01,1.300448179244995117e-01,2.014095038175582886e-01,1.537949591875076294e-01,3.100797533988952637e-02,2.104212045669555664e-01,1.859312057495117188e-01,-9.349808841943740845e-02,-1.755961179733276367e-01,1.014029458165168762e-01,6.691170483827590942e-02,1.969902664422988892e-01,2.232898473739624023e-01,-3.842808678746223450e-02,4.976960271596908569e-02,2.044026702642440796e-01,2.705261707305908203e-01,-7.462615519762039185e-02,-5.440008826553821564e-03
7.463410496711730957e-01,0.000000000000000000e+00,-1.813120096921920776e-01,-2.430030703544616699e-01,-4.250395298004150391e-01,-3.246008157730102539e-01,-2.320560514926910400e-01,-2.248008549213409424e-01,-2.985719144344329834e-01,-3.566789329051971436e-01,3.273583650588989258e-01,1.931364089250564575e-01,-1.268868446350097656e-01,-3.354176580905914307e-01,-3.161498904228210449e-01,-2.113137096166610718e-01,3.925753533840179443e-01,4.927290678024291992e-01,4.113742113113403320e-01,3.178701400756835938e-01,-2.014256119728088379e-01,-1.674599945545196533e-01,-3.372919261455535889e-01,-3.479455709457397461e-01,-3.837981522083282471e-01,-3.786630034446716309e-01,-3.225545585155487061e-01,-2.891589999198913574e-01,5.876172706484794617e-02,-1.564402580261230469e-01,-1.087705940008163452e-01,6.070750951766967773e-02,5.613113641738891602e-01,4.590636789798736572e-01,-1.219399124383926392e-01,1.539778262376785278e-01,-1.483903974294662476e-01,-1.742439568042755127e-01,-7.111957669258117676e-02,-1.979280263185501099e-01,-1.536200642585754395e-01,-1.186129078269004822e-01,1.503573358058929443e-01,1.880503743886947632e-01,-7.365307956933975220e-02,7.117959856986999512e-02,2.952040173113346100e-03,3.277821093797683716e-02,1.369227916002273560e-01,2.962412238121032715e-01,2.856925725936889648e-01,1.462714076042175293e-01,3.293012976646423340e-01,3.786135613918304443e-01,1.740658730268478394e-01,2.492108792066574097e-01,6.871470212936401367e-01,6.566663384437561035e-01,4.103014171123504639e-01,-2.873362898826599121e-01,4.608039259910583496e-01,-3.602857887744903564e-01,-1.567702889442443848e-01,1.130988970398902893e-01,-2.962439656257629395e-01,-4.545789957046508789e-01,6.646986119449138641e-03,2.128771543502807617e-01,3.148421645164489746e-01,2.149441242218017578e-01,1.619959324598312378e-01,-3.457543626427650452e-02,-2.662316858768463135e-01,-1.782042682170867920e-01,-2.100020498037338257e-01,-2.809535861015319824e-01,-9.165260195732116699e-02,-2.165660820901393890e-02,3.364090025424957275e-01,2.597592473030090332e-01,-5.273470305837690830e-04,2.602292224764823914e-02,-3.671138286590576172e-01,-2.305984646081924438e-01,1.634894907474517822e-01,7.121115177869796753e-02,-7.633434236049652100e-02,-2.257857657968997955e-02,2.184884101152420044e-01,2.792709171772003174e-01,2.494531422853469849e-01,3.648763597011566162e-01,2.336944043636322021e-01,8.606912195682525635e-02,3.207841655239462852e-03,-7.480091601610183716e-02,-2.307302132248878479e-02,5.421227589249610901e-02,1.476923823356628418e-01,1.894227117300033569e-01,2.115274071693420410e-01,4.008897021412849426e-02,2.663181722164154053e-01,2.077394574880599976e-01,-4.360502958297729492e-02,-1.617690920829772949e-01,1.264550834894180298e-01,5.667576938867568970e-02,2.032152116298675537e-01,1.424922049045562744e-01,-1.763817667961120605e-01,5.911234021186828613e-02,1.648084074258804321e-01,3.001050949096679688e-01,-4.268602654337882996e-02,8.643431589007377625e-03
-1.680192947387695312e-01,-1.813120096921920776e-01,0.000000000000000000e+00,5.737807154655456543e-01,4.360612630844116211e-01,1.939554363489151001e-01,7.009375095367431641e-01,4.596793949604034424e-01,3.175831735134124756e-01,4.424014985561370850e-01,-1.329654753208160400e-01,-2.809366285800933838e-01,9.962984360754489899e-03,2.727009952068328857e-01,1.729712486267089844e-01,2.309802323579788208e-01,8.297766745090484619e-02,-1.177275460213422775e-02,-1.481638550758361816e-01,-2.279668301343917847e-01,1.104902029037475586e-01,2.825531363487243652e-01,6.260859370231628418e-01,4.129474461078643799e-01,2.751746773719787598e-01,2.766293585300445557e-01,8.711551129817962646e-02,7.031386345624923706e-02,-1.467170268297195435e-01,-8.125174045562744141e-02,2.879524603486061096e-02,-1.155027225613594055e-01,-1.717032045125961304e-01,-1.096701920032501221e-01,3.675723671913146973e-01,2.668057102710008621e-03,-1.379166990518569946e-01,2.749073132872581482e-02,-1.715231537818908691e-01,-1.055253297090530396e-01,-4.700782150030136108e-02,-5.911200493574142456e-02,-2.617526054382324219e-01,-3.561295270919799805e-01,-4.715983197093009949e-02,-3.346142172813415527e-01,-2.046703398227691650e-01,-2.195291519165039062e-01,-4.663375914096832275e-01,-3.629266619682312012e-01,-2.998089790344238281e-01,-9.756731241941452026e-02,-2.806782722473144531e-01,-2.199340164661407471e-01,-3.823334574699401855e-01,-2.081692218780517578e-01,-9.990180283784866333e-02,-2.706137597560882568e-01,-3.048507273197174072e-01,1.877091675996780396e-01,-2.235221415758132935e-01,1.922709941864013672e-01,-1.933981627225875854e-01,-2.576305270195007324e-01,3.082224130630493164e-01,2.605464458465576172e-01,3.815505653619766235e-02,-2.407406829297542572e-02,1.814511790871620178e-02,-8.961571753025054932e-02,-2.081681415438652039e-02,1.112874448299407959e-01,1.156965941190719604e-01,1.542339473962783813e-01,-7.477240264415740967e-02,6.132275611162185669e-02,7.902197539806365967e-02,2.143111266195774078e-02,-1.854808926582336426e-01,-1.785812526941299438e-01,-1.582121849060058594e-01,-1.415371894836425781e-01,-7.135278428904712200e-04,7.828190177679061890e-02,-7.260823249816894531e-02,-2.562294527888298035e-02,1.541936863213777542e-02,6.615183502435684204e-02,-3.347963690757751465e-01,-2.687224745750427246e-01,-1.885289847850799561e-01,-2.491406947374343872e-01,-1.008564308285713196e-01,-1.420791745185852051e-01,-8.180879987776279449e-03,-4.112121835350990295e-02,-2.644757628440856934e-01,-2.612761557102203369e-01,-4.189205169677734375e-01,-2.930645644664764404e-01,-7.202994078397750854e-02,-2.864429727196693420e-02,-2.319330535829067230e-02,1.376162655651569366e-02,-7.696247845888137817e-02,-1.405183598399162292e-02,-1.241809576749801636e-01,-5.394398793578147888e-02,5.336737632751464844e-02,-1.462420076131820679e-01,8.327813446521759033e-02,-2.887092828750610352e-01,-2.340135574340820312e-01,-2.133875638246536255e-01,6.619410961866378784e-02,-7.667662203311920166e-02
-3.274353742599487305e-01,-2.430030703544616699e-01,5.737807154655456543e-01,0.000000000000000000e+00,4.813315868377685547e-01,4.772902131080627441e-01,5.176447629928588867e-01,7.100914120674133301e-01,3.520877659320831299e-01,5.478914976119995117e-01,-2.627733647823333740e-01,-2.587306313216686249e-02,3.162026405334472656e-01,4.523931443691253662e-01,2.942632734775543213e-01,3.778649866580963135e-01,-2.330520898103713989e-01,-2.394874244928359985e-01,-2.044976502656936646e-01,-1.613797843456268311e-01,1.916115731000900269e-01,1.514374911785125732e-01,6.235811710357666016e-01,5.916047692298889160e-01,5.178635716438293457e-01,5.293849706649780273e-01,3.025351464748382568e-01,2.979133725166320801e-01,-3.593308329582214355e-01,-1.650722920894622803e-01,-1.895575374364852905e-01,-2.022762894630432129e-01,-3.024441599845886230e-01,-2.372908592224121094e-01,2.843051254749298096e-01,2.243722975254058838e-02,-2.489617317914962769e-01,-4.010796919465065002e-02,-6.162948533892631531e-02,9.535829722881317139e-02,-1.483164727687835693e-01,7.368133962154388428e-02,-4.042325317859649658e-01,-4.611288905143737793e-01,-1.862443089485168457e-01,-4.308533072471618652e-01,-3.090163171291351318e-01,-4.018071591854095459e-01,-5.200221538543701172e-01,-4.465019702911376953e-01,-3.715178072452545166e-01,-1.231272667646408081e-01,-4.024012386798858643e-01,-3.831048607826232910e-01,-3.248830437660217285e-01,-3.134219646453857422e-01,-1.786411702632904053e-01,-2.764544188976287842e-01,-3.815449178218841553e-01,2.767886817455291748e-01,-3.791335821151733398e-01,4.013834297657012939e-01,-1.437090337276458740e-01,-2.351325750350952148e-01,3.453961908817291260e-01,4.840884506702423096e-01,8.070575073361396790e-03,-7.890304923057556152e-02,1.234323135577142239e-04,7.446537911891937256e-02,-1.874582171440124512e-01,3.373553976416587830e-02,8.825622498989105225e-02,5.801698938012123108e-02,1.068835146725177765e-02,1.512397974729537964e-01,-2.725474722683429718e-02,-6.640276312828063965e-02,-1.913180500268936157e-01,-1.648124605417251587e-01,-2.066683471202850342e-01,-8.113002032041549683e-02,8.011999540030956268e-03,1.958073526620864868e-01,4.475452471524477005e-03,5.376524105668067932e-02,2.070257067680358887e-01,2.545230984687805176e-01,-4.045793414115905762e-01,-3.183538615703582764e-01,-3.117060661315917969e-01,-3.716590702533721924e-01,-1.101736053824424744e-01,-1.312164962291717529e-01,-8.895565569400787354e-02,-1.266819387674331665e-01,-2.189256250858306885e-01,-3.342817723751068115e-01,-4.648137986660003662e-01,-4.403881430625915527e-01,-1.363465487957000732e-01,-6.818573176860809326e-02,-2.590516209602355957e-01,-2.177844792604446411e-01,-6.194938719272613525e-02,5.031385272741317749e-02,-7.205552607774734497e-02,8.608749136328697205e-03,1.695720478892326355e-02,-1.552722603082656860e-01,1.141746193170547485e-01,-2.890717685222625732e-01,-1.344693154096603394e-01,-3.948051333427429199e-01,-8.114176243543624878e-02,7.046587765216827393e-02
-4.487520754337310791e-01,-4.250395298004150391e-01,4.360612630844116211e-01,4.813315868377685547e-01,0.000000000000000000e+00,6.213440895080566406e-01,4.517572522163391113e-01,3.993295431137084961e-01,5.086145401000976562e-01,6.054314374923706055e-01,-1.832147389650344849e-01,-6.025302037596702576e-02,2.683199048042297363e-01,3.661985397338867188e-01,5.705951452255249023e-01,6.152122020721435547e-01,-2.051237076520919800e-01,-2.410985678434371948e-01,-3.014911711215972900e-01,-2.717730700969696045e-01,2.689453065395355225e-01,2.554284334182739258e-01,6.081223487854003906e-01,4.682099521160125732e-01,6.620358824729919434e-01,5.493584275245666504e-01,6.230313777923583984e-01,6.027802824974060059e-01,-2.498240023851394653e-01,-1.304185688495635986e-01,-1.162509694695472717e-01,-1.092928871512413025e-01,-4.198364317417144775e-01,-3.084006905555725098e-01,2.835035324096679688e-01,-6.472153216600418091e-02,-2.001013010740280151e-01,-3.873028233647346497e-02,-2.354914098978042603e-01,9.375990368425846100e-03,-2.053031325340270996e-01,-2.384881973266601562e-01,-3.337144553661346436e-01,-4.318183660507202148e-01,-1.765449941158294678e-01,-3.466067612171173096e-01,-2.921358346939086914e-01,-3.677177727222442627e-01,-4.851286709308624268e-01,-4.300611913204193115e-01,-4.992659389972686768e-01,-3.512078821659088135e-01,-6.299244761466979980e-01,-6.451199054718017578e-01,-5.592174530029296875e-01,-4.354535043239593506e-01,-2.286601662635803223e-01,-2.834579944610595703e-01,-4.096943736076354980e-01,5.280560255050659180e-01,-2.646775245666503906e-01,5.676931738853454590e-01,2.633441425859928131e-02,-1.647287756204605103e-01,4.667315185070037842e-01,6.332090497016906738e-01,1.281471997499465942e-01,-8.436103165149688721e-02,-5.253414064645767212e-02,-1.685889437794685364e-02,-6.935520470142364502e-02,1.638782173395156860e-01,5.241360887885093689e-02,5.266422405838966370e-02,-3.928873315453529358e-02,1.680263727903366089e-01,-1.215604767203330994e-01,-1.111792027950286865e-01,-1.971280276775360107e-01,-6.850945949554443359e-02,-2.696026265621185303e-01,1.669111661612987518e-04,9.246310591697692871e-02,2.493494600057601929e-01,-1.548990607261657715e-01,-2.189601771533489227e-02,7.135509699583053589e-02,1.866881251335144043e-01,-5.946152806282043457e-01,-4.772684276103973389e-01,-4.838657975196838379e-01,-5.758216977119445801e-01,-4.086806178092956543e-01,-3.761865496635437012e-01,-1.779152005910873413e-01,-1.237758994102478027e-01,-2.017336636781692505e-01,-2.935734689235687256e-01,-4.176210165023803711e-01,-4.176299273967742920e-01,-2.253500372171401978e-01,6.062847748398780823e-02,-2.312409579753875732e-01,-6.862906366586685181e-02,-5.087313055992126465e-02,2.768681645393371582e-01,6.581205129623413086e-02,-2.012185305356979370e-01,-1.906523406505584717e-01,-1.039884537458419800e-01,8.461696654558181763e-02,-1.595330536365509033e-01,-3.847221732139587402e-01,-6.003952026367187500e-01,1.780446469783782959e-01,1.092080175876617432e-01
-3.863106369972229004e-01,-3.246008157730102539e-01,1.939554363489151001e-01,4.772902131080627441e-01,6.213440895080566406e-01,0.000000000000000000e+00,1.936547756195068359e-01,3.660995662212371826e-01,5.602727532386779785e-01,5.706829428672790527e-01,-2.813135087490081787e-01,-3.854880481958389282e-02,4.942157268524169922e-01,4.523911476135253906e-01,6.982315182685852051e-01,5.906771421432495117e-01,-3.189724981784820557e-01,-3.158546686172485352e-01,-3.869021832942962646e-01,-3.038350343704223633e-01,3.462543785572052002e-01,1.541787087917327881e-01,5.459204912185668945e-01,3.602796792984008789e-01,6.938612461090087891e-01,6.706632971763610840e-01,5.666286945343017578e-01,6.487879157066345215e-01,-3.419602513313293457e-01,-2.500783801078796387e-01,-3.171554505825042725e-01,-3.683197796344757080e-01,-3.533086776733398438e-01,-3.555152416229248047e-01,-3.564174287021160126e-03,-2.013453096151351929e-01,-3.137094676494598389e-01,-1.083507835865020752e-01,-8.012510836124420166e-02,1.549036800861358643e-01,-3.159015774726867676e-01,3.685160353779792786e-02,-3.064019083976745605e-01,-3.054182827472686768e-01,-2.686859369277954102e-01,-3.124077022075653076e-01,-2.827807664871215820e-01,-3.530820906162261963e-01,-4.158791303634643555e-01,-3.185249567031860352e-01,-5.217751264572143555e-01,-3.611396253108978271e-01,-6.093569397926330566e-01,-6.608828902244567871e-01,-4.727643728256225586e-01,-2.529351115226745605e-01,-4.713178426027297974e-02,-1.239465996623039246e-01,-2.452134341001510620e-01,6.091682314872741699e-01,-1.654307097196578979e-01,6.650419831275939941e-01,5.173554271459579468e-02,-9.655036032199859619e-02,3.248302042484283447e-01,5.827154517173767090e-01,1.118644699454307556e-01,-4.957815259695053101e-02,-1.539359241724014282e-02,3.840493038296699524e-02,-1.252624541521072388e-01,3.719914704561233521e-02,8.644531480967998505e-03,-4.469309002161026001e-02,-6.483181565999984741e-02,1.606568843126296997e-01,-2.227166742086410522e-01,-1.510123461484909058e-01,-2.169051617383956909e-01,-1.673787273466587067e-02,-2.502701580524444580e-01,3.961105644702911377e-02,1.608034670352935791e-01,2.879783809185028076e-01,-1.451891362667083740e-01,9.417897462844848633e-02,4.466829895973205566e-01,4.908959865570068359e-01,-5.322768092155456543e-01,-3.039069771766662598e-01,-4.730077385902404785e-01,-5.576280355453491211e-01,-5.250146389007568359e-01,-4.577176868915557861e-01,-2.277279347181320190e-01,-1.968527287244796753e-01,-2.305395752191543579e-01,-2.243702709674835205e-01,-3.057606518268585205e-01,-2.859198749065399170e-01,-2.516535818576812744e-01,-8.300904184579849243e-02,-2.921681106090545654e-01,-1.971670538187026978e-01,-4.595473781228065491e-02,2.699792385101318359e-01,1.786681711673736572e-01,-1.396825611591339111e-01,-8.517726510763168335e-02,-1.836201399564743042e-01,-1.156078651547431946e-01,-1.408674567937850952e-01,-3.947173058986663818e-01,-5.900022387504577637e-01,8.490560203790664673e-02,2.052109688520431519e-01
-1.468277573585510254e-01,-2.320560514926910400e-01,7.009375095367431641e-01,5.176447629928588867e-01,4.517572522163391113e-01,1.936547756195068359e-01,0.000000000000000000e+00,5.303921103477478027e-01,4.404517114162445068e-01,4.097892343997955322e-01,9.814007580280303955e-02,-5.401348695158958435e-02,1.761294305324554443e-01,2.409088611602783203e-01,1.764548271894454956e-01,2.614499330520629883e-01,6.591144949197769165e-02,-7.827211916446685791e-02,-4.563933610916137695e-02,-5.296283960342407227e-02,1.379873454570770264e-01,2.884362339973449707e-01,5.076102614402770996e-01,3.860282897949218750e-01,2.746788561344146729e-01,2.586103677749633789e-01,1.780681759119033813e-01,2.027698010206222534e-01,-1.579790562391281128e-01,-9.185234457254409790e-02,1.064168661832809448e-01,4.599232226610183716e-02,-1.858634799718856812e-01,-9.882684051990509033e-02,4.184859395027160645e-01,1.276618540287017822e-01,-1.450057178735733032e-01,-3.229642286896705627e-02,-2.827698290348052979e-01,-2.051955759525299072e-01,-1.199433431029319763e-01,-1.168891713023185730e-01,-4.154825210571289062e-01,-5.303896665573120117e-01,-5.428397282958030701e-02,-3.337249457836151123e-01,-3.223213255405426025e-01,-3.945411145687103271e-01,-4.894244670867919922e-01,-3.819905519485473633e-01,-3.061134815216064453e-01,-1.220424845814704895e-01,-3.709193468093872070e-01,-2.743617594242095947e-01,-4.277048110961914062e-01,-3.523260354995727539e-01,-2.144503891468048096e-01,-2.978252172470092773e-01,-3.330598473548889160e-01,1.481420844793319702e-01,-1.545575708150863647e-01,2.490545511245727539e-01,-9.503324516117572784e-03,-1.741722375154495239e-01,5.371121168136596680e-01,3.954105377197265625e-01,4.018633067607879639e-02,-1.132088378071784973e-01,-2.283141016960144043e-02,6.980372965335845947e-02,-4.953681956976652145e-03,1.983579993247985840e-01,2.359802573919296265e-01,1.783124208450317383e-01,1.138040721416473389e-01,2.356727272272109985e-01,1.675264090299606323e-01,1.222097426652908325e-01,-1.892067342996597290e-01,-2.815786004066467285e-01,-2.266098111867904663e-01,-1.339566856622695923e-01,-9.322987496852874756e-02,5.525248125195503235e-02,-1.995693296194076538e-01,-2.499217540025711060e-01,-1.649871468544006348e-01,-1.145357787609100342e-01,-4.309965968132019043e-01,-3.743979632854461670e-01,-2.924036383628845215e-01,-2.578859925270080566e-01,-8.172811567783355713e-02,-3.896234929561614990e-02,-1.296902894973754883e-01,-1.550042033195495605e-01,-2.869178354740142822e-01,-3.501613438129425049e-01,-4.934162199497222900e-01,-4.514625370502471924e-01,-3.243028745055198669e-02,5.677928030490875244e-02,-4.170862957835197449e-02,-6.248066574335098267e-02,-1.225361898541450500e-01,-6.093816831707954407e-02,-1.417888402938842773e-01,-8.204191923141479492e-02,2.202111110091209412e-02,-9.955803304910659790e-02,2.182119935750961304e-01,-2.342955023050308228e-01,-5.484466254711151123e-02,-2.800092697143554688e-01,3.466029837727546692e-02,1.520546711981296539e-02
-3.059440553188323975e-01,-2.248008549213409424e-01,4.596793949604034424e-01,7.100914120674133301e-01,3.993295431137084961e-01,3.660995662212371826e-01,5.303921103477478027e-01,0.000000000000000000e+00,3.102438151836395264e-01,5.447455644607543945e-01,-1.814252883195877075e-01,-1.216282788664102554e-02,3.081746995449066162e-01,6.075949072837829590e-01,1.998828351497650146e-01,3.149755001068115234e-01,-2.858607769012451172e-01,-2.125690132379531860e-01,-2.320117205381393433e-01,-1.680909395217895508e-01,1.069876849651336670e-01,1.520295888185501099e-01,4.670441448688507080e-01,3.921330571174621582e-01,3.643430173397064209e-01,3.516431450843811035e-01,2.413668930530548096e-01,2.284208238124847412e-01,-2.974271178245544434e-01,-9.866552799940109253e-02,-1.913506686687469482e-01,-1.540737152099609375e-01,-2.731550633907318115e-01,-2.387849688529968262e-01,1.844907999038696289e-01,-5.431675538420677185e-02,-1.848451644182205200e-01,-3.087340109050273895e-02,-9.254538267850875854e-02,3.093565627932548523e-02,-1.319053173065185547e-01,1.479722466319799423e-02,-4.238689541816711426e-01,-4.936667680740356445e-01,-1.064264699816703796e-01,-2.579847276210784912e-01,-3.206721842288970947e-01,-3.788180351257324219e-01,-4.042163491249084473e-01,-3.229234814643859863e-01,-2.921150028705596924e-01,-1.025938894599676132e-02,-3.498946726322174072e-01,-3.398239314556121826e-01,-2.660189270973205566e-01,-3.569725453853607178e-01,-2.175825685262680054e-01,-2.845829725265502930e-01,-3.626618981361389160e-01,2.172646671533584595e-01,-3.217633664608001709e-01,3.957784473896026611e-01,-4.013513773679733276e-02,-1.163697987794876099e-01,3.236720263957977295e-01,4.802224636077880859e-01,-5.770802497863769531e-02,-9.720560908317565918e-02,2.265786752104759216e-02,1.072078645229339600e-01,-1.498090624809265137e-01,2.836628630757331848e-02,1.808360964059829712e-01,9.062125533819198608e-02,3.827371075749397278e-02,1.711446642875671387e-01,-9.207163006067276001e-03,-1.013329848647117615e-01,-2.346234172582626343e-01,-1.739619076251983643e-01,-1.688091754913330078e-01,-1.764888614416122437e-01,-7.802804559469223022e-02,9.638497978448867798e-02,-1.313722580671310425e-01,-5.456770211458206177e-02,8.172259549610316753e-04,9.441318362951278687e-02,-3.599098324775695801e-01,-3.214124143123626709e-01,-3.364177942276000977e-01,-3.748173415660858154e-01,-6.413046270608901978e-02,-8.268550038337707520e-02,-9.188769757747650146e-02,-1.467274278402328491e-01,-1.750949621200561523e-01,-3.127171397209167480e-01,-3.800520896911621094e-01,-4.657607674598693848e-01,-7.410141080617904663e-02,-4.338674247264862061e-02,-2.517253458499908447e-01,-2.217302471399307251e-01,-7.884594053030014038e-02,-3.648231178522109985e-02,-1.029931828379631042e-01,-6.825936585664749146e-02,4.874001815915107727e-02,-1.158147454261779785e-01,1.676016896963119507e-01,-2.135501801967620850e-01,-4.299638420343399048e-02,-3.121064901351928711e-01,-8.904259651899337769e-02,5.107185989618301392e-02
-2.690674066543579102e-01,-2.985719144344329834e-01,3.175831735134124756e-01,3.520877659320831299e-01,5.086145401000976562e-01,5.602727532386779785e-01,4.404517114162445068e-01,3.102438151836395264e-01,0.000000000000000000e+00,4.174528419971466064e-01,-1.404120307415723801e-02,3.039008378982543945e-02,4.586175680160522461e-01,2.045980691909790039e-01,5.512091517448425293e-01,3.512310981750488281e-01,-2.014192640781402588e-01,-3.369915485382080078e-01,-1.695895642042160034e-01,-7.898074388504028320e-02,2.726615071296691895e-01,1.358868777751922607e-01,4.621856212615966797e-01,2.640323042869567871e-01,4.610042273998260498e-01,4.088454246520996094e-01,2.791736423969268799e-01,3.221036195755004883e-01,-2.390106767416000366e-01,-3.195567429065704346e-01,4.413387738168239594e-03,-1.187025457620620728e-01,-2.734878659248352051e-01,-2.538655996322631836e-01,1.265343576669692993e-01,1.627883128821849823e-02,-2.012950479984283447e-01,-6.637232750654220581e-02,-8.400189131498336792e-02,1.665863394737243652e-02,-2.674259543418884277e-01,3.469677641987800598e-03,-3.280483186244964600e-01,-3.514431416988372803e-01,-1.995981633663177490e-01,-2.368788123130798340e-01,-3.551765084266662598e-01,-4.182916283607482910e-01,-4.636994898319244385e-01,-2.586020529270172119e-01,-4.554515779018402100e-01,-3.416954874992370605e-01,-5.956903696060180664e-01,-5.018421411514282227e-01,-4.745328426361083984e-01,-2.054189294576644897e-01,-1.612073630094528198e-01,-1.510456055402755737e-01,-2.677759528160095215e-01,3.995652198791503906e-01,-4.765138402581214905e-02,5.043371915817260742e-01,1.702599227428436279e-01,-7.163158059120178223e-02,5.294866561889648438e-01,5.218666195869445801e-01,9.621062129735946655e-02,-6.123635452240705490e-03,-3.242817148566246033e-02,1.238412633538246155e-01,4.515843838453292847e-02,2.365455478429794312e-01,2.191909998655319214e-01,1.412981003522872925e-01,1.392780989408493042e-01,3.530252873897552490e-01,5.305879563093185425e-02,1.163960099220275879e-01,-2.916769981384277344e-01,-1.947656124830245972e-01,-3.635337948799133301e-01,-3.469766676425933838e-02,7.634881883859634399e-02,1.349299401044845581e-01,-2.787848412990570068e-01,-1.021277531981468201e-01,2.465213388204574585e-01,1.892176270484924316e-01,-5.423308014869689941e-01,-2.676103711128234863e-01,-4.404181241989135742e-01,-4.081901311874389648e-01,-4.667692184448242188e-01,-2.871587276458740234e-01,-2.467382103204727173e-01,-1.960530579090118408e-01,-2.868553698062896729e-01,-2.393216490745544434e-01,-3.554545938968658447e-01,-3.490965366363525391e-01,-1.692916750907897949e-01,-1.499492488801479340e-02,-2.271374613046646118e-01,-2.034305483102798462e-01,-2.364713698625564575e-02,5.378569010645151138e-03,5.876411497592926025e-02,-8.873671293258666992e-02,-1.705541042611002922e-03,-2.018143534660339355e-01,6.137249246239662170e-02,-1.094133332371711731e-01,-2.387647926807403564e-01,-4.525274634361267090e-01,-4.335810989141464233e-02,1.634637415409088135e-01
-3.757134974002838135e-01,-3.566789329051971436e-01,4.424014985561370850e-01,5.478914976119995117e-01,6.054314374923706055e-01,5.706829428672790527e-01,4.097892343997955322e-01,5.447455644607543945e-01,4.174528419971466064e-01,0.000000000000000000e+00,-3.623177111148834229e-01,-2.488711625337600708e-01,4.068253338336944580e-01,5.583575367927551270e-01,4.480110406875610352e-01,6.520696878433227539e-01,-2.580834329128265381e-01,-2.242961376905441284e-01,-4.128334522247314453e-01,-4.026418924331665039e-01,1.467929780483245850e-01,2.425082176923751831e-01,6.254704594612121582e-01,4.662435650825500488e-01,5.562506318092346191e-01,5.546995997428894043e-01,3.591107726097106934e-01,3.578611910343170166e-01,-3.337406814098358154e-01,-1.513582915067672729e-01,-2.180684059858322144e-01,-3.189797997474670410e-01,-3.426971435546875000e-01,-3.216066360473632812e-01,6.082417443394660950e-02,-2.473978400230407715e-01,-1.715973466634750366e-01,1.030137464404106140e-01,-1.094241738319396973e-01,1.643578410148620605e-01,-1.606153845787048340e-01,-9.669470041990280151e-02,-3.646906316280364990e-01,-3.623686730861663818e-01,-1.931754499673843384e-01,-3.230844140052795410e-01,-2.485731840133666992e-01,-2.548725903034210205e-01,-4.242196381092071533e-01,-4.110055863857269287e-01,-5.367406010627746582e-01,-3.237622976303100586e-01,-5.188401341438293457e-01,-6.189168691635131836e-01,-4.010371863842010498e-01,-3.607502281665802002e-01,-1.242403835058212280e-01,-2.297867834568023682e-01,-3.157576918601989746e-01,5.675709247589111328e-01,-2.711585462093353271e-01,5.821667909622192383e-01,-8.525674790143966675e-02,-2.250176668167114258e-01,3.001487553119659424e-01,5.665583014488220215e-01,1.156637892127037048e-01,-9.594298899173736572e-02,8.749403059482574463e-02,3.330223262310028076e-02,-1.408418864011764526e-01,3.245994076132774353e-02,2.871140278875827789e-02,-3.488942608237266541e-02,-1.194075345993041992e-01,1.257067024707794189e-01,-2.077324241399765015e-01,-2.201901078224182129e-01,-2.686646580696105957e-01,-1.913354843854904175e-01,-2.118190675973892212e-01,-1.606050729751586914e-01,1.953963637351989746e-01,3.181379735469818115e-01,-2.148890942335128784e-01,3.069265745580196381e-02,2.330341041088104248e-01,3.059313595294952393e-01,-4.716063141822814941e-01,-3.486658632755279541e-01,-4.829606711864471436e-01,-5.939877629280090332e-01,-4.330621957778930664e-01,-4.541829824447631836e-01,-1.273275613784790039e-01,-1.035083979368209839e-01,-1.772297471761703491e-01,-2.267409861087799072e-01,-3.174531757831573486e-01,-2.887402176856994629e-01,-2.758628427982330322e-01,-9.305638819932937622e-02,-3.999612331390380859e-01,-3.117555975914001465e-01,-7.171723991632461548e-02,2.051390409469604492e-01,-9.216618724167346954e-03,-2.364101856946945190e-01,-1.617914736270904541e-01,-8.460323512554168701e-02,1.785310800187289715e-03,-1.514406055212020874e-01,-4.128291010856628418e-01,-6.104426980018615723e-01,1.139100361615419388e-02,4.943938925862312317e-02
4.628896415233612061e-01,3.273583650588989258e-01,-1.329654753208160400e-01,-2.627733647823333740e-01,-1.832147389650344849e-01,-2.813135087490081787e-01,9.814007580280303955e-02,-1.814252883195877075e-01,-1.404120307415723801e-02,-3.623177111148834229e-01,0.000000000000000000e+00,3.858093619346618652e-01,-8.366973698139190674e-02,-3.149463832378387451e-01,-1.506615132093429565e-01,-1.737143695354461670e-01,3.971695601940155029e-01,4.274883568286895752e-01,4.434136152267456055e-01,3.797970712184906006e-01,7.537212967872619629e-02,5.951287224888801575e-02,-3.237707912921905518e-01,-3.770071268081665039e-01,-3.347457647323608398e-01,-4.139707684516906738e-01,-1.940562129020690918e-01,-1.091148778796195984e-01,4.494365453720092773e-01,1.309456378221511841e-01,3.355499804019927979e-01,4.642789959907531738e-01,4.968730211257934570e-01,4.321624040603637695e-01,8.232318609952926636e-02,1.550398021936416626e-01,1.329470239579677582e-02,-1.932435780763626099e-01,-2.945890128612518311e-01,-3.753592669963836670e-01,-1.082201823592185974e-01,-1.966874450445175171e-01,-4.816270992159843445e-02,-1.205970570445060730e-01,-3.883787617087364197e-02,5.126811191439628601e-02,-1.510913074016571045e-01,-2.633278667926788330e-01,7.035095989704132080e-02,1.505754441022872925e-01,1.486519575119018555e-01,-1.224813461303710938e-01,-2.705658040940761566e-02,1.262568384408950806e-01,-1.057930812239646912e-01,-1.837893426418304443e-01,2.241388708353042603e-01,2.361146956682205200e-01,3.138214349746704102e-01,-2.311677038669586182e-01,4.579746723175048828e-01,-2.278316915035247803e-01,3.865200281143188477e-01,2.544250190258026123e-01,1.782271265983581543e-01,-2.493835687637329102e-01,1.132359504699707031e-01,5.057847499847412109e-02,1.069557443261146545e-01,2.800535857677459717e-01,2.743748724460601807e-01,2.855125069618225098e-01,1.207449883222579956e-01,1.537773758172988892e-01,1.691725850105285645e-01,1.544424891471862793e-01,2.501351833343505859e-01,2.926025986671447754e-01,2.742319703102111816e-01,1.463485509157180786e-01,1.375059783458709717e-01,2.230540663003921509e-01,-1.534523069858551025e-01,-1.056715920567512512e-01,-6.635958701372146606e-02,-4.284839332103729248e-01,-2.906219661235809326e-01,-2.569509744644165039e-01,4.837919399142265320e-02,-1.321823149919509888e-01,-5.458233132958412170e-02,1.435256898403167725e-01,1.578672826290130615e-01,4.259823635220527649e-02,-1.571072041988372803e-01,-2.227779477834701538e-01,-1.118197292089462280e-01,-1.655046194791793823e-01,-6.641763448715209961e-02,-1.926698237657546997e-01,1.822061091661453247e-01,1.949555128812789917e-01,2.630354464054107666e-01,2.255106270313262939e-01,-7.954720407724380493e-02,-1.338728815317153931e-01,8.402659744024276733e-02,-1.392244920134544373e-02,6.813821196556091309e-02,1.718495786190032959e-01,-7.129128207452595234e-04,5.563060194253921509e-02,7.755952328443527222e-02,1.069485098123550415e-01,8.153141289949417114e-02,5.174334347248077393e-02
1.119117662310600281e-01,1.931364089250564575e-01,-2.809366285800933838e-01,-2.587306313216686249e-02,-6.025302037596702576e-02,-3.854880481958389282e-02,-5.401348695158958435e-02,-1.216282788664102554e-02,3.039008378982543945e-02,-2.488711625337600708e-01,3.858093619346618652e-01,0.000000000000000000e+00,1.397775560617446899e-01,-1.735894680023193359e-01,2.371334284543991089e-02,4.167637787759304047e-03,-8.488549292087554932e-02,3.652165830135345459e-02,2.949560880661010742e-01,4.094095230102539062e-01,-3.142529726028442383e-02,-1.919843405485153198e-01,-1.893778145313262939e-01,-2.499768137931823730e-02,-4.817057400941848755e-02,-1.310488730669021606e-01,1.225980371236801147e-01,1.185734868049621582e-01,3.918284922838211060e-02,-2.400091849267482758e-02,1.248558610677719116e-02,2.951221764087677002e-01,1.394737958908081055e-01,2.057082355022430420e-01,-5.136742256581783295e-03,1.394160836935043335e-01,-7.065981626510620117e-02,-1.570127308368682861e-01,-4.760001972317695618e-02,-5.767033249139785767e-02,-1.419037729501724243e-01,-4.099212586879730225e-02,-2.184919863939285278e-01,-1.717838793992996216e-01,-1.270425617694854736e-01,-1.147874444723129272e-02,-3.394224345684051514e-01,-3.385569453239440918e-01,4.624812863767147064e-03,1.438190191984176636e-01,1.656272262334823608e-01,6.854511052370071411e-02,-5.851699411869049072e-02,7.338070869445800781e-02,-4.110805317759513855e-02,-1.606233268976211548e-01,2.022612467408180237e-02,1.441594064235687256e-01,7.065075635910034180e-02,-1.080903261899948120e-01,1.702224761247634888e-01,-4.941242560744285583e-02,2.902195453643798828e-01,2.332520633935928345e-01,1.959893703460693359e-01,3.527533262968063354e-02,-1.769013404846191406e-01,-6.556618213653564453e-02,-1.120054051280021667e-01,2.350489646196365356e-01,-3.282140940427780151e-02,6.458579003810882568e-02,1.186279505491256714e-01,1.232823878526687622e-01,2.682698071002960205e-01,1.877320855855941772e-01,9.481379389762878418e-02,1.514095216989517212e-01,6.133878603577613831e-02,6.121476739645004272e-02,-1.157873645424842834e-01,1.265682280063629150e-01,-1.436102837324142456e-01,-6.440820544958114624e-02,3.280093520879745483e-02,-1.575559377670288086e-01,-1.400335282087326050e-01,-1.350301504135131836e-01,-7.553447037935256958e-02,-1.196826696395874023e-01,-5.389028415083885193e-02,3.529581055045127869e-02,1.449785381555557251e-01,1.917511224746704102e-01,-1.303784996271133423e-01,-2.054113298654556274e-01,-1.442405730485916138e-01,-2.108711004257202148e-01,-1.362908780574798584e-01,-2.926894426345825195e-01,2.095548808574676514e-01,1.124859079718589783e-01,4.580911248922348022e-02,8.627703785896301270e-02,1.524139661341905594e-02,-1.139958649873733521e-01,6.512327492237091064e-02,6.441899389028549194e-02,-4.699399322271347046e-02,1.047491803765296936e-01,1.179737523198127747e-01,8.045341819524765015e-02,2.413119226694107056e-01,7.845325022935867310e-02,-1.100385487079620361e-01,6.889844685792922974e-02
-1.833974123001098633e-01,-1.268868446350097656e-01,9.962984360754489899e-03,3.162026405334472656e-01,2.683199048042297363e-01,4.942157268524169922e-01,1.761294305324554443e-01,3.081746995449066162e-01,4.586175680160522461e-01,4.068253338336944580e-01,-8.366973698139190674e-02,1.397775560617446899e-01,0.000000000000000000e+00,3.435449302196502686e-01,4.744172990322113037e-01,3.464722931385040283e-01,-3.024542927742004395e-01,-3.315742015838623047e-01,-1.751659065485000610e-01,-7.914387434720993042e-02,1.078191995620727539e-01,-1.335890404880046844e-02,3.508790731430053711e-01,2.559356689453125000e-01,4.485760033130645752e-01,4.143497347831726074e-01,3.526495099067687988e-01,3.166173994541168213e-01,-3.096394836902618408e-01,-3.218669593334197998e-01,-2.548634409904479980e-01,-2.287227958440780640e-01,-9.369987249374389648e-02,-1.561827212572097778e-01,-5.609958618879318237e-02,-1.959373615682125092e-02,-1.018935292959213257e-01,-5.652298033237457275e-02,1.038127671927213669e-02,1.602598428726196289e-01,-1.113266870379447937e-01,1.047035097144544125e-03,-3.033773601055145264e-01,-1.765537410974502563e-01,-2.491308003664016724e-01,-2.236506342887878418e-01,-1.801450103521347046e-01,-2.720050811767578125e-01,-2.710490226745605469e-01,-1.894608885049819946e-01,-4.028519093990325928e-01,-2.685755193233489990e-01,-4.011042714118957520e-01,-4.531545042991638184e-01,-1.955207288265228271e-01,-1.921367198228836060e-01,-6.424256600439548492e-03,3.595207259058952332e-02,-9.384311735630035400e-02,3.968974053859710693e-01,-7.861390709877014160e-02,4.366089999675750732e-01,1.166873201727867126e-01,4.882931336760520935e-02,2.693732976913452148e-01,3.814586699008941650e-01,-7.104468531906604767e-03,-4.607219994068145752e-02,-8.674536645412445068e-02,1.285321414470672607e-01,-8.937372267246246338e-02,1.108498424291610718e-01,1.276419907808303833e-01,2.163128374377265573e-04,1.182939782738685608e-01,2.003853023052215576e-01,-7.995644211769104004e-02,-1.613747887313365936e-02,-1.719783693552017212e-01,-1.217673346400260925e-01,-2.163044959306716919e-01,7.157136499881744385e-02,-3.396416828036308289e-02,-7.811748981475830078e-02,-1.067165210843086243e-01,1.224601827561855316e-02,2.588846087455749512e-01,1.985824704170227051e-01,-3.619782626628875732e-01,-1.264361590147018433e-01,-4.193578660488128662e-01,-3.797998428344726562e-01,-3.590521216392517090e-01,-3.035373985767364502e-01,-1.938431411981582642e-01,-2.115328460931777954e-01,-1.069790571928024292e-01,-1.185533180832862854e-01,-2.387562692165374756e-01,-3.005391359329223633e-01,-1.241032555699348450e-01,-1.366229951381683350e-01,-3.522284328937530518e-01,-4.073875546455383301e-01,-8.801313489675521851e-02,-6.173005700111389160e-02,-9.596987511031329632e-04,-1.230674237012863159e-01,-3.405336290597915649e-02,1.385438139550387859e-03,3.876015171408653259e-02,-1.163571514189243317e-02,-1.677149236202239990e-01,-3.871052563190460205e-01,-3.212655186653137207e-01,1.077541112899780273e-01
