0.000000000000000000e+00,1.495620757341384888e-01,2.780681848526000977e-01,2.102349400520324707e-01,9.283524751663208008e-02,-5.461898818612098694e-02,4.172854125499725342e-01,-1.386253535747528076e-01,1.697307266294956207e-02,2.301988750696182251e-01,4.875902235507965088e-01,1.399356424808502197e-01,3.939353227615356445e-01,3.245989680290222168e-01,-2.013770788908004761e-01,-5.693796649575233459e-02,7.385622709989547729e-02,1.849143882282078266e-03,6.383155584335327148e-01,5.511977076530456543e-01,-4.618721827864646912e-02,-1.331195682287216187e-01,9.231280535459518433e-02,2.123632933944463730e-03,-1.945653855800628662e-01,-7.253404706716537476e-02,-5.698031559586524963e-02,-3.798319026827812195e-02,1.872209459543228149e-02,-1.460409462451934814e-01,1.602673977613449097e-01,1.452311035245656967e-02,1.688851863145828247e-01,1.018208786845207214e-01,-2.506648888811469078e-03,7.378488034009933472e-02,-1.025201976299285889e-01,-3.166278004646301270e-01,-1.349153071641921997e-01,-3.126014173030853271e-01,2.304530441761016846e-01,3.662905842065811157e-02,-1.349371969699859619e-01,-1.341793984174728394e-01,-1.713412851095199585e-01,-2.515133321285247803e-01,-2.861138805747032166e-02,3.873598203063011169e-02,-1.903723478317260742e-01,-1.600813716650009155e-01,-1.617649197578430176e-01,-2.057954370975494385e-01,-1.155386343598365784e-01,5.274783819913864136e-02,7.898646593093872070e-02,-2.124034613370895386e-01,5.255064964294433594e-01,1.640638709068298340e-01,1.605109125375747681e-01,1.042015999555587769e-01,3.159340918064117432e-01,-1.285163164138793945e-01,1.879271119832992554e-01,-8.474836498498916626e-02,-1.024434790015220642e-01,-2.033713310956954956e-01,-2.760856039822101593e-02,8.606334775686264038e-02,4.568490386009216309e-01,3.944215476512908936e-01,1.710062623023986816e-01,1.043989956378936768e-01,1.683649420738220215e-01,1.347328275442123413e-01,-7.225778972497209907e-05,-1.464011371135711670e-01,1.559818387031555176e-01,-1.675407774746417999e-02,-1.731434911489486694e-01,-1.163443848490715027e-01,-7.412634789943695068e-02,-3.960419073700904846e-02,-1.606592833995819092e-01,-2.675214111804962158e-01,-5.672961845993995667e-02,-2.203230857849121094e-01,-2.908283770084381104e-01,-3.011164367198944092e-01,-2.044593989849090576e-01,-3.555338364094495773e-03,2.434159666299819946e-01,1.137480214238166809e-01,9.642650187015533447e-02,1.999843269586563110e-01,-2.305185943841934204e-01,-1.592269837856292725e-01,-9.712769091129302979e-02,-2.098939567804336548e-02,3.390878066420555115e-02,1.979644745588302612e-01,1.740075796842575073e-01,1.253751218318939209e-01,2.156149446964263916e-01,1.733350008726119995e-01,-1.107841059565544128e-01,-4.236522316932678223e-02,9.852118790149688721e-02,-2.673388645052909851e-02,-3.895455505698919296e-03,-1.878660470247268677e-01,-6.124002858996391296e-02,-7.905896008014678955e-02,1.706759631633758545e-01,1.506839543581008911e-01,-2.239063084125518799e-01,-1.806387603282928467e-01
1.495620757341384888e-01,0.000000000000000000e+00,2.304614037275314331e-01,2.110654264688491821e-01,-1.499732881784439087e-01,-6.255809217691421509e-02,2.537572383880615234e-01,2.598944306373596191e-01,7.471471279859542847e-02,3.114892542362213135e-02,7.284007966518402100e-02,1.953479498624801636e-01,1.670680195093154907e-01,6.979129463434219360e-02,-8.610334992408752441e-02,-1.645631641149520874e-01,-3.137888759374618530e-02,2.060050703585147858e-02,2.684252262115478516e-01,2.569169998168945312e-01,-9.895261377096176147e-02,-5.221178382635116577e-02,8.291940391063690186e-02,1.908576041460037231e-01,3.823992237448692322e-02,-5.481467768549919128e-02,-9.946495294570922852e-02,-1.304888427257537842e-01,2.033497020602226257e-02,-9.622151404619216919e-02,1.515424251556396484e-01,1.830284595489501953e-01,1.961675882339477539e-01,2.502571046352386475e-01,-1.141566224396228790e-02,-9.282346814870834351e-02,-1.793172061443328857e-01,-2.165158987045288086e-01,-2.970312722027301788e-02,-1.191847771406173706e-01,6.622937321662902832e-02,-5.754465237259864807e-02,-2.908542752265930176e-01,-1.818898320198059082e-01,-2.415786236524581909e-01,-1.010342985391616821e-01,-8.791349828243255615e-02,-1.235043704509735107e-01,-1.716478914022445679e-01,6.210758350789546967e-03,-1.706434637308120728e-01,-1.315888911485671997e-01,-1.635251939296722412e-01,-1.733570098876953125e-01,6.224904954433441162e-02,-1.653186380863189697e-01,1.087675392627716064e-01,6.116490364074707031e-01,9.466375410556793213e-02,2.650685608386993408e-01,8.198139816522598267e-02,7.543844729661941528e-02,1.583064496517181396e-01,-1.096743866801261902e-01,-1.762866377830505371e-01,-1.488399803638458252e-01,-9.439836442470550537e-02,-6.353682279586791992e-02,1.194828972220420837e-01,-1.996120624244213104e-02,2.411830425262451172e-01,1.888213157653808594e-01,6.503806263208389282e-02,8.484917879104614258e-02,2.841222658753395081e-02,-1.172732338309288025e-01,1.264411956071853638e-01,2.096451073884963989e-01,-8.870584517717361450e-02,-2.324578166007995605e-01,-1.149718090891838074e-02,-1.058045774698257446e-01,-1.681486219167709351e-01,-1.214724034070968628e-01,-1.921328008174896240e-01,-1.635419130325317383e-01,-3.384068608283996582e-02,-5.300757661461830139e-02,-8.179628849029541016e-02,-1.302900314331054688e-01,-4.836561903357505798e-02,-2.291522622108459473e-01,-1.954912692308425903e-01,-7.886879146099090576e-02,-2.188906818628311157e-02,-1.537544280290603638e-01,1.064096391201019287e-02,-1.273712217807769775e-01,9.641631692647933960e-02,-7.665175199508666992e-02,1.565053686499595642e-02,1.013988163322210312e-02,1.340917348861694336e-01,1.017106547951698303e-01,-1.502395272254943848e-01,-7.793088257312774658e-02,3.007588535547256470e-02,-1.584501564502716064e-02,6.369954347610473633e-02,-2.171243727207183838e-01,-2.248326689004898071e-01,-1.304351091384887695e-01,-1.035112887620925903e-03,-1.531641036272048950e-01,-3.170253932476043701e-01,-4.037503525614738464e-02
2.780681848526000977e-01,2.304614037275314331e-01,0.000000000000000000e+00,4.903040826320648193e-01,8.546728640794754028e-02,-7.996540516614913940e-02,5.691109299659729004e-01,3.514328002929687500e-01,3.081172406673431396e-01,-1.886056363582611084e-02,3.395245596766471863e-02,1.519682854413986206e-01,4.919500648975372314e-02,8.076872676610946655e-02,-1.745121181011199951e-02,-4.949578642845153809e-02,-2.039331197738647461e-02,-6.765016168355941772e-02,3.919608294963836670e-01,3.814126849174499512e-01,1.007911935448646545e-01,-1.390416622161865234e-01,4.581628739833831787e-01,5.529670715332031250e-01,2.339582443237304688e-01,1.203944087028503418e-01,1.301732510328292847e-01,9.221340715885162354e-02,7.512319087982177734e-02,-1.291896253824234009e-01,2.846724689006805420e-01,3.929007351398468018e-01,2.814030945301055908e-01,3.405919075012207031e-01,1.583110541105270386e-01,1.099688373506069183e-02,-1.667837947607040405e-01,-2.687821388244628906e-01,-2.106083929538726807e-01,-1.699241697788238525e-01,6.600713729858398438e-02,6.562473624944686890e-02,-1.852493286132812500e-01,-1.992575824260711670e-01,-2.315337657928466797e-01,-2.120952457189559937e-01,-6.324195116758346558e-02,-4.247587919235229492e-02,-7.025641202926635742e-02,-7.345820963382720947e-02,-1.221176907420158386e-01,-1.707180589437484741e-01,-1.663318127393722534e-01,-8.512966334819793701e-02,-9.078697860240936279e-02,-3.267404735088348389e-01,1.302773505449295044e-01,1.437747478485107422e-01,-4.175466019660234451e-03,-8.139093220233917236e-02,-9.481882676482200623e-03,8.979154378175735474e-02,2.649522013962268829e-02,-6.002433598041534424e-02,1.413108110427856445e-01,7.313849031925201416e-02,1.331300884485244751e-01,-1.307470630854368210e-02,2.629370093345642090e-01,1.861925572156906128e-01,1.002656593918800354e-01,2.131480425596237183e-01,7.878909260034561157e-02,6.262730062007904053e-02,4.489647224545478821e-02,-1.430732905864715576e-01,-2.974499762058258057e-02,-5.359314847737550735e-03,-4.795802757143974304e-02,-8.746394515037536621e-02,-1.013453230261802673e-01,-1.943302005529403687e-01,-1.273835003376007080e-01,-2.700894773006439209e-01,-1.029047891497612000e-01,-4.957858845591545105e-02,-8.195061981678009033e-02,-1.035039350390434265e-01,-6.757087260484695435e-02,-8.797311782836914062e-02,2.759788185358047485e-02,7.005282491445541382e-02,6.938964128494262695e-03,1.994974464178085327e-01,-1.468559503555297852e-01,-1.513435095548629761e-01,-8.340030908584594727e-02,-1.954368948936462402e-01,2.484211884438991547e-02,-1.348294131457805634e-02,5.549824982881546021e-02,5.201206728816032410e-02,1.285279393196105957e-01,1.244369596242904663e-01,-7.540889829397201538e-02,-1.119057461619377136e-02,4.631663672626018524e-03,-5.772722885012626648e-02,2.122197002172470093e-01,-1.832330077886581421e-01,-1.517403423786163330e-01,-1.494557410478591919e-01,-2.811783924698829651e-03,-5.128099024295806885e-02,-7.666703313589096069e-02,-2.523503005504608154e-01
2.102349400520324707e-01,2.110654264688491821e-01,4.903040826320648193e-01,0.000000000000000000e+00,1.809366643428802490e-01,-2.631975114345550537e-01,3.959767818450927734e-01,4.678335189819335938e-01,2.840172313153743744e-02,-1.357627958059310913e-01,-1.017647907137870789e-01,-1.352906078100204468e-01,-1.590010374784469604e-01,-1.330143511295318604e-01,-2.399752847850322723e-02,-8.767908811569213867e-02,-2.907626628875732422e-01,-1.745643913745880127e-01,2.840173840522766113e-01,4.833408892154693604e-01,-1.199917271733283997e-01,1.557123940438032150e-02,4.606965184211730957e-01,5.776979327201843262e-01,6.263095885515213013e-02,1.571290642023086548e-01,1.287515312433242798e-01,1.032477766275405884e-01,-2.635174095630645752e-01,-3.239525854587554932e-01,1.730776876211166382e-01,3.851461410522460938e-01,3.131732940673828125e-01,3.575467467308044434e-01,9.671584516763687134e-02,-1.353671550750732422e-01,-3.872207701206207275e-01,-4.436881542205810547e-01,-9.164347499608993530e-02,7.239080220460891724e-02,-1.657835692167282104e-01,4.804953932762145996e-03,-1.679257303476333618e-01,-2.340308576822280884e-01,-1.162654161453247070e-01,-1.254063099622726440e-01,-1.608998477458953857e-01,-1.409036815166473389e-01,-3.664415702223777771e-02,-2.197056263685226440e-02,-5.331300944089889526e-02,-4.342699050903320312e-02,-2.369869947433471680e-01,-3.634393587708473206e-02,-2.529856264591217041e-01,-2.071603387594223022e-01,-1.675997860729694366e-02,4.655148088932037354e-02,-1.421972922980785370e-02,-7.394994795322418213e-02,5.687331780791282654e-02,3.065091930329799652e-02,-1.264400184154510498e-01,-1.169937774538993835e-01,1.179631501436233521e-01,1.453174203634262085e-01,9.896825999021530151e-02,-4.983332008123397827e-03,1.606715619564056396e-01,1.967929750680923462e-01,-1.700875698588788509e-03,1.576074212789535522e-01,-1.637092791497707367e-02,-1.205390617251396179e-01,7.406578212976455688e-02,1.122816652059555054e-02,-1.216741502285003662e-01,-8.469759672880172729e-02,-6.408371031284332275e-02,-1.179176792502403259e-01,-1.417119204998016357e-01,-2.434429377317428589e-01,-8.070791512727737427e-02,-1.731308549642562866e-01,6.924760341644287109e-02,2.415579045191407204e-03,1.240617781877517700e-01,1.086506471037864685e-01,-2.744188159704208374e-02,-2.116078734397888184e-01,-1.381851583719253540e-01,-7.005465775728225708e-02,-8.851707726716995239e-02,3.096791356801986694e-02,-2.207079976797103882e-01,-1.350724399089813232e-01,-1.974120438098907471e-01,-3.335862755775451660e-01,-1.391678899526596069e-01,-2.582389414310455322e-01,-1.953434795141220093e-01,-2.005681991577148438e-01,-1.482408940792083740e-01,-1.608682125806808472e-01,-3.104570321738719940e-02,1.329178269952535629e-02,-2.939689718186855316e-02,-1.268538534641265869e-01,4.295549541711807251e-02,-2.742750644683837891e-01,-3.314886987209320068e-01,-2.680877149105072021e-01,-1.622360646724700928e-01,-1.176618859171867371e-01,-6.238617748022079468e-02,-3.226467072963714600e-01
9.283524751663208008e-02,-1.499732881784439087e-01,8.546728640794754028e-02,1.809366643428802490e-01,0.000000000000000000e+00,1.534204632043838501e-01,1.967768073081970215e-01,2.141118608415126801e-02,3.108933568000793457e-01,1.783599853515625000e-01,5.785375833511352539e-03,-2.866732329130172729e-02,8.730406314134597778e-02,1.439677327871322632e-01,-3.632425889372825623e-02,1.696003675460815430e-01,-7.754728198051452637e-02,8.931575715541839600e-02,2.798001654446125031e-02,1.375845968723297119e-01,-7.855738699436187744e-02,-1.785820126533508301e-01,6.175448745489120483e-02,4.854581132531166077e-02,2.361256182193756104e-01,4.135551750659942627e-01,3.083410263061523438e-01,3.095212578773498535e-01,-1.567174866795539856e-02,-8.974129706621170044e-02,3.026079535484313965e-01,3.195094764232635498e-01,4.465540498495101929e-02,-2.015693858265876770e-02,-3.579729795455932617e-02,-1.915481127798557281e-02,3.983832523226737976e-02,-9.205858409404754639e-02,4.698823019862174988e-02,3.720816923305392265e-03,-1.469554752111434937e-01,-4.208061471581459045e-02,-7.082457840442657471e-02,-1.875760853290557861e-01,-1.985291689634323120e-01,-3.282905519008636475e-01,-1.309834867715835571e-01,-2.760996520519256592e-01,-7.992491871118545532e-02,-1.433631777763366699e-01,2.542020194232463837e-02,-1.550960987806320190e-01,-2.696775086224079132e-02,-9.639545530080795288e-02,-3.421938419342041016e-02,-1.945859938859939575e-01,4.753715544939041138e-02,-1.011301428079605103e-01,2.644531056284904480e-02,2.171693928539752960e-02,9.729822725057601929e-02,-5.729648098349571228e-02,-4.455908760428428650e-02,-3.172145783901214600e-02,-5.825922638177871704e-02,-8.747173845767974854e-02,-4.523827135562896729e-02,-1.104077249765396118e-01,-4.226581379771232605e-02,8.811963349580764771e-02,1.660807877779006958e-01,1.954260766506195068e-01,1.010766252875328064e-01,6.734678056091070175e-03,1.818681806325912476e-01,-2.482819743454456329e-02,1.082619056105613708e-01,5.263594165444374084e-02,-1.506015360355377197e-01,-8.197849988937377930e-02,-1.534415185451507568e-01,-1.946169435977935791e-01,-7.378365099430084229e-02,-1.044320091605186462e-01,3.213071823120117188e-02,-2.742378413677215576e-01,-2.707450278103351593e-02,-9.600519388914108276e-02,1.785502880811691284e-01,-8.076558262109756470e-02,1.409403234720230103e-01,1.006847247481346130e-01,9.274767339229583740e-02,2.837307155132293701e-01,-2.147339433431625366e-01,-1.873308271169662476e-01,-2.624435126781463623e-01,-2.643724381923675537e-01,4.772962257266044617e-02,-3.834303934127092361e-03,-2.936384454369544983e-02,6.419870187528431416e-04,1.909848488867282867e-02,2.479497902095317841e-02,7.603268325328826904e-02,3.683098033070564270e-02,1.281155459582805634e-02,1.211090609431266785e-01,1.583254337310791016e-02,-1.924060136079788208e-01,-1.229913458228111267e-01,-7.071734219789505005e-02,-9.899126365780830383e-03,-1.846441477537155151e-01,5.829131975769996643e-02,-1.159727051854133606e-01
-5.461898818612098694e-02,-6.255809217691421509e-02,-7.996540516614913940e-02,-2.631975114345550537e-01,1.534204632043838501e-01,0.000000000000000000e+00,-9.043070673942565918e-02,-3.355641290545463562e-02,1.195499449968338013e-01,4.462617039680480957e-01,4.179411102086305618e-03,3.265704810619354248e-01,1.178563460707664490e-01,2.681475877761840820e-01,1.396638154983520508e-02,1.694970875978469849e-01,2.693773433566093445e-02,-2.014072984457015991e-02,-5.077251046895980835e-02,-9.686265140771865845e-02,5.187387764453887939e-02,-1.933856680989265442e-02,-1.357866674661636353e-01,-1.663621515035629272e-01,3.686989545822143555e-01,2.001352608203887939e-01,1.651203334331512451e-01,2.878383994102478027e-01,1.213928088545799255e-01,9.524019062519073486e-02,1.583861708641052246e-01,1.164827644824981689e-01,4.491205513477325439e-02,5.312843248248100281e-02,8.297177962958812714e-03,1.221778914332389832e-01,1.985671520233154297e-01,9.293136745691299438e-02,-1.208268254995346069e-01,-7.765951752662658691e-02,4.879305511713027954e-02,-3.419557586312294006e-02,-7.836528867483139038e-02,-3.631906211376190186e-02,-3.076069355010986328e-01,-2.902533113956451416e-01,-9.504199773073196411e-02,-1.366219967603683472e-01,-3.050538599491119385e-01,-3.350859582424163818e-01,-3.103246390819549561e-01,-2.904064357280731201e-01,-1.001998856663703918e-01,-2.319737821817398071e-01,5.992563441395759583e-02,-6.854410469532012939e-02,7.649509608745574951e-02,1.016470938920974731e-01,3.482888918370008469e-03,5.654694885015487671e-02,-4.877556115388870239e-02,1.861234903335571289e-01,2.413201704621315002e-02,8.242458850145339966e-02,-6.151502206921577454e-02,-9.389916434884071350e-03,3.939636424183845520e-02,-1.980487816035747528e-02,-6.034356774762272835e-04,-5.042169615626335144e-02,1.801678836345672607e-01,1.833597868680953979e-01,5.859160423278808594e-02,9.449205361306667328e-03,2.744345180690288544e-02,1.303219348192214966e-01,2.271628230810165405e-01,1.820764392614364624e-01,-7.006384432315826416e-03,1.389208137989044189e-01,-8.035335689783096313e-02,1.613184623420238495e-02,-3.932831436395645142e-02,4.851830750703811646e-02,-1.845659762620925903e-01,-6.337736546993255615e-02,-1.589347869157791138e-01,-1.307535022497177124e-01,1.140555217862129211e-01,1.707510352134704590e-01,7.387677580118179321e-02,8.411781489849090576e-02,8.475595712661743164e-02,4.399861395359039307e-02,6.920736283063888550e-02,-3.194411471486091614e-02,-8.786001056432723999e-02,6.131143867969512939e-02,-1.743092015385627747e-02,1.234720647335052490e-01,9.715793281793594360e-02,2.031812369823455811e-01,8.878958970308303833e-02,1.455222964286804199e-01,-2.491310238838195801e-02,-7.735843211412429810e-02,-1.140648350119590759e-01,7.971771806478500366e-02,2.032471075654029846e-02,1.134048495441675186e-02,-7.245100289583206177e-02,5.572710558772087097e-02,-1.933572441339492798e-02,-4.286281764507293701e-02,-1.945694983005523682e-01,1.032714992761611938e-01
4.172854125499725342e-01,2.537572383880615234e-01,5.691109299659729004e-01,3.959767818450927734e-01,1.967768073081970215e-01,-9.043070673942565918e-02,0.000000000000000000e+00,2.785000801086425781e-01,3.735568523406982422e-01,1.929450482130050659e-01,2.502611577510833740e-01,2.062702327966690063e-01,3.240925967693328857e-01,1.946909427642822266e-01,-5.893635749816894531e-02,3.991173580288887024e-02,5.999042652547359467e-03,1.479506939649581909e-01,4.223513007164001465e-01,3.357802033424377441e-01,3.477853536605834961e-02,-1.994396448135375977e-01,3.604028820991516113e-01,3.102026879787445068e-01,2.477164193987846375e-02,2.975774742662906647e-02,-1.340815145522356033e-02,-4.679040610790252686e-02,1.124686673283576965e-01,-2.297739312052726746e-02,3.275625705718994141e-01,3.411619067192077637e-01,3.538907170295715332e-01,2.702737152576446533e-01,-2.736315131187438965e-02,-1.087295487523078918e-01,-9.477554261684417725e-02,-2.958706915378570557e-01,-9.725901484489440918e-02,-1.902258694171905518e-01,7.691153138875961304e-02,-1.086286082863807678e-02,-1.633117794990539551e-01,-1.568453311920166016e-01,-2.164637148380279541e-01,-2.534472644329071045e-01,-1.735095828771591187e-01,-9.941083192825317383e-02,-1.483190506696701050e-01,-1.759786307811737061e-01,-1.909591555595397949e-01,-2.811447083950042725e-01,-2.185489535331726074e-01,-1.707903146743774414e-01,-4.611429944634437561e-02,-4.009844958782196045e-01,2.351939529180526733e-01,1.576507389545440674e-01,-1.232134625315666199e-01,-1.018482595682144165e-01,1.560447365045547485e-01,4.708635807037353516e-02,1.536173224449157715e-01,5.285221338272094727e-02,3.290720656514167786e-02,-1.307401061058044434e-01,-2.936033904552459717e-02,-8.757951110601425171e-02,1.705057621002197266e-01,1.007262915372848511e-01,2.003846168518066406e-01,1.459635347127914429e-01,1.760075539350509644e-01,1.281587630510330200e-01,2.193661034107208252e-02,-2.216935902833938599e-01,6.241291388869285583e-02,-7.812763564288616180e-03,-4.517950117588043213e-02,-1.618542671203613281e-01,-5.364756286144256592e-02,-1.333654671907424927e-01,5.309287924319505692e-03,-1.674079447984695435e-01,-8.230786770582199097e-02,-2.695135176181793213e-01,-1.788071841001510620e-01,-2.189918309450149536e-01,-1.119685322046279907e-01,-2.323128432035446167e-01,1.366317719221115112e-01,6.882472336292266846e-02,2.708482369780540466e-02,1.270165890455245972e-01,-1.307264715433120728e-01,-9.278437495231628418e-02,-1.422569900751113892e-02,-7.105365395545959473e-02,1.464196294546127319e-01,7.706911116838455200e-02,9.737764298915863037e-02,-2.496507763862609863e-02,1.359759867191314697e-01,9.862935543060302734e-02,-2.007314562797546387e-01,-1.737811267375946045e-01,-8.204022049903869629e-02,-4.071234539151191711e-02,2.674453519284725189e-02,-7.954306155443191528e-02,-1.616198867559432983e-01,-5.363720655441284180e-02,3.184658661484718323e-02,-1.692341268062591553e-02,-2.153014838695526123e-01,-2.202101200819015503e-01
-1.386253535747528076e-01,2.598944306373596191e-01,3.514328002929687500e-01,4.678335189819335938e-01,2.141118608415126801e-02,-3.355641290545463562e-02,2.785000801086425781e-01,0.000000000000000000e+00,1.467925906181335449e-01,-1.204781383275985718e-01,-3.228412866592407227e-01,1.006879955530166626e-01,-3.194887638092041016e-01,-3.675888776779174805e-01,2.576901018619537354e-01,1.175425201654434204e-01,-2.652772068977355957e-01,-1.080358996987342834e-01,-5.341175943613052368e-02,2.277472801506519318e-02,-7.726665586233139038e-02,1.411778479814529419e-01,3.933652341365814209e-01,5.804793238639831543e-01,1.409761011600494385e-01,2.092482056468725204e-03,1.077345907688140869e-01,1.263499110937118530e-01,-2.212122976779937744e-01,-1.284605562686920166e-01,-5.870746821165084839e-02,3.562614023685455322e-01,1.611392349004745483e-01,3.139122426509857178e-01,-5.268962308764457703e-02,-3.089247643947601318e-01,-3.842104673385620117e-01,-2.275494337081909180e-01,-3.021803312003612518e-02,3.154181838035583496e-01,-3.434370458126068115e-01,-5.186952278017997742e-02,-2.625054419040679932e-01,-1.897053420543670654e-01,-1.816605031490325928e-01,-2.801358141005039215e-02,-2.402282059192657471e-01,-2.031722366809844971e-01,-2.047725394368171692e-02,-4.869908839464187622e-02,-9.921658039093017578e-02,-6.891620159149169922e-02,-2.033707201480865479e-01,-4.422646015882492065e-02,-4.095602333545684814e-01,-1.066893190145492554e-01,-2.991595566272735596e-01,-4.938365146517753601e-02,-5.006581544876098633e-02,-2.115251570940017700e-01,-3.913558274507522583e-02,2.509134113788604736e-01,-1.529125571250915527e-01,6.588958203792572021e-02,1.643048524856567383e-01,2.594033479690551758e-01,-3.608425334095954895e-02,-2.456932067871093750e-01,-9.183336794376373291e-02,-1.743187010288238525e-01,-1.844271719455718994e-01,1.870258897542953491e-01,-1.306872665882110596e-01,-2.423630207777023315e-01,1.304265260696411133e-01,2.046218961477279663e-01,-1.741791516542434692e-01,-1.194353029131889343e-01,5.774750933051109314e-02,-6.774353235960006714e-02,-1.029917672276496887e-01,-1.564038395881652832e-01,8.976550400257110596e-02,6.089293956756591797e-02,9.066631644964218140e-02,1.290638446807861328e-01,4.046132862567901611e-01,3.910945951938629150e-01,7.806129753589630127e-02,-1.908219307661056519e-01,-3.488591313362121582e-01,-2.061334401369094849e-01,-2.867446243762969971e-01,-7.269334048032760620e-02,-6.126164644956588745e-02,-8.786803483963012695e-02,-1.687732338905334473e-01,-3.562704920768737793e-01,-2.431708723306655884e-01,-4.554805159568786621e-01,-3.966567218303680420e-01,-2.792604267597198486e-01,-3.652077913284301758e-01,-2.991293966770172119e-01,-5.442863330245018005e-03,-1.519187446683645248e-02,-1.793558299541473389e-01,-1.188906878232955933e-01,5.986871197819709778e-02,-1.102917939424514771e-01,-3.143312335014343262e-01,-2.766510546207427979e-01,-2.664889097213745117e-01,-2.654011249542236328e-01,-2.976977266371250153e-02,-2.069264203310012817e-01
1.697307266294956207e-02,7.471471279859542847e-02,3.081172406673431396e-01,2.840172313153743744e-02,3.108933568000793457e-01,1.195499449968338013e-01,3.735568523406982422e-01,1.467925906181335449e-01,0.000000000000000000e+00,2.556039094924926758e-01,3.192478790879249573e-02,2.485287040472030640e-01,1.947247534990310669e-01,2.072004675865173340e-01,7.165079936385154724e-03,1.827918887138366699e-01,1.262023001909255981e-01,2.204873859882354736e-01,3.663309663534164429e-02,9.343983232975006104e-02,1.728591024875640869e-01,-3.126587867736816406e-01,1.330841481685638428e-01,1.413320749998092651e-01,2.910961806774139404e-01,2.192665040493011475e-01,1.827062964439392090e-01,1.495616137981414795e-01,3.765656948089599609e-01,1.819259971380233765e-01,5.176715850830078125e-01,4.928648471832275391e-01,1.034420430660247803e-01,6.276696175336837769e-02,-7.571109384298324585e-02,-1.601270586252212524e-02,1.684356927871704102e-01,1.142062917351722717e-01,-6.476706266403198242e-02,-2.558984458446502686e-01,9.183552861213684082e-02,1.135256811976432800e-01,-6.340143084526062012e-02,-5.008193477988243103e-02,-2.833636999130249023e-01,-2.971498072147369385e-01,-8.161554485559463501e-02,-1.083452403545379639e-01,-1.533119976520538330e-01,-1.519460082054138184e-01,-1.484522968530654907e-01,-2.272642552852630615e-01,-1.348871588706970215e-01,-2.263029366731643677e-01,1.258636265993118286e-01,-3.383372426033020020e-01,1.360631436109542847e-01,1.349417120218276978e-01,-7.400999963283538818e-02,3.386122733354568481e-02,-4.969501122832298279e-02,1.799323409795761108e-01,5.766456574201583862e-02,2.130615562200546265e-01,-1.205407604575157166e-01,-1.006398573517799377e-01,-7.085940986871719360e-02,-1.393612772226333618e-01,-3.880096226930618286e-02,-1.906481757760047913e-02,1.940136402845382690e-01,2.719370424747467041e-01,1.223713457584381104e-01,1.023242101073265076e-01,-5.375588685274124146e-02,-2.525358200073242188e-01,1.074003726243972778e-01,4.205554723739624023e-02,-4.537118598818778992e-02,9.505066554993391037e-04,-1.321189105510711670e-01,-1.104926317930221558e-01,-8.645974099636077881e-02,-8.426316082477569580e-02,-2.437327802181243896e-01,-2.129243016242980957e-01,-2.606557309627532959e-01,-3.030550181865692139e-01,6.731256097555160522e-02,6.413800176233053207e-03,2.601460814476013184e-01,1.459138095378875732e-01,2.055517286062240601e-01,2.048765569925308228e-01,2.200542762875556946e-02,-8.401757478713989258e-02,5.108285695314407349e-02,-1.387733314186334610e-02,2.822737395763397217e-01,2.070086896419525146e-01,2.095533907413482666e-01,1.776660978794097900e-01,3.158805668354034424e-01,3.212150931358337402e-01,-5.023039504885673523e-02,-9.357888996601104736e-02,5.311341956257820129e-02,2.665834724903106689e-01,1.095170304179191589e-01,-5.771792959421873093e-03,-7.138809561729431152e-02,5.446828156709671021e-02,2.793195657432079315e-02,-1.299774050712585449e-01,-1.357786804437637329e-01,8.245504647493362427e-02
2.301988750696182251e-01,3.114892542362213135e-02,-1.886056363582611084e-02,-1.357627958059310913e-01,1.783599853515625000e-01,4.462617039680480957e-01,1.929450482130050659e-01,-1.204781383275985718e-01,2.556039094924926758e-01,0.000000000000000000e+00,2.271859943866729736e-01,4.557293355464935303e-01,4.177056849002838135e-01,4.835047125816345215e-01,-2.028202861547470093e-01,2.076135426759719849e-01,6.851278990507125854e-02,1.448764503002166748e-01,1.803227812051773071e-01,-1.198115060105919838e-04,-1.113172038458287716e-03,-2.360715270042419434e-01,-4.864846169948577881e-02,-1.751561015844345093e-01,5.703796818852424622e-02,-8.801287971436977386e-03,1.626723706722259521e-01,1.797341555356979370e-01,2.257245630025863647e-01,1.907098889350891113e-01,2.752187550067901611e-01,1.733330786228179932e-01,5.499847605824470520e-02,7.505896966904401779e-03,5.721435323357582092e-02,2.175953239202499390e-01,2.019160687923431396e-01,3.328352794051170349e-02,-4.399139806628227234e-02,-4.128437638282775879e-01,2.335417717695236206e-01,7.392813265323638916e-02,-1.269534379243850708e-01,-5.726609006524085999e-02,-2.746306657791137695e-01,-2.979017496109008789e-01,-1.015750914812088013e-01,4.154273867607116699e-02,-3.366380333900451660e-01,-2.769348919391632080e-01,-2.853497266769409180e-01,-2.493970096111297607e-01,-1.349698156118392944e-01,-3.756643831729888916e-02,2.816312015056610107e-01,-2.928066253662109375e-01,2.032704949378967285e-01,1.986928135156631470e-01,-5.133768171072006226e-02,1.672334074974060059e-01,1.662462055683135986e-01,1.137591674923896790e-01,-5.492263659834861755e-02,8.134125918149948120e-02,-7.583567500114440918e-02,-4.891054704785346985e-02,-4.408280178904533386e-02,1.639342010021209717e-01,2.143898792564868927e-02,-1.795013248920440674e-02,3.488120734691619873e-01,2.006632685661315918e-01,1.855122596025466919e-01,2.043815553188323975e-01,-1.698950231075286865e-01,-1.239548400044441223e-01,1.227008700370788574e-01,3.707739338278770447e-02,2.160442806780338287e-02,8.141905069351196289e-02,-5.779190361499786377e-02,3.638151660561561584e-02,-5.823541060090065002e-02,-1.463557481765747070e-01,-1.846936196088790894e-01,-1.884489059448242188e-01,-4.712268710136413574e-01,-4.742835760116577148e-01,-5.342382937669754028e-02,5.149992555379867554e-02,4.142155945301055908e-01,1.212418377399444580e-01,2.601785063743591309e-01,1.781886219978332520e-01,-3.756125643849372864e-02,-1.464486308395862579e-02,1.436570286750793457e-02,1.306948661804199219e-01,1.783672869205474854e-01,2.521029114723205566e-01,2.854182124137878418e-01,1.791056692600250244e-01,3.414586782455444336e-01,3.028599917888641357e-01,-3.173914924263954163e-02,-2.517471462488174438e-02,-1.550850551575422287e-02,2.433185428380966187e-01,-5.862281844019889832e-02,6.176773458719253540e-02,2.281770296394824982e-02,5.041173100471496582e-02,8.392059057950973511e-02,1.851307004690170288e-01,-9.155116975307464600e-02,1.232339814305305481e-01
4.875902235507965088e-01,7.284007966518402100e-02,3.395245596766471863e-02,-1.017647907137870789e-01,5.785375833511352539e-03,4.179411102086305618e-03,2.502611577510833740e-01,-3.228412866592407227e-01,3.192478790879249573e-02,2.271859943866729736e-01,0.000000000000000000e+00,1.869675070047378540e-01,6.361989974975585938e-01,4.546877443790435791e-01,-2.176803052425384521e-01,-1.292680948972702026e-01,1.789983361959457397e-01,1.115335375070571899e-01,4.373854100704193115e-01,2.561945021152496338e-01,-4.522803798317909241e-02,-3.056527674198150635e-01,5.610743537545204163e-02,-1.582378745079040527e-01,-1.568269580602645874e-01,-1.954627782106399536e-02,-1.883908212184906006e-01,-1.906741112470626831e-01,1.722467690706253052e-01,-1.022431924939155579e-01,2.482594847679138184e-01,-9.203295223414897919e-03,2.269380912184715271e-02,-1.086484491825103760e-01,-7.167794555425643921e-02,1.274962127208709717e-01,5.041933804750442505e-02,-2.383861541748046875e-01,-2.148408144712448120e-01,-3.092290461063385010e-01,2.524306178092956543e-01,-6.168018095195293427e-03,2.821319550275802612e-02,-3.737495839595794678e-02,-8.965718746185302734e-02,-1.335372477769851685e-01,4.933565855026245117e-02,-6.878942716866731644e-03,-1.395639032125473022e-01,-1.574406772851943970e-01,-1.249568685889244080e-01,-2.271370291709899902e-01,9.341467171907424927e-02,7.434511184692382812e-02,2.042989581823348999e-01,-8.056912571191787720e-02,4.191423654556274414e-01,1.661564111709594727e-01,-1.396600455045700073e-01,6.625702232122421265e-02,4.736486077308654785e-02,-2.974063158035278320e-01,1.935772448778152466e-01,-1.553316712379455566e-01,-1.925237178802490234e-01,-3.487558364868164062e-01,-1.669219583272933960e-01,1.688835211098194122e-02,2.778999507427215576e-01,2.438141405582427979e-01,2.247695922851562500e-01,1.259285490959882736e-02,2.661201953887939453e-01,3.248588144779205322e-01,-9.450748562812805176e-02,-1.857819408178329468e-01,2.085997462272644043e-01,9.466319531202316284e-02,-8.226069808006286621e-02,-9.882930666208267212e-03,1.915847361087799072e-01,1.845878958702087402e-01,-1.951018869876861572e-01,-1.813340485095977783e-01,-7.599138654768466949e-03,-2.202001363039016724e-01,-3.406638205051422119e-01,-3.597502112388610840e-01,-7.959217578172683716e-02,6.370899826288223267e-02,2.649400234222412109e-01,2.012404203414916992e-01,1.384909451007843018e-01,1.013003215193748474e-01,-2.543560266494750977e-01,-2.024559825658798218e-01,-1.560830324888229370e-01,-1.208123657852411270e-02,7.936432957649230957e-02,2.623388469219207764e-01,2.902355492115020752e-01,2.156477868556976318e-01,2.738813757896423340e-01,2.203420102596282959e-01,-8.636614680290222168e-02,-7.997153699398040771e-02,1.038502436131238937e-02,-3.534841910004615784e-02,-1.026504039764404297e-01,-1.881664693355560303e-01,3.119693323969841003e-02,4.703612998127937317e-02,1.544163674116134644e-01,1.082776635885238647e-01,-2.453972399234771729e-01,-5.838333442807197571e-02
1.399356424808502197e-01,1.953479498624801636e-01,1.519682854413986206e-01,-1.352906078100204468e-01,-2.866732329130172729e-02,3.265704810619354248e-01,2.062702327966690063e-01,1.006879955530166626e-01,2.485287040472030640e-01,4.557293355464935303e-01,1.869675070047378540e-01,0.000000000000000000e+00,3.525511622428894043e-01,4.585430026054382324e-01,2.349260449409484863e-02,2.196962386369705200e-01,2.001091986894607544e-01,1.979229152202606201e-01,1.631463468074798584e-01,-4.253982007503509521e-02,2.460516691207885742e-01,-1.074546426534652710e-01,8.976252377033233643e-02,7.077417522668838501e-02,2.186038792133331299e-01,4.277468845248222351e-02,9.092009067535400391e-02,7.141177356243133545e-02,3.627318739891052246e-01,2.985384464263916016e-01,2.742671966552734375e-01,2.136906683444976807e-01,2.666913531720638275e-02,1.662482172250747681e-01,1.490558832883834839e-01,2.860205769538879395e-01,1.097168251872062683e-01,6.118569895625114441e-02,-1.175641641020774841e-01,-3.717021644115447998e-01,2.444956600666046143e-01,8.266297727823257446e-02,-2.499371580779552460e-02,-2.262453315779566765e-03,-2.512955665588378906e-01,-1.637338697910308838e-01,7.377866655588150024e-02,1.790546327829360962e-01,-1.582995802164077759e-01,-1.623886525630950928e-01,-2.084297239780426025e-01,-1.430259495973587036e-01,-7.959407754242420197e-03,-1.335203833878040314e-02,2.533117234706878662e-01,-2.417491376399993896e-01,9.298238158226013184e-02,3.114536106586456299e-01,-3.496131300926208496e-02,6.932839751243591309e-02,1.149441115558147430e-03,2.974446713924407959e-01,9.646715223789215088e-02,1.752004027366638184e-01,2.265708148479461670e-02,7.073240727186203003e-02,-3.687829012051224709e-03,6.701998412609100342e-02,2.325472049415111542e-02,-1.987835019826889038e-01,3.222326040267944336e-01,2.787258625030517578e-01,2.684627175331115723e-01,1.704265028238296509e-01,-1.441066712141036987e-01,-1.394284814596176147e-01,1.598080694675445557e-01,2.282804399728775024e-01,1.417213398963212967e-02,2.913496829569339752e-02,-1.602028161287307739e-01,1.641540601849555969e-02,-1.221135407686233521e-01,-2.413715869188308716e-01,-3.748830854892730713e-01,-4.834895581007003784e-02,-3.420101106166839600e-01,-3.413608074188232422e-01,-5.948726832866668701e-02,1.401661485433578491e-01,2.969647347927093506e-01,1.076893657445907593e-01,1.810224503278732300e-01,1.596951335668563843e-01,-1.757629774510860443e-02,-8.999272435903549194e-02,1.196160763502120972e-01,1.218505501747131348e-01,2.219039201736450195e-01,2.331166863441467285e-01,3.023079931735992432e-01,2.166577577590942383e-01,3.190979361534118652e-01,3.047804236412048340e-01,-1.151887178421020508e-01,-1.326385885477066040e-01,-6.590609252452850342e-02,1.094560604542493820e-02,1.622585505247116089e-01,5.912766978144645691e-02,1.160022467374801636e-01,1.614692509174346924e-01,1.942677497863769531e-01,7.701109349727630615e-02,-2.040751129388809204e-01,2.834532223641872406e-02
3.939353227615356445e-01,1.670680195093154907e-01,4.919500648975372314e-02,-1.590010374784469604e-01,8.730406314134597778e-02,1.178563460707664490e-01,3.240925967693328857e-01,-3.194887638092041016e-01,1.947247534990310669e-01,4.177056849002838135e-01,6.361989974975585938e-01,3.525511622428894043e-01,0.000000000000000000e+00,6.326556801795959473e-01,-2.597069740295410156e-01,-6.048141047358512878e-02,2.643159925937652588e-01,2.216021567583084106e-01,3.968307077884674072e-01,1.383053660392761230e-01,3.159372135996818542e-02,-3.354127109050750732e-01,5.288963019847869873e-02,-2.105804234743118286e-01,-8.019033819437026978e-02,1.601549237966537476e-02,-5.360925942659378052e-02,-1.507624089717864990e-01,2.944316267967224121e-01,4.685059189796447754e-02,3.603212535381317139e-01,6.518682837486267090e-02,-7.514824159443378448e-03,-1.030303239822387695e-01,-3.257139399647712708e-02,2.385751456022262573e-01,1.593594849109649658e-01,-2.173855714499950409e-02,-1.447654962539672852e-01,-4.734004437923431396e-01,3.243820965290069580e-01,1.827277592383325100e-03,2.263618446886539459e-02,-2.466129604727029800e-03,-1.307833194732666016e-01,-1.498129963874816895e-01,5.771895498037338257e-02,6.672750413417816162e-02,-1.490341424942016602e-01,-9.949974715709686279e-02,-1.093524023890495300e-01,-2.004734277725219727e-01,5.065009370446205139e-02,-6.420003622770309448e-02,3.657052218914031982e-01,-1.828428059816360474e-01,3.793283998966217041e-01,3.044684529304504395e-01,-6.737732887268066406e-02,1.653214395046234131e-01,1.244675964117050171e-01,-1.489494740962982178e-01,1.695159375667572021e-01,-1.131343767046928406e-01,-2.064768224954605103e-01,-3.348008394241333008e-01,-1.505546867847442627e-01,4.294583201408386230e-02,1.396891325712203979e-01,7.109376043081283569e-02,4.143135547637939453e-01,1.033844202756881714e-01,2.699369490146636963e-01,3.602934181690216064e-01,-1.387689262628555298e-01,-2.762784063816070557e-01,2.856314778327941895e-01,2.266953736543655396e-01,-1.615340113639831543e-01,-8.942851424217224121e-02,3.396321833133697510e-02,5.631155520677566528e-02,-2.358154952526092529e-01,-3.460285365581512451e-01,-2.290375381708145142e-01,-3.086640536785125732e-01,-5.132724046707153320e-01,-5.433084368705749512e-01,-2.641842141747474670e-02,9.592346847057342529e-02,4.432174563407897949e-01,2.077278792858123779e-01,2.619946599006652832e-01,2.120202779769897461e-01,-2.460606098175048828e-01,-2.412735521793365479e-01,-3.483300656080245972e-02,5.776917934417724609e-02,3.437099754810333252e-01,4.680437147617340088e-01,3.990538120269775391e-01,2.890577912330627441e-01,4.590003192424774170e-01,4.045692980289459229e-01,-1.435501426458358765e-01,-9.792768955230712891e-02,-5.464175250381231308e-03,2.886307425796985626e-02,4.672479629516601562e-02,-1.173947677016258240e-01,1.694551706314086914e-01,1.909158378839492798e-01,2.620130479335784912e-01,1.162560060620307922e-01,-1.866737008094787598e-01,1.608111150562763214e-02
