0.000000000000000000e+00,4.076168537139892578e-01,-8.690740913152694702e-03,5.524957925081253052e-02,-1.368088573217391968e-01,-6.308163702487945557e-02,-2.189686521887779236e-02,1.140310429036617279e-03,-8.169630914926528931e-02,-1.085611432790756226e-02,2.133115828037261963e-01,1.773286759853363037e-01,-4.136310517787933350e-02,9.318991750478744507e-02,-1.176001653075218201e-01,-6.263184547424316406e-02,1.062702611088752747e-01,4.469970986247062683e-02,4.770876467227935791e-01,4.596734046936035156e-01,-3.098659813404083252e-01,-2.078942209482192993e-01,8.462683297693729401e-03,-1.896975636482238770e-01,-1.799551099538803101e-01,-1.697286665439605713e-01,-7.750551402568817139e-02,-6.073507945984601974e-03,4.883536603301763535e-03,-1.217952817678451538e-01,-1.279433071613311768e-01,-1.599588394165039062e-01,1.255881637334823608e-01,5.715853720903396606e-02,-6.280379742383956909e-02,-1.098656877875328064e-01,-2.100017815828323364e-01,-5.909649282693862915e-02,-2.584639489650726318e-01,-1.976949572563171387e-01,1.596909016370773315e-01,7.595946639776229858e-02,-1.188006922602653503e-01,-1.956814527511596680e-02,9.727927297353744507e-02,5.257507413625717163e-02,-1.220557242631912231e-01,-8.608967810869216919e-02,9.344912320375442505e-02,1.408320665359497070e-01,1.819507181644439697e-01,4.786660894751548767e-02,-1.309301704168319702e-01,-1.186463758349418640e-01,-8.093714714050292969e-02,-5.404494330286979675e-02,3.785646855831146240e-01,3.097701370716094971e-01,3.464505970478057861e-01,2.412121742963790894e-01,3.911734521389007568e-01,4.377508535981178284e-02,1.922852993011474609e-01,1.303384155035018921e-01,-1.614128351211547852e-01,-1.158425062894821167e-01,6.837704032659530640e-02,1.161819323897361755e-02,4.112787544727325439e-01,2.587293386459350586e-01,1.252201050519943237e-01,4.958609491586685181e-02,2.390441484749317169e-02,1.599230468273162842e-01,1.126574650406837463e-01,5.908190831542015076e-02,-1.584453275427222252e-03,2.938025072216987610e-02,-1.468841284513473511e-01,-2.318508625030517578e-01,4.902525246143341064e-02,-9.466677904129028320e-02,-2.140411138534545898e-01,-2.644600272178649902e-01,-4.812279716134071350e-02,-1.918751001358032227e-01,4.704328253865242004e-03,5.637261644005775452e-02,-1.177880242466926575e-01,-3.411233797669410706e-02,-1.236317083239555359e-01,-1.120371520519256592e-01,-1.028799489140510559e-01,-8.809157647192478180e-03,-2.655660212039947510e-01,-1.865386068820953369e-01,-1.469601988792419434e-01,-2.407343499362468719e-02,1.981117576360702515e-02,2.925108373165130615e-02,-6.318230181932449341e-03,-6.780408322811126709e-02,-7.104988396167755127e-02,-3.987916186451911926e-02,-2.596008479595184326e-01,-1.710025072097778320e-01,-1.877709925174713135e-01,-7.341579068452119827e-03,6.188658624887466431e-02,-2.143959142267704010e-02,-1.477039754390716553e-01,-1.320547610521316528e-01,5.069522559642791748e-02,-1.521543860435485840e-01,-1.378246098756790161e-01,-1.420238316059112549e-01
4.076168537139892578e-01,0.000000000000000000e+00,2.800048701465129852e-02,4.726746305823326111e-02,-5.000156164169311523e-01,-1.663566082715988159e-01,-1.608010753989219666e-02,-7.673063874244689941e-02,-3.303413987159729004e-01,-1.739012449979782104e-01,3.684609383344650269e-02,1.185194924473762512e-01,-1.865220218896865845e-01,-2.761297300457954407e-02,-2.491916865110397339e-01,-1.801356077194213867e-01,3.525793254375457764e-01,3.353541791439056396e-01,1.886646002531051636e-01,3.404671251773834229e-01,-3.156931996345520020e-01,-1.123342886567115784e-01,-1.183490455150604248e-01,-2.765650749206542969e-01,-2.673270106315612793e-01,-4.519526362419128418e-01,-2.096775919198989868e-01,-8.721690624952316284e-02,1.908103227615356445e-01,8.558115363121032715e-02,-3.372648358345031738e-01,-3.367899954319000244e-01,1.132371351122856140e-01,-2.425264380872249603e-02,-1.003777980804443359e-01,-2.255602180957794189e-01,-1.988678425550460815e-01,5.590743198990821838e-02,-1.693765670061111450e-01,-9.398283064365386963e-02,7.650427520275115967e-02,2.493334859609603882e-01,-8.840967714786529541e-02,-7.724310737103223801e-03,1.693250089883804321e-01,3.070413172245025635e-01,-1.535635441541671753e-01,1.287920922040939331e-01,6.069998070597648621e-02,2.803964018821716309e-01,3.536006212234497070e-01,2.615212500095367432e-01,1.697107106447219849e-01,9.926130622625350952e-02,7.829703390598297119e-03,4.148717224597930908e-02,6.657154560089111328e-01,7.146846652030944824e-01,3.573439121246337891e-01,2.726334333419799805e-01,3.610581159591674805e-01,-5.625069141387939453e-03,3.845528364181518555e-01,3.061073422431945801e-01,-2.652428448200225830e-01,-1.722302883863449097e-01,1.425004005432128906e-01,1.837988197803497314e-01,5.200304985046386719e-01,5.473191142082214355e-01,-1.768046468496322632e-01,-2.717154920101165771e-01,-1.094526052474975586e-01,5.058415234088897705e-02,8.098848909139633179e-02,7.226563245058059692e-02,-2.300531268119812012e-01,-6.609424203634262085e-02,6.407223641872406006e-02,6.100879609584808350e-02,3.479776978492736816e-01,3.668778538703918457e-01,3.409999422729015350e-03,3.074417635798454285e-02,1.185439154505729675e-01,2.591895759105682373e-01,3.396637365221977234e-02,7.214619219303131104e-02,-8.022878319025039673e-02,2.097715623676776886e-02,-2.709060609340667725e-01,-3.386834859848022461e-01,-1.081946268677711487e-01,-2.187224328517913818e-01,-1.869674772024154663e-01,-7.935117185115814209e-02,-3.198157846927642822e-01,-2.785482704639434814e-01,-4.000334143638610840e-01,-4.180690050125122070e-01,-2.464474178850650787e-02,-3.507938683032989502e-01,-7.229716982692480087e-03,-3.029196858406066895e-01,-8.830478042364120483e-02,-2.075354307889938354e-01,-1.434272676706314087e-01,-1.150570884346961975e-01,5.432038754224777222e-02,4.094710201025009155e-02,-4.415453076362609863e-01,-3.754854202270507812e-01,-1.542352885007858276e-01,-3.134662210941314697e-01,-2.752294242382049561e-01,-1.607186496257781982e-01
-8.690740913152694702e-03,2.800048701465129852e-02,0.000000000000000000e+00,6.166990995407104492e-01,-6.716724485158920288e-02,2.099151015281677246e-01,7.048950195312500000e-01,4.608384966850280762e-01,-3.839567536488175392e-03,3.008063435554504395e-01,-2.283079177141189575e-01,-4.786719083786010742e-01,3.819523155689239502e-01,8.103030174970626831e-02,-1.953949779272079468e-01,8.879374712705612183e-03,-2.348606437444686890e-01,-2.880520522594451904e-01,-6.158630363643169403e-03,-1.302902400493621826e-01,1.507145538926124573e-02,-2.327077090740203857e-01,6.138374209403991699e-01,1.854726076126098633e-01,1.130300909280776978e-01,3.897903114557266235e-02,-1.165871135890483856e-02,3.292227536439895630e-02,-1.749736219644546509e-01,-2.616136372089385986e-01,-1.118454635143280029e-01,-8.552226424217224121e-02,-2.671618461608886719e-01,-3.697419762611389160e-01,7.441013306379318237e-02,-9.605732560157775879e-02,1.161512359976768494e-01,-3.766961768269538879e-02,-1.271120756864547729e-01,-2.720570862293243408e-01,8.887848258018493652e-02,-7.398686558008193970e-02,3.232712447643280029e-01,2.414391934871673584e-02,1.455486416816711426e-01,5.128535628318786621e-02,2.230698615312576294e-01,1.730082333087921143e-01,-1.553499400615692139e-01,-6.066723912954330444e-02,1.959562897682189941e-01,-3.980550915002822876e-03,1.710691452026367188e-01,4.082061946392059326e-01,-3.045786023139953613e-01,-1.443356275558471680e-01,-4.152571409940719604e-02,4.295246675610542297e-02,-1.767841279506683350e-01,-4.943788051605224609e-01,5.771164223551750183e-02,-2.251207381486892700e-01,-2.378419190645217896e-01,-3.544751405715942383e-01,3.541578650474548340e-01,-1.054208949208259583e-01,-8.765275776386260986e-02,-2.490214705467224121e-01,-7.411595433950424194e-02,2.829261422157287598e-01,-6.510367989540100098e-02,-9.609645605087280273e-02,-1.310229897499084473e-01,-1.668218821287155151e-01,-2.227849215269088745e-01,-2.462145686149597168e-01,6.477835774421691895e-02,-8.634885400533676147e-02,-1.683589518070220947e-01,-3.296106681227684021e-02,-2.562047839164733887e-01,-1.425551921129226685e-01,-1.643018424510955811e-01,-1.593830138444900513e-01,1.716682910919189453e-01,-2.015833407640457153e-01,-3.683223724365234375e-01,-2.570875883102416992e-01,-9.911037981510162354e-02,-7.967601716518402100e-02,1.605323106050491333e-01,3.693269491195678711e-01,7.086200267076492310e-02,3.490723967552185059e-01,2.702277526259422302e-02,1.586180739104747772e-02,-5.620054434984922409e-04,-1.127364858984947205e-01,-1.125275641679763794e-01,-2.024328522384166718e-02,-3.468194305896759033e-01,1.680045574903488159e-01,-2.489822655916213989e-01,-9.411071985960006714e-02,1.522560119628906250e-01,2.788379788398742676e-01,-2.209798395633697510e-01,-1.774672567844390869e-01,-1.554540097713470459e-01,2.653680928051471710e-02,8.722587674856185913e-02,5.214340053498744965e-03,2.098738551139831543e-01,1.468690782785415649e-01,1.882443428039550781e-01,-1.590988039970397949e-02
5.524957925081253052e-02,4.726746305823326111e-02,6.166990995407104492e-01,0.000000000000000000e+00,-8.929156512022018433e-02,3.552778363227844238e-01,6.299775838851928711e-01,6.813646554946899414e-01,1.641040109097957611e-02,5.064877271652221680e-01,-1.235162466764450073e-01,-2.118722498416900635e-01,3.232913613319396973e-01,3.267185091972351074e-01,-2.191116660833358765e-01,2.577136158943176270e-01,-2.265667170286178589e-01,-2.339048385620117188e-01,9.872603416442871094e-02,4.531775414943695068e-02,-9.913664311170578003e-02,-2.498650699853897095e-01,4.792009890079498291e-01,2.278588265180587769e-01,1.319171488285064697e-01,6.254670768976211548e-02,4.203759878873825073e-02,-3.670904040336608887e-02,-1.503223478794097900e-01,-2.279739230871200562e-01,-1.320111900568008423e-01,-4.175937175750732422e-02,-1.211504042148590088e-01,-1.311330199241638184e-01,9.921403974294662476e-02,-6.753733754158020020e-02,-5.226312950253486633e-02,-1.016161143779754639e-01,-1.933584362268447876e-01,-3.042953312397003174e-01,3.642576560378074646e-02,-1.007166951894760132e-01,1.963459104299545288e-01,2.656607655808329582e-03,1.680814176797866821e-01,1.682012081146240234e-01,1.475499384105205536e-02,4.764594137668609619e-02,-2.168708741664886475e-01,-4.455933719873428345e-02,8.614097535610198975e-02,-3.945214301347732544e-02,1.440459042787551880e-01,3.636065721511840820e-01,-2.644529640674591064e-01,-6.961699575185775757e-02,-3.551603853702545166e-02,2.783216722309589386e-02,-1.678688526153564453e-01,-3.653204441070556641e-01,1.121335700154304504e-01,3.212238103151321411e-02,-1.732411980628967285e-01,-1.462784409523010254e-01,2.429263740777969360e-01,-2.411922067403793335e-02,-9.019739925861358643e-02,-1.104746982455253601e-01,5.390534177422523499e-02,1.793711036443710327e-01,-1.496369093656539917e-01,-1.126371845602989197e-01,-1.578736007213592529e-01,-1.673957854509353638e-01,-1.787313371896743774e-01,-3.146517872810363770e-01,5.399504676461219788e-02,-4.892582446336746216e-02,-3.059068620204925537e-01,-1.564687341451644897e-01,-2.840213477611541748e-01,-1.692105084657669067e-01,-2.580291926860809326e-01,-2.244484573602676392e-01,-4.062143713235855103e-02,-1.841275244951248169e-01,-4.147439301013946533e-01,-3.013011813163757324e-01,-1.196992769837379456e-01,-9.713016450405120850e-03,1.379010975360870361e-01,3.042019903659820557e-01,6.120204180479049683e-02,2.918403744697570801e-01,-2.513006888329982758e-02,4.614578187465667725e-02,-1.056831926107406616e-01,-6.151106953620910645e-02,-6.654010713100433350e-02,-5.988978780806064606e-03,-2.587143778800964355e-01,2.103697955608367920e-01,-1.215634196996688843e-01,6.870389729738235474e-02,1.171344332396984100e-02,1.466163247823715210e-01,-2.478953152894973755e-01,-1.696642674505710602e-02,1.418883353471755981e-02,1.230560895055532455e-02,1.825689151883125305e-02,6.192106753587722778e-02,2.220497727394104004e-01,9.624087810516357422e-02,5.865194648504257202e-02,-9.581439197063446045e-02
-1.368088573217391968e-01,-5.000156164169311523e-01,-6.716724485158920288e-02,-8.929156512022018433e-02,0.000000000000000000e+00,2.077467143535614014e-01,-1.997201144695281982e-02,1.490420475602149963e-02,5.402186512947082520e-01,1.570717841386795044e-01,-2.753410954028367996e-03,-3.860797965899109840e-03,3.024496436119079590e-01,-4.986339807510375977e-02,4.002934396266937256e-01,1.075446158647537231e-01,-3.234596252441406250e-01,-3.008751571178436279e-01,8.094997704029083252e-02,-6.085906550288200378e-02,2.225734144449234009e-01,2.073146961629390717e-02,5.713735520839691162e-02,2.197503745555877686e-01,3.449732065200805664e-01,6.446341276168823242e-01,2.951218783855438232e-01,3.823139145970344543e-02,-2.384574711322784424e-01,-1.520193219184875488e-01,4.127463400363922119e-01,3.160131275653839111e-01,3.406688570976257324e-02,1.041782572865486145e-01,5.339513346552848816e-02,1.343921571969985962e-01,9.201400727033615112e-02,-2.239621728658676147e-01,5.227828398346900940e-02,5.667723342776298523e-02,-1.220871210098266602e-01,-3.737266957759857178e-01,1.793460920453071594e-02,4.514639452099800110e-02,-1.695930808782577515e-01,-3.625651597976684570e-01,3.075658157467842102e-02,-2.030203193426132202e-01,9.391403757035732269e-03,-1.398690342903137207e-01,-3.666298687458038330e-01,-2.801508307456970215e-01,-3.566518723964691162e-01,-1.650822907686233521e-01,-1.137424185872077942e-01,-1.078685149550437927e-01,-4.606646597385406494e-01,-5.353415608406066895e-01,-3.283849358558654785e-01,-1.624478250741958618e-01,-1.612207144498825073e-01,8.802549540996551514e-02,-3.199860453605651855e-01,-2.801601290702819824e-01,2.488818764686584473e-01,1.449017375707626343e-01,-9.898784756660461426e-02,-1.924305409193038940e-01,-2.333023101091384888e-01,-2.608327269554138184e-01,1.881289184093475342e-01,3.164611458778381348e-01,2.325611412525177002e-01,-1.888201013207435608e-02,1.372165232896804810e-01,8.733569830656051636e-02,2.405557632446289062e-01,1.033051609992980957e-01,-4.652123525738716125e-02,-1.549125164747238159e-01,-3.260718584060668945e-01,-2.856691181659698486e-01,-1.287839710712432861e-01,-1.370161920785903931e-01,-1.264455318450927734e-01,-2.833609282970428467e-01,1.936765760183334351e-01,4.329036548733711243e-02,1.468227654695510864e-01,-9.163744747638702393e-02,1.297178268432617188e-01,3.546600937843322754e-01,-4.477662593126296997e-02,1.677770018577575684e-01,-1.271925568580627441e-01,-8.517344295978546143e-02,2.119474709033966064e-01,2.252315133810043335e-01,4.183496534824371338e-01,3.094278872013092041e-01,-1.247907429933547974e-01,2.233713120222091675e-01,-4.708635434508323669e-02,1.085098236799240112e-01,-5.351013503968715668e-03,1.150239482522010803e-01,1.985273137688636780e-02,1.872536689043045044e-01,5.910774227231740952e-03,-7.871796190738677979e-02,4.631035625934600830e-01,2.872311472892761230e-01,6.415141373872756958e-02,3.186106979846954346e-01,2.894650399684906006e-01,7.639832794666290283e-02
-6.308163702487945557e-02,-1.663566082715988159e-01,2.099151015281677246e-01,3.552778363227844238e-01,2.077467143535614014e-01,0.000000000000000000e+00,2.996217906475067139e-01,5.476211309432983398e-01,3.682084679603576660e-01,7.509738206863403320e-01,-2.494395077228546143e-01,-2.200471311807632446e-01,2.834423780441284180e-01,3.389806747436523438e-01,9.454718232154846191e-02,6.191620826721191406e-01,-8.561006188392639160e-02,-1.632336676120758057e-01,2.824423015117645264e-01,9.283629804849624634e-02,1.523661017417907715e-01,-9.213863871991634369e-03,7.325764745473861694e-02,4.580731317400932312e-02,2.535040974617004395e-01,4.055350720882415771e-01,2.129341065883636475e-01,3.716204687952995300e-02,8.272492140531539917e-02,-9.372627735137939453e-02,2.251389771699905396e-01,2.212748974561691284e-01,-3.706141933798789978e-02,6.788928806781768799e-02,1.074833944439888000e-01,-2.399417199194431305e-02,-1.592337191104888916e-01,-3.138429820537567139e-01,-5.073468759655952454e-02,-6.344393640756607056e-02,7.953956723213195801e-03,-1.587980985641479492e-01,-8.496595174074172974e-02,-1.846777349710464478e-01,1.440660804510116577e-01,1.057620793581008911e-01,-2.046308666467666626e-01,-2.463358491659164429e-01,-9.098494797945022583e-02,-7.052878383547067642e-03,-1.414899379014968872e-01,-1.571730971336364746e-01,-5.211141332983970642e-02,2.503176331520080566e-01,-1.092622652649879456e-01,2.774262055754661560e-02,-1.108800470829010010e-01,-1.736318767070770264e-01,-2.899605035781860352e-01,-1.732463836669921875e-01,-1.379309687763452530e-02,6.183006986975669861e-02,-3.866763040423393250e-02,1.826756075024604797e-02,-8.435897529125213623e-03,-2.709282040596008301e-01,-2.284779250621795654e-01,-1.539935022592544556e-01,4.085627570748329163e-02,9.152648597955703735e-02,-1.730821281671524048e-01,-9.957983344793319702e-02,6.436337530612945557e-02,-4.782182723283767700e-02,-2.234144508838653564e-02,-9.370460361242294312e-02,1.444562152028083801e-02,-5.952104926109313965e-03,-9.680197387933731079e-02,6.978970021009445190e-02,-6.288629770278930664e-02,-5.830665305256843567e-02,-9.524947404861450195e-02,2.063824795186519623e-02,-2.413566112518310547e-01,-7.752036303281784058e-02,-7.433789223432540894e-02,-6.264769285917282104e-02,-1.310386061668395996e-01,-1.032831445336341858e-01,-2.185580581426620483e-01,2.193728387355804443e-01,-3.406180739402770996e-01,1.651567667722702026e-01,-4.927513748407363892e-02,5.537576228380203247e-02,-1.717243641614913940e-01,2.590170316398143768e-02,-7.421936839818954468e-02,-1.523771584033966064e-01,-3.351512849330902100e-01,1.797334253787994385e-01,-3.405177593231201172e-02,1.197554692625999451e-01,-1.680282205343246460e-01,-1.138309091329574585e-01,-6.419564038515090942e-02,1.577892005443572998e-01,3.583139181137084961e-02,-7.240685820579528809e-02,4.445330798625946045e-02,-4.671465605497360229e-03,1.551862657070159912e-01,1.110611781477928162e-01,-1.592100970447063446e-02,-8.416624739766120911e-03
-2.189686521887779236e-02,-1.608010753989219666e-02,7.048950195312500000e-01,6.299775838851928711e-01,-1.997201144695281982e-02,2.996217906475067139e-01,0.000000000000000000e+00,5.763376951217651367e-01,2.028175294399261475e-01,3.533305823802947998e-01,-2.789571881294250488e-01,-4.255486726760864258e-01,4.826696217060089111e-01,1.412565857172012329e-01,-5.368195846676826477e-02,4.446264728903770447e-02,-2.592898905277252197e-01,-3.493891358375549316e-01,7.787834107875823975e-02,-1.177332848310470581e-01,2.075809054076671600e-03,-2.459936738014221191e-01,4.733645617961883545e-01,1.379018425941467285e-01,1.891860216856002808e-01,1.374115049839019775e-01,-1.290086936205625534e-02,1.669331640005111694e-02,-9.140390902757644653e-02,-1.808351129293441772e-01,-1.544078439474105835e-01,-5.636801198124885559e-02,-1.935811638832092285e-01,-2.170477658510208130e-01,1.362492591142654419e-01,-5.870528891682624817e-02,-1.289608050137758255e-02,-1.689414381980895996e-01,-7.617845386266708374e-02,-2.614578604698181152e-01,7.155400514602661133e-02,-1.730503439903259277e-01,3.566938042640686035e-01,4.827072471380233765e-02,1.945434510707855225e-01,1.797752268612384796e-02,1.779958903789520264e-01,1.214514747262001038e-01,-2.051945477724075317e-01,-7.371432334184646606e-02,2.223042845726013184e-01,1.392652280628681183e-02,2.254003733396530151e-01,4.990898966789245605e-01,-2.276017069816589355e-01,-2.425249479711055756e-02,-1.267236620187759399e-01,-5.353368446230888367e-02,-2.305491119623184204e-01,-5.512298345565795898e-01,1.398651003837585449e-01,-5.542625486850738525e-02,-2.691026628017425537e-01,-2.432468831539154053e-01,2.567605078220367432e-01,-1.837797760963439941e-01,-1.922996342182159424e-01,-2.357625365257263184e-01,-1.821989715099334717e-01,2.007716298103332520e-01,-2.108675241470336914e-01,-2.035103738307952881e-01,-1.847029030323028564e-01,-2.705994844436645508e-01,-2.192061841487884521e-01,-2.477839738130569458e-01,1.003186702728271484e-01,-3.600456938147544861e-02,-2.782268226146697998e-01,-3.394341468811035156e-02,-2.903221845626831055e-01,-2.700343728065490723e-01,-7.773104310035705566e-02,-1.482179462909698486e-01,-2.178923040628433228e-02,-2.381125688552856445e-01,-3.914385735988616943e-01,-3.756989240646362305e-01,-1.727607846260070801e-01,-2.520634047687053680e-02,1.133706569671630859e-01,4.283417463302612305e-01,-7.280378788709640503e-02,3.707442879676818848e-01,1.568966209888458252e-01,9.199607372283935547e-02,8.733405172824859619e-02,-3.192183375358581543e-02,-2.735380083322525024e-02,3.527456149458885193e-02,-4.924303293228149414e-01,1.982515007257461548e-01,-2.894153594970703125e-01,-6.848394870758056641e-02,8.997639268636703491e-02,2.001899480819702148e-01,-1.863085329532623291e-01,-1.915785670280456543e-01,-1.915708631277084351e-01,1.064383015036582947e-01,1.262471377849578857e-01,3.476099669933319092e-02,3.137784302234649658e-01,1.710673123598098755e-01,1.253737658262252808e-01,6.811614334583282471e-02
1.140310429036617279e-03,-7.673063874244689941e-02,4.608384966850280762e-01,6.813646554946899414e-01,1.490420475602149963e-02,5.476211309432983398e-01,5.763376951217651367e-01,0.000000000000000000e+00,1.895503401756286621e-01,6.452432870864868164e-01,-2.060844451189041138e-01,-1.891561001539230347e-01,2.927892208099365234e-01,4.767144918441772461e-01,-1.356014013290405273e-01,3.689326643943786621e-01,-1.944957524538040161e-01,-2.449955642223358154e-01,2.020649909973144531e-01,4.242699965834617615e-02,-5.143338441848754883e-02,-2.133768349885940552e-01,3.406557142734527588e-01,2.044754922389984131e-01,7.688388228416442871e-02,1.731833070516586304e-01,1.405971944332122803e-01,-1.334009878337383270e-02,-7.390859723091125488e-02,-1.804304122924804688e-01,-6.180662661790847778e-02,3.945985436439514160e-02,-3.789739683270454407e-02,2.055166475474834442e-02,1.824440807104110718e-01,5.284324660897254944e-02,-1.193998828530311584e-01,-2.089281082153320312e-01,-2.073336094617843628e-01,-2.580883204936981201e-01,6.981905316933989525e-04,-1.602571457624435425e-01,4.999316483736038208e-02,-1.256059110164642334e-01,1.765899360179901123e-01,1.650733947753906250e-01,-7.523949444293975830e-02,-1.124642416834831238e-01,-1.485262066125869751e-01,1.077144220471382141e-02,3.015773370862007141e-02,-5.053924396634101868e-02,5.477328598499298096e-02,3.735063672065734863e-01,-2.454463839530944824e-01,-7.609143387526273727e-03,-1.478125154972076416e-01,-1.104041561484336853e-01,-2.122860550880432129e-01,-3.242180049419403076e-01,1.392602771520614624e-01,1.608082652091979980e-01,-1.196811720728874207e-01,-2.246732823550701141e-02,1.838402599096298218e-01,-8.769391477108001709e-02,-1.963930726051330566e-01,-1.366171687841415405e-01,-3.373552113771438599e-02,6.972201913595199585e-02,-2.341168224811553955e-01,-1.502502411603927612e-01,-1.661973893642425537e-01,-2.034134864807128906e-01,-1.010046526789665222e-01,-1.866157054901123047e-01,3.991043940186500549e-02,-9.745201095938682556e-03,-2.784288823604583740e-01,-1.567992866039276123e-01,-2.626805007457733154e-01,-2.236079275608062744e-01,-2.121516913175582886e-01,-2.343597859144210815e-01,-2.084917575120925903e-01,-1.412184685468673706e-01,-3.191039264202117920e-01,-2.206479012966156006e-01,-1.149491146206855774e-01,3.681559488177299500e-02,3.591170534491539001e-02,3.170727491378784180e-01,-1.048216447234153748e-01,2.410876601934432983e-01,-5.713548883795738220e-02,1.410663221031427383e-02,-1.130194813013076782e-01,-3.288681060075759888e-02,-8.977093966677784920e-04,-2.869709953665733337e-02,-3.423989713191986084e-01,1.828174591064453125e-01,-8.967737108469009399e-02,7.461252808570861816e-02,-9.036720544099807739e-02,-2.932055387645959854e-03,-1.177647560834884644e-01,9.906780719757080078e-02,1.236352371051907539e-03,-8.347801864147186279e-02,6.462281197309494019e-02,5.641870945692062378e-02,2.537357509136199951e-01,1.211664751172065735e-01,5.040942877531051636e-02,-7.618910074234008789e-02
-8.169630914926528931e-02,-3.303413987159729004e-01,-3.839567536488175392e-03,1.641040109097957611e-02,5.402186512947082520e-01,3.682084679603576660e-01,2.028175294399261475e-01,1.895503401756286621e-01,0.000000000000000000e+00,2.473932504653930664e-01,4.012382403016090393e-02,-1.404394805431365967e-01,4.709483683109283447e-01,-1.726376451551914215e-02,5.253611207008361816e-01,1.581292748451232910e-01,-1.849055439233779907e-01,-3.008110523223876953e-01,2.305963337421417236e-01,2.711315639317035675e-02,1.229639276862144470e-01,9.957239776849746704e-02,-4.402390867471694946e-02,1.192523241043090820e-01,3.498130440711975098e-01,5.133901238441467285e-01,8.546448498964309692e-02,3.140884265303611755e-02,-1.073379665613174438e-01,-1.154997795820236206e-01,3.174802660942077637e-01,3.102123141288757324e-01,-1.112064793705940247e-01,7.080576568841934204e-02,1.186074316501617432e-01,4.137691110372543335e-02,-1.106382608413696289e-01,-2.418549358844757080e-01,1.856383085250854492e-01,1.923845410346984863e-01,-1.351770851761102676e-02,-2.385103404521942139e-01,1.380684692412614822e-02,3.764854371547698975e-02,3.032290935516357422e-02,-1.852176636457443237e-01,2.955732634291052818e-03,-1.435559988021850586e-01,3.589183092117309570e-02,1.753772981464862823e-02,-1.743598431348800659e-01,-1.050493419170379639e-01,-1.164749190211296082e-01,-1.529439538717269897e-02,3.329049795866012573e-02,-2.585509326308965683e-03,-2.531533539295196533e-01,-3.277339637279510498e-01,-2.165223211050033569e-01,-1.385213881731033325e-01,-4.257790744304656982e-02,1.130158603191375732e-01,-2.160930782556533813e-01,-1.086734160780906677e-01,3.678175853565335274e-03,-9.423409402370452881e-02,-1.420104354619979858e-01,-1.191455647349357605e-01,-1.540758758783340454e-01,-1.146135106682777405e-01,-3.749258816242218018e-02,-1.970662502571940422e-03,1.202705949544906616e-01,-1.046198233962059021e-01,1.115380972623825073e-01,1.546730250120162964e-01,3.886910155415534973e-02,2.550538070499897003e-02,-1.459904164075851440e-01,-8.965329825878143311e-02,-2.253766506910324097e-01,-3.017222285270690918e-01,-7.368883234448730946e-04,-3.811668604612350464e-03,-2.364858537912368774e-01,-2.179311364889144897e-01,1.919741332530975342e-01,4.135710373520851135e-02,-8.787006884813308716e-02,-1.249263435602188110e-01,-8.344892412424087524e-02,2.162431478500366211e-01,-2.858909666538238525e-01,5.897274240851402283e-02,1.308211386203765869e-01,8.081869781017303467e-02,1.986162513494491577e-01,1.800744235515594482e-01,1.915767341852188110e-01,7.740616798400878906e-02,-3.328292369842529297e-01,3.018367849290370941e-02,2.203691005706787109e-02,-9.822045452892780304e-03,-2.718490175902843475e-02,-5.395938828587532043e-02,1.773380115628242493e-02,9.282954782247543335e-02,-3.520094230771064758e-02,9.828022122383117676e-02,2.450994998216629028e-01,1.116656213998794556e-01,9.825620055198669434e-02,2.188337892293930054e-01,1.042045652866363525e-01,5.299355089664459229e-02
-1.085611432790756226e-02,-1.739012449979782104e-01,3.008063435554504395e-01,5.064877271652221680e-01,1.570717841386795044e-01,7.509738206863403320e-01,3.533305823802947998e-01,6.452432870864868164e-01,2.473932504653930664e-01,0.000000000000000000e+00,-2.123344689607620239e-01,-1.809436529874801636e-01,2.868509888648986816e-01,4.647113382816314697e-01,-1.790660060942173004e-02,6.560686826705932617e-01,-9.710835665464401245e-02,-1.604322344064712524e-01,2.225418835878372192e-01,6.889928132295608521e-02,1.154049038887023926e-01,-7.797392457723617554e-02,2.061424553394317627e-01,7.197897881269454956e-02,1.795371621847152710e-01,3.496294319629669189e-01,2.145438194274902344e-01,5.172937363386154175e-02,4.734937474131584167e-02,-1.346298158168792725e-01,1.679244786500930786e-01,1.976004242897033691e-01,-4.012154042720794678e-02,2.830039151012897491e-02,4.509787634015083313e-02,-2.339178510010242462e-02,-5.224758759140968323e-02,-2.118819057941436768e-01,-1.288680136203765869e-01,-1.824772804975509644e-01,4.969543218612670898e-02,-1.340432763099670410e-01,-8.629876375198364258e-02,-2.189453393220901489e-01,4.617369920015335083e-02,7.476858794689178467e-02,-1.492575109004974365e-01,-1.906826347112655640e-01,-1.791906356811523438e-01,-4.983413219451904297e-02,-1.537867188453674316e-01,-2.091182172298431396e-01,-2.568219602108001709e-02,2.675083875656127930e-01,-1.646527200937271118e-01,2.767760865390300751e-02,-1.367634087800979614e-01,-1.954653412103652954e-01,-2.872574329376220703e-01,-2.311297059059143066e-01,-3.916570171713829041e-02,-1.087402226403355598e-03,-8.844332396984100342e-02,-4.458361119031906128e-02,3.700293228030204773e-02,-2.217630147933959961e-01,-2.370350360870361328e-01,-2.104523181915283203e-01,3.142450377345085144e-02,1.803879998624324799e-02,-1.365127861499786377e-01,-5.812911689281463623e-02,-3.102534636855125427e-02,-6.232016161084175110e-02,-4.097335040569305420e-02,-1.825171411037445068e-01,7.060336321592330933e-02,9.551635594107210636e-04,-1.146754324436187744e-01,-3.344554081559181213e-02,-1.134029105305671692e-01,-7.804492861032485962e-02,-1.414570063352584839e-01,-1.035132855176925659e-01,-1.776592284440994263e-01,-1.040023118257522583e-01,-2.035113424062728882e-01,-1.146505400538444519e-01,-1.165131628513336182e-01,-4.768569394946098328e-02,-1.039131432771682739e-01,2.582773864269256592e-01,-2.320431470870971680e-01,1.834683120250701904e-01,-9.462372958660125732e-02,8.440906181931495667e-03,-2.074220329523086548e-01,-1.121348049491643906e-02,-4.871462006121873856e-03,-7.324004173278808594e-02,-2.752031385898590088e-01,2.364780902862548828e-01,-4.812463372945785522e-02,1.988182365894317627e-01,-1.669770032167434692e-01,-5.171294510364532471e-02,-6.142792478203773499e-02,1.709618717432022095e-01,-1.996675319969654083e-02,-1.610681563615798950e-01,3.776719421148300171e-02,7.563179731369018555e-02,1.742415726184844971e-01,1.408285498619079590e-01,4.916996881365776062e-02,-1.151174120604991913e-02
2.133115828037261963e-01,3.684609383344650269e-02,-2.283079177141189575e-01,-1.235162466764450073e-01,-2.753410954028367996e-03,-2.494395077228546143e-01,-2.789571881294250488e-01,-2.060844451189041138e-01,4.012382403016090393e-02,-2.123344689607620239e-01,0.000000000000000000e+00,4.148579537868499756e-01,1.548188179731369019e-01,6.157550215721130371e-02,2.092344313859939575e-01,3.084909915924072266e-02,1.888496726751327515e-01,2.318967729806900024e-01,2.783510135486721992e-03,9.445736557245254517e-02,-2.081917524337768555e-01,3.258593007922172546e-02,-1.108551025390625000e-01,3.366808593273162842e-02,-1.042998433113098145e-01,-1.077567040920257568e-01,-1.385457813739776611e-01,-4.562961310148239136e-02,-5.969913303852081299e-02,-6.700545549392700195e-02,7.273980975151062012e-02,1.033843494951725006e-03,7.634577155113220215e-02,7.604288309812545776e-02,-2.223724871873855591e-01,-9.833090007305145264e-02,-7.664451003074645996e-02,3.420634940266609192e-02,3.087342530488967896e-02,4.208245873451232910e-02,7.394608855247497559e-02,1.018780916929244995e-01,-1.794814020395278931e-01,4.688607528805732727e-02,-2.128795981407165527e-01,6.381761282682418823e-02,-1.520641893148422241e-02,7.344695180654525757e-02,2.444610372185707092e-02,6.710155308246612549e-02,-1.260193586349487305e-01,-5.458670202642679214e-03,-3.932081535458564758e-02,-2.889743745326995850e-01,6.553376093506813049e-03,-1.025283560156822205e-01,2.001720219850540161e-01,1.409218907356262207e-01,1.949192434549331665e-01,3.078548312187194824e-01,4.897591471672058105e-02,3.619800135493278503e-02,2.461023479700088501e-01,1.643201410770416260e-01,-1.703251898288726807e-01,1.137336865067481995e-01,1.195444762706756592e-01,1.607560068368911743e-01,1.286438703536987305e-01,-7.929942011833190918e-02,1.890836656093597412e-01,2.248647361993789673e-01,1.663292944431304932e-01,1.885138452053070068e-01,7.645567506551742554e-02,1.074781715869903564e-01,-1.294736713171005249e-01,-6.063979864120483398e-02,6.546856835484504700e-03,-2.371344268321990967e-01,9.562703967094421387e-02,6.333275884389877319e-02,-1.016496941447257996e-01,-5.078809335827827454e-02,1.100204810500144958e-01,4.034269973635673523e-02,1.300688534975051880e-01,2.752554118633270264e-01,-2.867722325026988983e-02,-5.776322260499000549e-02,8.465641736984252930e-02,-1.972538232803344727e-01,1.477684825658798218e-01,-1.885664016008377075e-01,-1.910434365272521973e-01,-1.231640651822090149e-01,3.399963490664958954e-03,2.247916301712393761e-03,1.133900657296180725e-01,3.455169126391410828e-02,3.304076194763183594e-01,-1.175292506814002991e-01,2.647992372512817383e-01,7.342743873596191406e-02,-1.749807223677635193e-02,-6.429446488618850708e-02,-9.304198622703552246e-02,1.189610827714204788e-02,6.248410418629646301e-02,-9.603061527013778687e-02,-4.644161090254783630e-02,7.592912018299102783e-02,-1.102779805660247803e-01,-7.267981767654418945e-02,9.107409045100212097e-03,-1.938073188066482544e-01
1.773286759853363037e-01,1.185194924473762512e-01,-4.786719083786010742e-01,-2.118722498416900635e-01,-3.860797965899109840e-03,-2.200471311807632446e-01,-4.255486726760864258e-01,-1.891561001539230347e-01,-1.404394805431365967e-01,-1.809436529874801636e-01,4.148579537868499756e-01,0.000000000000000000e+00,-1.415768712759017944e-01,2.959567010402679443e-01,1.429325789213180542e-01,5.309228599071502686e-02,1.673870086669921875e-01,3.732547163963317871e-01,3.900546953082084656e-02,7.404362410306930542e-02,-1.338044553995132446e-01,-8.059401065111160278e-02,-3.696735203266143799e-01,-1.159683316946029663e-01,-2.170154899358749390e-01,-7.035322487354278564e-02,2.054304443299770355e-02,-4.767018929123878479e-02,1.696780920028686523e-01,2.830132544040679932e-01,1.815268211066722870e-02,3.091795369982719421e-02,2.719441354274749756e-01,2.340570539236068726e-01,-2.887209653854370117e-01,-7.828745245933532715e-02,-4.815082252025604248e-02,2.841052040457725525e-02,-9.059229050762951374e-04,1.150420010089874268e-01,2.930429019033908844e-02,9.469369798898696899e-02,-3.577119410037994385e-01,-4.943070560693740845e-02,-1.922817528247833252e-01,5.378429591655731201e-02,-2.365038245916366577e-01,-8.663091063499450684e-02,-2.097142627462744713e-03,1.104209348559379578e-01,-5.044748261570930481e-02,9.452106058597564697e-02,-1.170321330428123474e-01,-2.709878683090209961e-01,1.021956503391265869e-01,1.055487915873527527e-01,1.819312721490859985e-01,1.747024655342102051e-01,1.007614061236381531e-01,4.061158895492553711e-01,1.280014663934707642e-01,2.561726272106170654e-01,3.742610812187194824e-01,4.259806275367736816e-01,-2.975103855133056641e-01,1.334010064601898193e-01,5.807256791740655899e-03,2.816445827484130859e-01,1.517938971519470215e-01,-1.160070076584815979e-01,3.430587425827980042e-02,8.553371578454971313e-02,3.511073812842369080e-02,1.090659499168395996e-01,1.041395068168640137e-01,1.697955839335918427e-02,-1.065967530012130737e-01,6.494926288723945618e-03,1.276055872440338135e-01,-2.136384323239326477e-02,2.144246548414230347e-01,2.325937598943710327e-01,-9.878812124952673912e-04,5.671807099133729935e-03,-3.394727781414985657e-02,1.738203316926956177e-01,1.791320890188217163e-01,2.032786905765533447e-01,2.004839479923248291e-01,1.327020078897476196e-01,-8.871454000473022461e-02,-3.195672929286956787e-01,-1.915435492992401123e-02,-3.365294039249420166e-01,-2.072746753692626953e-01,-1.485200822353363037e-01,-1.385242938995361328e-01,8.370348811149597168e-02,6.985998898744583130e-02,-8.724322915077209473e-02,3.317711651325225830e-01,-1.823956370353698730e-01,8.787311613559722900e-02,8.977488614618778229e-03,-1.536117345094680786e-01,-2.094655781984329224e-01,3.527875244617462158e-02,1.419186219573020935e-02,5.409746617078781128e-02,-9.584283828735351562e-02,-1.286910325288772583e-01,6.241500377655029297e-02,-1.810116469860076904e-01,-8.418053388595581055e-02,-5.999204516410827637e-02,3.756082803010940552e-02
-4.136310517787933350e-02,-1.865220218896865845e-01,3.819523155689239502e-01,3.232913613319396973e-01,3.024496436119079590e-01,2.834423780441284180e-01,4.826696217060089111e-01,2.927892208099365234e-01,4.709483683109283447e-01,2.868509888648986816e-01,1.548188179731369019e-01,-1.415768712759017944e-01,0.000000000000000000e+00,2.279546409845352173e-01,3.450360596179962158e-01,1.847502887248992920e-01,-2.136546969413757324e-01,-2.262491881847381592e-01,7.703656703233718872e-02,-6.782607734203338623e-02,7.863753288984298706e-02,-9.874923527240753174e-02,3.276532590389251709e-01,2.175687104463577271e-01,2.070311158895492554e-01,3.384568095207214355e-01,-5.239749327301979065e-02,3.521466255187988281e-02,-1.651452481746673584e-01,-1.728730946779251099e-01,1.378068327903747559e-01,1.621316969394683838e-01,-1.682530939579010010e-01,-1.497997343540191650e-01,1.070273923687636852e-03,-7.337502390146255493e-02,1.886465214192867279e-02,-1.502499878406524658e-01,7.043236494064331055e-02,-1.294527798891067505e-01,4.658550396561622620e-02,-1.247746646404266357e-01,1.299154907464981079e-01,-1.536985952407121658e-02,-4.696911573410034180e-02,-1.975936889648437500e-01,1.583475917577743530e-01,3.267934173345565796e-02,-2.342100143432617188e-01,-1.401469558477401733e-01,-1.165215447545051575e-01,-1.957592368125915527e-01,1.289836224168539047e-02,1.385192275047302246e-01,-1.606340259313583374e-01,-9.256638586521148682e-02,-1.522711515426635742e-01,-1.161442324519157410e-01,-1.983415037393569946e-01,-3.186892867088317871e-01,5.114223435521125793e-02,-9.482694417238235474e-02,-2.083368599414825439e-01,-2.349791079759597778e-01,1.619189232587814331e-01,-1.272305548191070557e-01,-1.969767063856124878e-01,-2.651764452457427979e-01,-1.618901491165161133e-01,4.949588701128959656e-02,2.063560672104358673e-02,3.101895563304424286e-02,3.378280997276306152e-02,-1.520384103059768677e-01,2.316306903958320618e-02,-7.271343469619750977e-02,1.319919079542160034e-01,1.267243642359972000e-02,-1.703076064586639404e-01,-9.400818496942520142e-02,-2.193527966737747192e-01,-1.855354160070419312e-01,-5.479200929403305054e-02,-1.112216785550117493e-01,8.217773586511611938e-02,-2.223750203847885132e-01,-9.683663956820964813e-03,1.763028278946876526e-02,-3.322435915470123291e-02,-7.971633970737457275e-02,1.200877279043197632e-01,2.716901004314422607e-01,-1.087320223450660706e-01,1.129254102706909180e-01,2.386876754462718964e-02,-4.184501245617866516e-03,6.347578018903732300e-02,4.729471355676651001e-02,1.171785593032836914e-01,1.210161522030830383e-01,-2.522682249546051025e-01,3.385125845670700073e-02,-1.169808059930801392e-01,-9.097070246934890747e-02,7.116957753896713257e-02,1.850497424602508545e-01,-1.369643956422805786e-01,-4.933662340044975281e-02,-1.757670789957046509e-01,1.732441224157810211e-02,1.866041868925094604e-01,1.431161314249038696e-01,1.227492392063140869e-01,1.794558763504028320e-01,1.320383697748184204e-01,6.248534843325614929e-02
