0.000000000000000000e+00,7.900970578193664551e-01,5.844243764877319336e-01,6.071841716766357422e-01,1.189607232809066772e-01,2.446762025356292725e-01,6.801487803459167480e-01,5.334788560867309570e-01,2.246095240116119385e-01,1.464873552322387695e-01,3.155364394187927246e-01,4.784156084060668945e-01,5.062960982322692871e-01,3.449139297008514404e-01,-5.064515769481658936e-02,-2.338692843914031982e-01,-1.865425109863281250e-01,-6.225491687655448914e-02,6.051512360572814941e-01,6.554785966873168945e-01,-4.566938877105712891e-01,-8.860187977552413940e-02,5.098479986190795898e-01,4.342979192733764648e-01,-8.025076985359191895e-02,7.583726197481155396e-03,8.577975630760192871e-02,1.680530607700347900e-01,-1.670809835195541382e-02,-9.848932176828384399e-02,-8.692272752523422241e-02,2.760719656944274902e-01,5.246037840843200684e-01,4.081048369407653809e-01,5.027813911437988281e-01,2.454211413860321045e-01,-4.896483123302459717e-01,-3.322513997554779053e-01,-3.180533647537231445e-01,-3.738507628440856934e-01,-2.661013901233673096e-01,-3.583374321460723877e-01,4.555181786417961121e-02,5.964485555887222290e-02,2.953730821609497070e-01,-1.735548302531242371e-02,-2.321989089250564575e-01,-4.537337720394134521e-01,5.953476577997207642e-02,1.701409071683883667e-01,-6.508471071720123291e-02,3.664785996079444885e-02,-8.285494893789291382e-02,-1.114587634801864624e-01,-3.877700865268707275e-01,-2.159651964902877808e-01,6.558162569999694824e-01,7.268366813659667969e-01,5.843502879142761230e-01,6.565524935722351074e-01,4.985019564628601074e-01,4.121153056621551514e-01,8.093989640474319458e-02,2.445908337831497192e-01,2.274253815412521362e-01,2.530222237110137939e-01,5.584194064140319824e-01,4.992170929908752441e-01,5.787708163261413574e-01,7.067130208015441895e-01,2.469090521335601807e-01,-2.544951252639293671e-02,3.383367061614990234e-01,3.571670055389404297e-01,3.295984119176864624e-02,4.217895492911338806e-02,7.552172243595123291e-02,2.424388080835342407e-01,1.271563619375228882e-01,7.167673110961914062e-02,-2.344005256891250610e-01,7.839293219149112701e-03,-2.695714831352233887e-01,-5.143620371818542480e-01,-1.917021423578262329e-01,-8.862698823213577271e-02,-1.695848852396011353e-01,-1.574896275997161865e-01,-2.259694188833236694e-01,-1.256150901317596436e-01,-4.579275846481323242e-01,-3.246935606002807617e-01,-3.727797269821166992e-01,-4.060472548007965088e-01,-1.046933978796005249e-01,-2.801353037357330322e-01,-3.085433840751647949e-01,-1.638040542602539062e-01,-4.320126175880432129e-01,-3.464747667312622070e-01,-3.211826682090759277e-01,-1.900150030851364136e-01,-3.526399731636047363e-01,-2.827902138233184814e-01,-3.130560517311096191e-01,-2.984461784362792969e-01,-1.628193706274032593e-01,-3.024138510227203369e-01,2.783210715278983116e-03,-1.055257916450500488e-01,-1.148157417774200439e-01,-3.386639952659606934e-01,-2.997763454914093018e-01,-1.378650367259979248e-01,-1.752738803625106812e-01,-6.638955324888229370e-02
7.900970578193664551e-01,0.000000000000000000e+00,6.415899395942687988e-01,6.605943441390991211e-01,1.227334737777709961e-01,2.146602571010589600e-01,6.833162307739257812e-01,5.728202462196350098e-01,2.944870293140411377e-01,1.514601707458496094e-01,2.053420543670654297e-01,3.702283799648284912e-01,4.120564460754394531e-01,2.019170671701431274e-01,-1.191876381635665894e-01,-2.931668758392333984e-01,-3.181058168411254883e-01,-1.825881451368331909e-01,6.647561192512512207e-01,6.885384321212768555e-01,-5.800562500953674316e-01,-1.593025177717208862e-01,4.822822809219360352e-01,4.548140168190002441e-01,-2.198849767446517944e-01,-9.765096008777618408e-02,8.267039060592651367e-02,1.851357668638229370e-01,-1.518341153860092163e-01,-2.464588582515716553e-01,-2.102546840906143188e-01,1.690277755260467529e-01,4.106462299823760986e-01,3.065625429153442383e-01,4.541350007057189941e-01,2.427751570940017700e-01,-5.358320474624633789e-01,-3.937573432922363281e-01,-4.273798763751983643e-01,-4.782172739505767822e-01,-2.289555072784423828e-01,-4.884684681892395020e-01,-1.148790344595909119e-01,-9.381461143493652344e-02,8.504062145948410034e-02,-1.992406696081161499e-01,-3.411439657211303711e-01,-5.165555477142333984e-01,-1.623099446296691895e-01,1.970873400568962097e-02,-2.467636018991470337e-01,-1.236480772495269775e-01,-1.707130670547485352e-01,-7.087825983762741089e-02,-4.445782303810119629e-01,-3.038669824600219727e-01,5.298581719398498535e-01,6.619259119033813477e-01,4.445052742958068848e-01,5.669529438018798828e-01,3.428613841533660889e-01,3.567274808883666992e-01,-5.736582353711128235e-02,1.793766319751739502e-01,9.402105212211608887e-02,1.499476134777069092e-01,4.347621798515319824e-01,4.201306104660034180e-01,7.058169841766357422e-01,6.889626383781433105e-01,3.169182837009429932e-01,5.418998375535011292e-02,2.765487134456634521e-01,3.376367092132568359e-01,-1.559238974004983902e-02,1.865047402679920197e-02,1.840145699679851532e-02,1.763545125722885132e-01,-3.164302185177803040e-02,-7.240974903106689453e-02,-3.102965354919433594e-01,-9.659977257251739502e-02,-3.860418796539306641e-01,-5.496751666069030762e-01,-1.860043555498123169e-01,-2.006204873323440552e-01,-1.280756592750549316e-01,-1.396768838167190552e-01,-1.646293699741363525e-01,-4.641722887754440308e-02,-3.669784665107727051e-01,-2.513348162174224854e-01,-3.605217337608337402e-01,-3.464780449867248535e-01,-1.935728937387466431e-01,-3.558840155601501465e-01,-3.412041962146759033e-01,-2.208279222249984741e-01,-3.883880674839019775e-01,-3.408699929714202881e-01,-1.802230477333068848e-01,-1.588276028633117676e-01,-1.854682117700576782e-01,-1.322293877601623535e-01,-3.214667141437530518e-01,-3.004022240638732910e-01,-1.033189520239830017e-01,-1.914836019277572632e-01,1.065680012106895447e-02,-6.340122222900390625e-02,-7.114927470684051514e-02,-2.782506942749023438e-01,-2.536061704158782959e-01,-1.586114764213562012e-01,-2.612307369709014893e-01,-5.308987572789192200e-02
5.844243764877319336e-01,6.415899395942687988e-01,0.000000000000000000e+00,7.380208373069763184e-01,3.111724853515625000e-01,4.069826006889343262e-01,7.421415448188781738e-01,6.798484921455383301e-01,3.729201257228851318e-01,3.872623443603515625e-01,1.411978751420974731e-01,4.228554368019104004e-01,4.606256783008575439e-01,2.999284267425537109e-01,-1.630859449505805969e-02,-7.298841327428817749e-02,-2.978197634220123291e-01,-2.451403141021728516e-01,5.889563560485839844e-01,5.261170268058776855e-01,-4.559924602508544922e-01,-1.377904862165451050e-01,6.362219452857971191e-01,6.982600092887878418e-01,-6.105826422572135925e-02,6.269002705812454224e-02,1.770502179861068726e-01,3.243735134601593018e-01,-1.055181324481964111e-01,-2.559393644332885742e-01,-3.758289664983749390e-02,3.142200112342834473e-01,2.784394025802612305e-01,2.195314913988113403e-01,5.092660188674926758e-01,2.847011387348175049e-01,-3.746996819972991943e-01,-3.019754588603973389e-01,-3.988096117973327637e-01,-4.074026942253112793e-01,-1.578253805637359619e-01,-3.930962085723876953e-01,-1.833419501781463623e-01,-1.806164532899856567e-01,-1.071128100156784058e-01,-3.366177678108215332e-01,-3.133831322193145752e-01,-4.410282373428344727e-01,-3.162041604518890381e-01,-2.058625221252441406e-01,-4.477208256721496582e-01,-3.923204541206359863e-01,-2.873571217060089111e-01,-1.365349590778350830e-01,-2.872027456760406494e-01,-3.886667191982269287e-01,2.795504033565521240e-01,4.482063055038452148e-01,3.105253577232360840e-01,3.141741752624511719e-01,8.647227287292480469e-02,2.860903143882751465e-01,-9.850761294364929199e-02,8.738134801387786865e-02,9.453205019235610962e-02,7.747718691825866699e-02,4.504671692848205566e-01,4.128958880901336670e-01,5.786235332489013672e-01,5.989804267883300781e-01,5.245071053504943848e-01,3.071243464946746826e-01,3.905972540378570557e-01,4.721079468727111816e-01,-7.712233066558837891e-02,-1.435980349779129028e-01,1.960051804780960083e-01,3.378337323665618896e-01,4.012702032923698425e-02,5.086996406316757202e-02,-2.400880306959152222e-01,-6.115519627928733826e-02,-3.658427596092224121e-01,-4.578966796398162842e-01,-9.322097897529602051e-02,-3.523953557014465332e-01,-4.619745910167694092e-02,-1.079835146665573120e-01,-6.260514259338378906e-02,-1.223451644182205200e-02,-1.748203337192535400e-01,-1.021329313516616821e-01,-2.946632206439971924e-01,-2.326578944921493530e-01,-1.988613754510879517e-01,-2.991665303707122803e-01,-2.595826685428619385e-01,-2.203433662652969360e-01,-2.634330093860626221e-01,-2.444735169410705566e-01,6.373919546604156494e-02,-5.525888502597808838e-02,1.363141387701034546e-01,1.919545233249664307e-01,-2.533060610294342041e-01,-2.174572050571441650e-01,-1.097330823540687561e-01,6.465169787406921387e-02,6.999672204256057739e-02,2.744264341890811920e-02,-5.679222941398620605e-02,-3.340814709663391113e-01,-2.921071052551269531e-01,-1.121731698513031006e-01,-1.959050595760345459e-01,-2.751462906599044800e-02
6.071841716766357422e-01,6.605943441390991211e-01,7.380208373069763184e-01,0.000000000000000000e+00,3.673641979694366455e-01,5.097619295120239258e-01,6.735215783119201660e-01,8.027049303054809570e-01,4.750832915306091309e-01,4.631325900554656982e-01,4.882618039846420288e-02,4.166884422302246094e-01,4.047317206859588623e-01,3.050013482570648193e-01,-1.163782775402069092e-01,-6.818051636219024658e-02,-4.522593319416046143e-01,-2.953849732875823975e-01,5.281314849853515625e-01,5.027787685394287109e-01,-5.484656691551208496e-01,-1.895575821399688721e-01,6.343628168106079102e-01,6.866011023521423340e-01,-1.028499007225036621e-01,7.164195179939270020e-02,2.077623009681701660e-01,3.946683704853057861e-01,-2.467112690210342407e-01,-3.276987969875335693e-01,-9.816467761993408203e-02,2.943501472473144531e-01,2.713265419006347656e-01,2.087447196245193481e-01,4.992220103740692139e-01,3.670394718647003174e-01,-4.820586144924163818e-01,-3.290779590606689453e-01,-4.874342083930969238e-01,-4.714765250682830811e-01,-1.803268641233444214e-01,-4.786221981048583984e-01,-1.900947093963623047e-01,-1.871812194585800171e-01,-5.684141814708709717e-02,-3.021663129329681396e-01,-3.881902992725372314e-01,-4.776885807514190674e-01,-2.414740473031997681e-01,-5.532998964190483093e-02,-3.436350226402282715e-01,-3.129129409790039062e-01,-2.112745195627212524e-01,-1.043679863214492798e-01,-2.516399323940277100e-01,-3.172771334648132324e-01,2.687281668186187744e-01,5.020031332969665527e-01,4.460973739624023438e-01,4.705309569835662842e-01,1.882684528827667236e-01,4.080746471881866455e-01,-1.528192758560180664e-01,1.397515982389450073e-01,-3.055057674646377563e-02,1.687780618667602539e-01,4.627593159675598145e-01,5.264850854873657227e-01,5.754877328872680664e-01,5.511661171913146973e-01,5.313267111778259277e-01,2.789312005043029785e-01,3.304612636566162109e-01,4.259192347526550293e-01,4.459558799862861633e-02,-1.614451408386230469e-01,2.029178589582443237e-01,3.762441575527191162e-01,-2.599091455340385437e-02,-3.653141111135482788e-02,-3.542159497737884521e-01,-1.713445037603378296e-01,-4.648087620735168457e-01,-5.713790059089660645e-01,-1.878946572542190552e-01,-3.396616578102111816e-01,-1.227700114250183105e-01,-1.728600561618804932e-01,4.665185231715440750e-03,6.703018397092819214e-02,-1.419517099857330322e-01,-1.207690387964248657e-01,-2.481234669685363770e-01,-2.663359642028808594e-01,-2.310479432344436646e-01,-3.285755217075347900e-01,-3.078030049800872803e-01,-2.220416665077209473e-01,-2.824554443359375000e-01,-2.572361230850219727e-01,6.242911331355571747e-03,-1.466898769140243530e-01,2.493901178240776062e-02,9.387359768152236938e-02,-2.761950194835662842e-01,-2.471159100532531738e-01,-1.507201790809631348e-01,-3.211371973156929016e-02,1.907771453261375427e-02,-6.078438833355903625e-03,-2.921688556671142578e-02,-3.369255363941192627e-01,-2.250149995088577271e-01,-1.277243345975875854e-01,-2.480156868696212769e-01,-2.344573661684989929e-02
1.189607232809066772e-01,1.227334737777709961e-01,3.111724853515625000e-01,3.673641979694366455e-01,0.000000000000000000e+00,7.702222466468811035e-01,9.661094099283218384e-02,2.346362918615341187e-01,5.695869326591491699e-01,7.522366046905517578e-01,-1.629930436611175537e-01,2.672769427299499512e-01,6.635964661836624146e-02,2.219544351100921631e-01,2.778393924236297607e-01,4.553125202655792236e-01,-1.009800583124160767e-01,3.869223594665527344e-02,-6.935476511716842651e-02,-4.291886091232299805e-02,5.770424380898475647e-02,8.739317208528518677e-02,3.369093537330627441e-01,4.660528600215911865e-01,4.551354944705963135e-01,6.052596569061279297e-01,5.980821251869201660e-01,5.478116273880004883e-01,-1.812803186476230621e-02,-5.519976839423179626e-04,4.192524254322052002e-01,4.628415405750274658e-01,2.311385795474052429e-02,-6.057192757725715637e-02,1.063360124826431274e-01,1.105357408523559570e-01,-1.548371557146310806e-02,3.203845024108886719e-02,1.159486919641494751e-02,4.081228375434875488e-02,-3.028392791748046875e-02,-1.362798810005187988e-01,2.075200080871582031e-01,2.227310389280319214e-01,1.342675532214343548e-03,-1.402878016233444214e-02,-3.957605361938476562e-02,7.641047239303588867e-03,-1.487032175064086914e-01,-3.375076502561569214e-02,-2.084858268499374390e-01,-2.337404638528823853e-01,-1.574672311544418335e-01,-2.791495621204376221e-01,1.249409615993499756e-01,7.519969716668128967e-03,1.716741472482681274e-01,2.574791908264160156e-01,2.082480639219284058e-01,9.429656714200973511e-02,-1.451216936111450195e-01,-6.951480172574520111e-03,-6.157269328832626343e-02,2.795349061489105225e-02,-1.643578261137008667e-01,7.265155017375946045e-02,2.938633859157562256e-01,3.338322639465332031e-01,-1.508495956659317017e-02,6.718917191028594971e-02,2.503521740436553955e-01,5.676500499248504639e-02,2.259688265621662140e-02,-7.277841866016387939e-02,2.098996341228485107e-01,-2.877118587493896484e-01,-5.219987407326698303e-02,4.441904649138450623e-02,9.227293729782104492e-02,1.461371034383773804e-01,-1.001286879181861877e-02,2.996472828090190887e-02,6.137568876147270203e-02,2.966923930216580629e-04,6.889609247446060181e-02,-1.246761530637741089e-01,3.686632812023162842e-01,3.313590884208679199e-01,1.168354153633117676e-01,1.499359263107180595e-03,-8.163026720285415649e-02,-1.477889120578765869e-01,-2.513131201267242432e-01,-2.830987274646759033e-01,-2.654852904379367828e-02,-2.160068135708570480e-03,-6.243892386555671692e-02,-3.782381862401962280e-02,-2.089149802923202515e-01,-1.799008548259735107e-01,2.484553679823875427e-02,-3.414880931377410889e-01,1.559077352285385132e-01,1.298644691705703735e-01,-3.804157674312591553e-02,-2.415110543370246887e-02,-1.778753250837326050e-01,5.301849544048309326e-02,2.734295092523097992e-03,-4.155363142490386963e-02,-1.868044584989547729e-01,-2.882552742958068848e-01,-2.583454847335815430e-01,-1.243357285857200623e-01,-6.995239853858947754e-02,-1.070088967680931091e-01
2.446762025356292725e-01,2.146602571010589600e-01,4.069826006889343262e-01,5.097619295120239258e-01,7.702222466468811035e-01,0.000000000000000000e+00,2.450971305370330811e-01,4.096030890941619873e-01,4.621033966541290283e-01,8.107448220252990723e-01,-9.772836416959762573e-02,4.046687483787536621e-01,1.803928166627883911e-01,3.934502303600311279e-01,7.784856855869293213e-02,3.962335288524627686e-01,-1.547565758228302002e-01,5.404227599501609802e-02,1.043772045522928238e-02,3.235639631748199463e-02,-1.323081552982330322e-01,-3.354528686031699181e-03,4.405018985271453857e-01,5.530050396919250488e-01,4.176167547702789307e-01,5.511883497238159180e-01,4.827053248882293701e-01,5.143287181854248047e-01,-1.900079473853111267e-02,-2.082200162112712860e-02,3.850635886192321777e-01,5.008450746536254883e-01,9.313590079545974731e-02,1.990716718137264252e-02,2.462256550788879395e-01,1.953908950090408325e-01,-1.119905710220336914e-01,-6.046576052904129028e-02,-2.014432400465011597e-01,-1.109197363257408142e-01,-4.363611340522766113e-02,-2.094656080007553101e-01,1.289011389017105103e-01,1.235956028103828430e-01,6.925219204276800156e-03,-4.473003372550010681e-02,-4.549174755811691284e-02,-5.307527631521224976e-02,-1.278201788663864136e-01,-4.306343570351600647e-02,-2.137826383113861084e-01,-2.535767853260040283e-01,-7.069908827543258667e-02,-2.139125764369964600e-01,1.166169792413711548e-01,-3.232776746153831482e-02,2.469814270734786987e-01,3.400093615055084229e-01,3.265205919742584229e-01,2.215005308389663696e-01,-2.120094373822212219e-02,1.256997436285018921e-01,-8.494558930397033691e-02,1.152487993240356445e-01,-9.634073823690414429e-02,1.097099259495735168e-01,3.595106303691864014e-01,4.004670381546020508e-01,4.942272603511810303e-02,1.786692589521408081e-01,4.151786267757415771e-01,2.070199400186538696e-01,1.142170727252960205e-01,7.878056913614273071e-02,6.980235874652862549e-02,-4.130777716636657715e-01,-4.061365872621536255e-02,9.177866578102111816e-02,8.045689761638641357e-02,1.617099195718765259e-01,-3.145201504230499268e-02,3.193501010537147522e-02,-1.413594186305999756e-01,-1.844168454408645630e-01,1.265146303921937943e-02,-2.310251593589782715e-01,1.753091067075729370e-01,1.018756926059722900e-01,1.299585402011871338e-01,-4.137338325381278992e-02,-7.693857885897159576e-03,-7.803229987621307373e-02,-1.593991667032241821e-01,-2.401591539382934570e-01,-7.468686997890472412e-02,-1.009650006890296936e-01,-5.435059964656829834e-02,-4.523048177361488342e-02,-9.396415203809738159e-02,-7.716607302427291870e-02,1.469231247901916504e-01,-1.548022329807281494e-01,2.075927853584289551e-01,2.083175331354141235e-01,-6.889838725328445435e-02,-6.691047549247741699e-02,-1.292658001184463501e-01,5.594394728541374207e-02,-4.330110922455787659e-02,-1.087000668048858643e-01,-9.569546580314636230e-02,-2.480855584144592285e-01,-1.422532498836517334e-01,-6.753838062286376953e-02,-6.037417426705360413e-02,3.908320143818855286e-02
6.801487803459167480e-01,6.833162307739257812e-01,7.421415448188781738e-01,6.735215783119201660e-01,9.661094099283218384e-02,2.450971305370330811e-01,0.000000000000000000e+00,6.755390763282775879e-01,2.738638222217559814e-01,1.798577159643173218e-01,3.224036991596221924e-01,4.298086464405059814e-01,5.416920781135559082e-01,2.748872637748718262e-01,-1.185731664299964905e-01,-3.019820451736450195e-01,-2.652508914470672607e-01,-1.457880735397338867e-01,6.942787170410156250e-01,6.537052989006042480e-01,-5.466228127479553223e-01,-1.613829284906387329e-01,6.361627578735351562e-01,6.033374667167663574e-01,-1.991019695997238159e-01,-1.053258031606674194e-01,-7.482097134925425053e-04,1.998967230319976807e-01,-5.973985791206359863e-02,-2.041546702384948730e-01,-1.216661706566810608e-01,2.784498035907745361e-01,4.728248417377471924e-01,3.907091915607452393e-01,4.754859507083892822e-01,2.691362500190734863e-01,-4.822025597095489502e-01,-3.883205354213714600e-01,-4.442301392555236816e-01,-4.601111114025115967e-01,-1.989151239395141602e-01,-4.224405884742736816e-01,-2.006076872348785400e-01,-1.888491213321685791e-01,-2.180482633411884308e-02,-2.983673214912414551e-01,-3.243677318096160889e-01,-4.930250644683837891e-01,-2.054890841245651245e-01,-9.620964527130126953e-02,-3.323134481906890869e-01,-2.613818943500518799e-01,-2.296466082334518433e-01,-7.983630895614624023e-02,-4.210716485977172852e-01,-3.929918110370635986e-01,3.780257403850555420e-01,5.167981982231140137e-01,3.778273165225982666e-01,4.116507172584533691e-01,3.503011465072631836e-01,4.666323065757751465e-01,5.564999952912330627e-02,2.950490415096282959e-01,2.046627551317214966e-01,1.692385524511337280e-01,4.436046481132507324e-01,3.823032379150390625e-01,6.044678688049316406e-01,6.059710383415222168e-01,4.534721672534942627e-01,2.237962782382965088e-01,4.910055696964263916e-01,5.224756002426147461e-01,-8.596741408109664917e-02,-3.546208143234252930e-02,2.807276248931884766e-01,4.062694907188415527e-01,7.589890062808990479e-02,6.473608314990997314e-02,-2.330605983734130859e-01,-4.964913800358772278e-02,-4.087134301662445068e-01,-5.474655032157897949e-01,-1.437104344367980957e-01,-3.230928182601928711e-01,-2.431812733411788940e-01,-2.533194124698638916e-01,-1.506208479404449463e-01,-8.317088335752487183e-02,-2.683461308479309082e-01,-1.583123654127120972e-01,-2.883751690387725830e-01,-2.778811454772949219e-01,-1.434408575296401978e-01,-2.859986424446105957e-01,-2.248388677835464478e-01,-1.605921685695648193e-01,-2.515357136726379395e-01,-1.751309484243392944e-01,-3.399507608264684677e-03,-1.627492904663085938e-02,-5.354589223861694336e-02,2.394524775445461273e-02,-2.861019670963287354e-01,-2.725246548652648926e-01,-1.116115599870681763e-01,-1.125364080071449280e-01,4.220562055706977844e-02,1.055022235959768295e-02,-4.032446444034576416e-02,-2.538910508155822754e-01,-2.171676903963088989e-01,3.681437671184539795e-02,-1.807826906442642212e-01,-3.661811351776123047e-02
5.334788560867309570e-01,5.728202462196350098e-01,6.798484921455383301e-01,8.027049303054809570e-01,2.346362918615341187e-01,4.096030890941619873e-01,6.755390763282775879e-01,0.000000000000000000e+00,4.064827859401702881e-01,4.299514889717102051e-01,1.072848439216613770e-01,4.553655385971069336e-01,4.078400731086730957e-01,3.421206176280975342e-01,-1.833957731723785400e-01,-6.157048791646957397e-02,-4.158447980880737305e-01,-2.878149449825286865e-01,4.907974004745483398e-01,4.507629573345184326e-01,-4.963562786579132080e-01,-1.468195021152496338e-01,5.785374045372009277e-01,6.895680427551269531e-01,-1.283455491065979004e-01,1.436488516628742218e-02,8.643696457147598267e-02,3.129458129405975342e-01,-1.831457167863845825e-01,-2.639202177524566650e-01,-9.083906561136245728e-02,2.760769426822662354e-01,2.633785009384155273e-01,2.633491158485412598e-01,4.065703749656677246e-01,3.073502480983734131e-01,-4.434447884559631348e-01,-3.366305828094482422e-01,-4.927332997322082520e-01,-4.707415103912353516e-01,-1.567800939083099365e-01,-3.681561052799224854e-01,-2.858239412307739258e-01,-2.893484532833099365e-01,-9.105025976896286011e-02,-2.911179065704345703e-01,-3.781003355979919434e-01,-4.607702493667602539e-01,-2.301320582628250122e-01,-6.286301463842391968e-02,-3.678535223007202148e-01,-3.351016342639923096e-01,-2.573465108871459961e-01,-8.906919509172439575e-02,-2.870497107505798340e-01,-3.826947808265686035e-01,1.621667444705963135e-01,3.882229030132293701e-01,3.905123174190521240e-01,4.471852481365203857e-01,1.945171207189559937e-01,5.175178050994873047e-01,-1.045528650283813477e-01,2.388939261436462402e-01,1.901509985327720642e-02,2.281941026449203491e-01,4.024747908115386963e-01,4.733648896217346191e-01,5.228184461593627930e-01,4.802223742008209229e-01,5.483003258705139160e-01,3.594772219657897949e-01,3.917719125747680664e-01,4.710820317268371582e-01,-6.284496933221817017e-02,-1.940476149320602417e-01,2.447755485773086548e-01,3.926098346710205078e-01,-7.043395191431045532e-02,-1.936329156160354614e-02,-3.479417562484741211e-01,-1.190582141280174255e-01,-4.996792972087860107e-01,-5.638450980186462402e-01,-2.167125493288040161e-01,-3.328776359558105469e-01,-2.709417343139648438e-01,-3.266502618789672852e-01,-5.254951491951942444e-02,6.450069695711135864e-02,-3.549375385046005249e-02,-3.117724694311618805e-02,-1.409209370613098145e-01,-1.734885573387145996e-01,-2.196074724197387695e-01,-2.571691572666168213e-01,-2.747978270053863525e-01,-1.982497572898864746e-01,-1.781828552484512329e-01,-1.571105271577835083e-01,8.518384397029876709e-02,-2.686018496751785278e-02,8.604326099157333374e-02,2.009178996086120605e-01,-2.835659384727478027e-01,-2.680785059928894043e-01,-6.626020371913909912e-02,-5.895779468119144440e-03,4.463159665465354919e-02,3.207261860370635986e-02,-1.846874319016933441e-02,-2.926714420318603516e-01,-1.711076796054840088e-01,-9.684158116579055786e-02,-2.032521218061447144e-01,-8.581335097551345825e-02
2.246095240116119385e-01,2.944870293140411377e-01,3.729201257228851318e-01,4.750832915306091309e-01,5.695869326591491699e-01,4.621033966541290283e-01,2.738638222217559814e-01,4.064827859401702881e-01,0.000000000000000000e+00,4.920584559440612793e-01,1.001921966671943665e-01,1.277804821729660034e-01,2.932302057743072510e-01,3.281072527170181274e-02,3.778766393661499023e-01,3.002789020538330078e-01,-1.923781633377075195e-01,-6.325766444206237793e-02,1.080457121133804321e-01,1.400349140167236328e-01,-3.190907090902328491e-02,1.197528019547462463e-01,3.955741822719573975e-01,5.013166666030883789e-01,2.592447400093078613e-01,4.243299663066864014e-01,4.900400936603546143e-01,6.878316402435302734e-01,-7.358431816101074219e-02,-7.802668213844299316e-02,1.595968157052993774e-01,3.328253030776977539e-01,1.100315451622009277e-01,2.432334003970026970e-03,1.320778727531433105e-01,1.339318156242370605e-01,-1.865057349205017090e-01,-5.421669781208038330e-02,-3.789271041750907898e-02,-2.690241299569606781e-02,-1.605549305677413940e-01,-2.025431841611862183e-01,-1.376473158597946167e-01,-5.917121097445487976e-02,-7.985936105251312256e-02,-1.698698997497558594e-01,-3.844650387763977051e-01,-3.690252006053924561e-01,-3.078625798225402832e-01,-7.497325539588928223e-02,-3.906883597373962402e-01,-3.684805631637573242e-01,-4.490632414817810059e-01,-3.588363826274871826e-01,-1.746238619089126587e-01,-1.810070425271987915e-01,1.387598514556884766e-01,2.131551355123519897e-01,2.360430806875228882e-01,2.035643011331558228e-01,1.319742798805236816e-01,2.318694740533828735e-01,4.880879446864128113e-02,2.014521956443786621e-01,-3.192615509033203125e-02,2.800025939941406250e-01,3.553161919116973877e-01,3.855932950973510742e-01,1.608552336692810059e-01,1.467003971338272095e-01,2.584722340106964111e-01,8.320406824350357056e-02,7.164563983678817749e-02,2.483201399445533752e-02,2.804432511329650879e-01,-5.250681564211845398e-02,4.270157217979431152e-02,1.955754160881042480e-01,1.070658769458532333e-02,1.286917626857757568e-01,-1.229350864887237549e-01,1.691696979105472565e-02,-3.041696734726428986e-02,-1.225776299834251404e-01,-1.282530128955841064e-01,-1.401485949754714966e-01,2.445016801357269287e-01,2.398957759141921997e-01,-6.420614570379257202e-02,1.083539649844169617e-01,-2.200968563556671143e-01,-2.378511875867843628e-01,-4.358111321926116943e-01,-3.969311416149139404e-01,-1.660847291350364685e-02,-1.000477969646453857e-01,-2.119373232126235962e-01,-4.039965197443962097e-02,-2.686386406421661377e-01,-1.497632265090942383e-01,2.865118160843849182e-02,-3.203024864196777344e-01,9.722421318292617798e-02,1.334161907434463501e-01,-1.145165488123893738e-01,-1.027881130576133728e-01,-1.975362747907638550e-01,6.904555112123489380e-02,4.445506632328033447e-02,1.211759746074676514e-01,-1.915675252676010132e-01,-2.608513236045837402e-01,-2.349160015583038330e-01,-5.079708248376846313e-02,-1.841547936201095581e-01,-1.320578902959823608e-01
1.464873552322387695e-01,1.514601707458496094e-01,3.872623443603515625e-01,4.631325900554656982e-01,7.522366046905517578e-01,8.107448220252990723e-01,1.798577159643173218e-01,4.299514889717102051e-01,4.920584559440612793e-01,0.000000000000000000e+00,-1.545364707708358765e-01,4.210339486598968506e-01,1.257177144289016724e-01,4.340060651302337646e-01,9.304133802652359009e-02,4.688128530979156494e-01,-1.424764692783355713e-01,4.486252553761005402e-03,-3.830313682556152344e-02,-8.219700306653976440e-03,-5.990796163678169250e-02,4.874694719910621643e-02,3.867090046405792236e-01,5.651431679725646973e-01,4.266954362392425537e-01,5.571414232254028320e-01,4.986104965209960938e-01,4.880031645298004150e-01,-4.564156383275985718e-02,-1.174295041710138321e-02,3.953316211700439453e-01,4.571998417377471924e-01,-3.676617052406072617e-03,-2.154521271586418152e-02,1.839654743671417236e-01,1.736203581094741821e-01,-7.055452466011047363e-02,-1.999104209244251251e-02,-1.502154618501663208e-01,-5.913743749260902405e-02,3.864362463355064392e-02,-1.278446614742279053e-01,5.437165871262550354e-02,5.192595720291137695e-02,-8.347408473491668701e-02,-9.523936361074447632e-02,-3.926791250705718994e-02,-5.178005248308181763e-02,-1.817345172166824341e-01,-1.489650011062622070e-01,-2.542851269245147705e-01,-3.361887633800506592e-01,-9.056700766086578369e-02,-1.761704087257385254e-01,1.059009954333305359e-01,-5.946141481399536133e-02,1.464637964963912964e-01,2.474845498800277710e-01,2.532582879066467285e-01,1.457125544548034668e-01,-9.425163269042968750e-02,1.222405806183815002e-01,-1.057525426149368286e-01,1.062294021248817444e-01,-1.019850894808769226e-01,9.065537154674530029e-02,2.734516859054565430e-01,3.236224353313446045e-01,2.122996374964714050e-02,1.446253657341003418e-01,4.189909100532531738e-01,2.489703446626663208e-01,1.032428964972496033e-01,5.498599261045455933e-02,3.981230407953262329e-02,-4.325265288352966309e-01,-3.695494309067726135e-02,8.622170239686965942e-02,1.533781178295612335e-02,1.596471071243286133e-01,-6.673212349414825439e-02,5.294539034366607666e-02,-1.303547024726867676e-01,-1.190553978085517883e-01,1.904606446623802185e-02,-2.702805995941162109e-01,1.301763355731964111e-01,8.436797559261322021e-02,1.416193991899490356e-01,4.566389322280883789e-02,7.935224473476409912e-02,-4.792868159711360931e-03,-1.176909804344177246e-01,-1.563387066125869751e-01,-1.073124483227729797e-01,-7.010740786790847778e-02,-3.794828429818153381e-02,-2.540553919970989227e-02,-4.346542432904243469e-02,-5.233605206012725830e-02,2.243376225233078003e-01,-9.079025685787200928e-02,2.866687476634979248e-01,3.244855105876922607e-01,-8.541017025709152222e-02,-5.276533961296081543e-02,-8.588930219411849976e-02,1.355154365301132202e-01,1.740531995892524719e-02,-9.016784839332103729e-03,-8.933353424072265625e-02,-2.311320602893829346e-01,-1.637486070394515991e-01,-1.291981190443038940e-01,-1.197283491492271423e-01,-4.561436176300048828e-02
3.155364394187927246e-01,2.053420543670654297e-01,1.411978751420974731e-01,4.882618039846420288e-02,-1.629930436611175537e-01,-9.772836416959762573e-02,3.224036991596221924e-01,1.072848439216613770e-01,1.001921966671943665e-01,-1.545364707708358765e-01,0.000000000000000000e+00,3.096592724323272705e-01,6.491211652755737305e-01,1.218783706426620483e-01,2.675096690654754639e-01,-1.478901226073503494e-02,3.805293738842010498e-01,4.146671295166015625e-01,2.641073465347290039e-01,3.351000845432281494e-01,3.648734465241432190e-02,2.512761354446411133e-01,3.051590919494628906e-01,2.083329111337661743e-01,2.045212984085083008e-01,6.874805688858032227e-02,-2.086797030642628670e-03,1.646696776151657104e-01,3.700048029422760010e-01,3.968203663825988770e-01,2.772085666656494141e-01,2.788938879966735840e-01,5.321980714797973633e-01,4.304345846176147461e-01,-4.483210388571023941e-03,-2.073407471179962158e-01,-2.243568897247314453e-01,-2.631910443305969238e-01,6.417780369520187378e-02,1.092613264918327332e-01,-1.754525601863861084e-01,9.193297475576400757e-02,-2.435927838087081909e-02,3.691584337502717972e-03,1.417320668697357178e-01,4.047692567110061646e-02,-1.922896504402160645e-01,-3.629366755485534668e-01,4.196405038237571716e-02,3.992772474884986877e-02,-7.205598801374435425e-02,-5.511170253157615662e-02,-2.293097078800201416e-01,-1.945006251335144043e-01,-4.048241376876831055e-01,-1.774608194828033447e-01,3.851798772811889648e-01,1.709907799959182739e-01,1.620893180370330811e-01,1.099285855889320374e-01,5.674707889556884766e-01,4.042456746101379395e-01,5.669934153556823730e-01,6.179908514022827148e-01,4.484714567661285400e-01,4.802971482276916504e-01,2.394308298826217651e-01,1.390235573053359985e-01,4.417671263217926025e-02,2.595731019973754883e-01,6.641808152198791504e-02,-1.244994625449180603e-01,2.939961254596710205e-01,3.361780047416687012e-01,7.345829904079437256e-02,2.356642931699752808e-01,6.221897527575492859e-02,6.220509111881256104e-02,4.149115979671478271e-01,3.301840722560882568e-01,3.002862334251403809e-01,4.116806685924530029e-01,1.451793909072875977e-01,-5.672530084848403931e-02,-1.334448903799057007e-01,1.118346080183982849e-01,-8.813700824975967407e-02,-6.135491654276847839e-03,-3.777574002742767334e-01,-1.030152216553688049e-01,-4.351057410240173340e-01,-3.489294648170471191e-01,-3.437145650386810303e-01,-3.320383131504058838e-01,1.045517697930335999e-01,-1.404495388269424438e-01,-8.668962121009826660e-02,-1.049742382019758224e-02,-2.776412665843963623e-01,-1.735141873359680176e-01,-1.452839523553848267e-01,-2.856012620031833649e-02,-2.042006552219390869e-01,-1.097010895609855652e-01,-1.164466068148612976e-01,-1.367089003324508667e-01,-5.639788508415222168e-02,-1.162847056984901428e-01,-1.075137127190828323e-02,-1.262448281049728394e-01,-2.701970934867858887e-01,-1.524808853864669800e-01,-2.323399186134338379e-01,2.793661504983901978e-02,-9.005223214626312256e-02,-4.399258270859718323e-02
4.784156084060668945e-01,3.702283799648284912e-01,4.228554368019104004e-01,4.166884422302246094e-01,2.672769427299499512e-01,4.046687483787536621e-01,4.298086464405059814e-01,4.553655385971069336e-01,1.277804821729660034e-01,4.210339486598968506e-01,3.096592724323272705e-01,0.000000000000000000e+00,4.529937505722045898e-01,7.642641067504882812e-01,-8.286940865218639374e-03,6.891424208879470825e-02,1.536558419466018677e-01,2.046241015195846558e-01,2.436432242393493652e-01,2.982886433601379395e-01,-1.206320002675056458e-01,2.676436901092529297e-01,4.952608942985534668e-01,4.467846751213073730e-01,3.123348057270050049e-01,2.754413783550262451e-01,2.982574105262756348e-01,2.351394891738891602e-01,2.010082304477691650e-01,2.873396277427673340e-01,3.395737409591674805e-01,4.204081594944000244e-01,4.050313234329223633e-01,3.844613432884216309e-01,3.199939131736755371e-01,1.295404583215713501e-01,-3.888164758682250977e-01,-2.935245633125305176e-01,-1.804769188165664673e-01,-1.310298591852188110e-01,-2.447731196880340576e-01,-1.244952902197837830e-01,1.934917122125625610e-01,1.743407100439071655e-01,2.988274991512298584e-01,1.590167284011840820e-01,6.833915598690509796e-03,-1.150308772921562195e-01,2.383284419775009155e-01,1.551391631364822388e-01,1.303494209423661232e-03,1.693949848413467407e-02,6.186726689338684082e-02,9.372521191835403442e-02,-1.768415570259094238e-01,-7.276978343725204468e-02,5.192304849624633789e-01,5.522748231887817383e-01,4.672632515430450439e-01,3.940401375293731689e-01,3.344250023365020752e-01,4.082980155944824219e-01,3.284477591514587402e-01,4.022668302059173584e-01,2.328837960958480835e-01,2.879527509212493896e-01,4.089490473270416260e-01,3.898386359214782715e-01,1.105430349707603455e-01,3.943450450897216797e-01,3.181922733783721924e-01,7.507388363592326641e-05,2.844468355178833008e-01,2.863111793994903564e-01,-1.041134595870971680e-01,-2.312486618757247925e-01,5.159030109643936157e-02,1.822840124368667603e-01,3.011072576045989990e-01,4.333779513835906982e-01,7.216435857117176056e-03,2.802783846855163574e-01,-1.249456629157066345e-01,-3.136890828609466553e-01,-2.985801398754119873e-01,-1.290162354707717896e-01,-2.458025366067886353e-01,-9.012390673160552979e-02,-1.016584634780883789e-01,-2.630364522337913513e-02,-2.000317275524139404e-01,-1.157606467604637146e-01,-2.302080541849136353e-01,-2.460507005453109741e-01,-3.086695820093154907e-02,-1.779033541679382324e-01,-2.081446945667266846e-01,-4.788268357515335083e-02,-3.087600171566009521e-01,-2.927255332469940186e-01,-1.462904214859008789e-01,-6.001437827944755554e-02,-1.331669241189956665e-01,2.466432191431522369e-02,-2.550261616706848145e-01,-1.809431463479995728e-01,-4.651939868927001953e-02,-1.042910888791084290e-01,9.085694700479507446e-02,-1.290687322616577148e-01,-2.216021865606307983e-01,-3.914504945278167725e-01,-3.774996697902679443e-01,-2.282048910856246948e-01,-2.178543061017990112e-01,-1.588881164789199829e-01
5.062960982322692871e-01,4.120564460754394531e-01,4.606256783008575439e-01,4.047317206859588623e-01,6.635964661836624146e-02,1.803928166627883911e-01,5.416920781135559082e-01,4.078400731086730957e-01,2.932302057743072510e-01,1.257177144289016724e-01,6.491211652755737305e-01,4.529937505722045898e-01,0.000000000000000000e+00,2.861733138561248779e-01,2.106497734785079956e-01,3.390471264719963074e-02,8.521775156259536743e-02,1.604661941528320312e-01,3.651487529277801514e-01,4.473442137241363525e-01,-1.705173403024673462e-01,5.920016393065452576e-02,5.265974402427673340e-01,5.050581693649291992e-01,1.794279664754867554e-01,2.189292609691619873e-01,1.393318176269531250e-01,2.825608253479003906e-01,2.493390589952468872e-01,1.443259567022323608e-01,1.619219630956649780e-01,3.624151945114135742e-01,5.388349294662475586e-01,4.742849469184875488e-01,3.414776325225830078e-01,1.374697387218475342e-01,-3.405483067035675049e-01,-2.875183224678039551e-01,-1.383514702320098877e-01,-8.038295060396194458e-02,-1.998941004276275635e-01,-8.377510309219360352e-02,-2.718908898532390594e-02,-9.582128375768661499e-03,6.201012805104255676e-02,-1.419763565063476562e-01,-2.928835451602935791e-01,-4.330641329288482666e-01,-5.490939691662788391e-02,-6.715134531259536743e-02,-1.419192403554916382e-01,-1.780279874801635742e-01,-2.159916311502456665e-01,-1.590012311935424805e-01,-3.862257599830627441e-01,-2.536132037639617920e-01,4.406131505966186523e-01,3.661856651306152344e-01,3.611526191234588623e-01,2.447831183671951294e-01,5.215389132499694824e-01,4.678899049758911133e-01,3.556077182292938232e-01,4.821911454200744629e-01,3.965308666229248047e-01,4.482501447200775146e-01,4.876517057418823242e-01,4.077476263046264648e-01,2.520744800567626953e-01,4.533675312995910645e-01,2.514384686946868896e-01,1.231906469911336899e-02,3.387168049812316895e-01,4.391988217830657959e-01,1.422747671604156494e-01,1.039408072829246521e-01,1.910179108381271362e-01,2.767031490802764893e-01,3.746824562549591064e-01,2.687632143497467041e-01,8.610096573829650879e-02,1.994176954030990601e-01,-9.726161509752273560e-02,-3.126536607742309570e-01,-1.094745323061943054e-01,-3.783616796135902405e-02,-1.688368469476699829e-01,-1.126573905348777771e-01,-2.321629524230957031e-01,1.156995911151170731e-02,-3.756681978702545166e-01,-2.555420100688934326e-01,-3.378389477729797363e-01,-3.333965241909027100e-01,-9.265918284654617310e-02,-2.470726370811462402e-01,-2.092393338680267334e-01,-1.545864343643188477e-01,-3.641960918903350830e-01,-2.754343748092651367e-01,-1.580625176429748535e-01,-9.062021225690841675e-02,-1.373911947011947632e-01,-6.802324205636978149e-02,-2.377993315458297729e-01,-2.350919991731643677e-01,-1.305040866136550903e-01,-1.105969026684761047e-01,-3.771847486495971680e-02,-1.057303249835968018e-01,-1.607467532157897949e-01,-3.145872056484222412e-01,-3.287257254123687744e-01,-1.423396635800600052e-02,-1.244039386510848999e-01,-1.191821694374084473e-01
